includes/gis/ASCII_5k/mod13q1_ndvi_2014_129.tif.txt
ncols         25
nrows         20
xllcorner     257482.3972
yllcorner     9670060.6647
cellsize      5000
NODATA_value  -9999
2708 3947 1439 5983 1801 5037 2330 762 4431 4516 5139 5618 5728 5477 2384 3749 3525 4593 4246 4839 4396 4547 4082 4126 3827 
1659 4618 4398 4798 6501 5591 5144 5091 3179 5462 4322 4365 3852 3802 2456 3137 3553 4721 4778 4298 4172 4476 4419 5207 4476 
2851 2198 4797 5303 4272 6249 5814 5036 1560 4396 3598 3064 3948 3799 2980 3453 3507 3050 4444 4105 5471 4953 4902 4413 4687 
2440 3075 1437 2993 3832 5490 6355 4630 4672 4240 3815 3069 3683 3035 2977 3210 4117 3539 3829 4812 4138 3936 4893 4117 4404 
1710 4753 2057 2728 5096 5624 2114 2733 3713 4045 3559 3449 3371 3818 2910 3114 2777 3733 3079 5872 5230 5009 4187 4879 5062 
3896 4543 4232 3377 2172 4002 3844 2903 4610 3628 5130 3743 2999 3142 2892 3019 3282 2644 3739 6097 6574 5365 5380 4778 4393 
1736 5878 4019 4876 5557 1972 4531 2777 3065 2710 3455 3169 2706 3604 3636 1889 2991 3028 3448 5123 5078 6776 4275 4802 5214 
4157 4206 3500 4113 3795 903 3527 3629 3017 2298 4967 3089 1131 4192 2757 2955 4299 2553 3152 4060 4204 5987 6371 5759 6237 
2755 3787 1872 3345 4395 3573 5083 3422 4489 2075 3314 2938 2953 2102 2805 2695 2834 3165 3457 3170 6488 6060 6381 6672 7665 
4073 3055 3350 3833 2279 2386 4172 3400 2384 2159 2882 2318 3264 3937 3247 2748 3197 3500 3136 3860 4431 6737 7140 7055 6884 
4025 5479 4210 3838 3981 4248 2848 1635 3425 2248 2753 4240 4117 4801 3467 3412 4058 4526 3263 3613 3926 7041 7603 7374 7109 
3106 1800 4128 3212 3582 3531 1629 2531 1394 2430 3766 2533 3216 3568 4088 3067 3326 4066 3797 3942 4638 6974 6929 7578 7430 
1400 2909 631 3800 3479 3862 1284 3166 3845 2450 4310 1530 2328 2883 3332 3517 3216 4051 3179 2596 4219 4698 7066 4804 7574 
3163 2363 2808 2665 2771 1716 1605 3275 2778 6827 3961 2194 2630 3028 2417 3259 4012 3443 6085 2357 3596 4551 8543 6524 7493 
2703 2503 578 2336 4165 2407 4290 2580 2274 3538 2189 2040 2771 3400 3718 6454 3302 2669 2500 5002 2085 2734 4105 6486 5599 
3290 1997 2903 2169 2822 4029 4616 5336 3397 5281 2573 4698 2738 1908 3999 3217 3225 3383 2784 2903 3612 4233 3994 2488 4092 
2696 3073 1990 1583 4126 2979 4534 5770 3314 4369 2539 912 2718 3738 2308 4415 2738 3667 2599 2225 4175 3246 5201 7008 3650 
4228 2610 3412 4279 2990 6418 7900 7758 6177 2902 1259 2128 3231 4861 3280 3939 4419 3477 2752 4274 3778 2971 3071 3022 5349 
3461 4288 4503 4840 6319 6106 3936 1397 7456 4393 735 5126 1945 4806 6192 5646 6156 5671 4244 4829 5208 4119 2052 3472 4862 
3640 4799 5649 6565 3942 8277 6508 6779 1607 2895 277 343 1898 5840 8563 8146 6137 5793 4483 5121 4657 -9999 3228 3238 4332 
