includes/gis/ASCII_5k/mod13q1_ndvi_2012_225.tif.txt
ncols         25
nrows         20
xllcorner     257482.3972
yllcorner     9670060.6647
cellsize      5000
NODATA_value  -9999
4049 3348 4122 3821 4003 3649 3596 2650 2619 3080 2993 3525 3290 3904 2151 1622 2062 2721 2936 3222 2571 2435 2385 2387 2228 
3973 3977 3224 4193 4162 3358 3449 2976 2250 3145 2913 3029 3155 2641 2393 2561 2547 3081 2882 2917 2748 3023 2572 2972 3214 
4148 4188 3799 2946 3546 3163 3483 3022 3374 2670 2751 2399 2823 2895 2466 2303 2367 2181 2739 2922 3992 3270 2754 2776 3012 
3863 4696 2992 3086 2539 3261 3461 3371 2839 3485 2626 2578 2783 2128 2117 2430 2259 2260 2444 5148 2986 2473 2800 2738 3106 
3612 3151 2893 2885 3068 4998 3536 3487 2759 3357 2943 2905 2659 3468 2271 2145 2758 2575 2333 4637 3370 3232 2657 2778 2970 
2736 3710 3724 3049 2947 3794 3096 3146 3300 2774 4899 2373 2670 2573 2107 2482 2621 2272 3018 4802 4292 3395 3140 3306 3149 
3740 3764 4138 3637 2907 2724 3798 2937 2492 2361 2709 2982 2681 2768 2989 2795 2627 2626 2798 3630 3827 5702 3393 3075 3327 
3142 3266 3598 3904 2671 2993 3029 2945 3233 3293 4077 3095 2380 3362 2159 2498 2341 2358 2141 3097 4665 6018 5076 4122 4327 
2795 3375 4163 2934 3437 2908 3071 2622 3033 3679 2623 2683 3133 2668 2210 2091 2054 2554 2656 2376 5950 5208 5404 5882 4647 
3289 2661 3174 3191 2752 2455 2594 2625 2764 2228 2981 2443 2497 2569 2381 2080 2238 2172 2067 2421 3080 5652 5337 5923 4572 
3014 3212 2236 1951 2366 2247 2223 1659 2238 2015 2529 3405 2272 2487 2210 1958 2346 2286 2081 1992 2420 4892 4111 5670 5006 
2153 2202 2382 2183 2021 2064 1884 1722 973 2092 2317 2174 2362 2455 2301 1965 1950 2182 2161 2023 2430 5668 4771 3183 5216 
2425 2169 1816 2063 2003 2114 1311 2401 2121 1671 2356 1797 2123 2163 2179 2268 1911 2153 1942 1967 2854 3077 3853 7528 4839 
2587 1930 2057 1948 3183 1628 1387 2306 1991 5021 3484 1971 2303 1854 2043 2149 2564 1946 3958 1490 2787 2751 3818 4017 5970 
2559 2093 1504 1886 3080 2196 2934 2047 1777 2048 2010 1931 2247 2467 2098 5218 2056 1955 1888 2777 2037 1872 4794 3100 4804 
2231 1678 1679 1857 1907 2266 2729 2203 2401 2663 2378 2583 2146 2297 2248 1992 2521 2660 1868 2053 2455 2198 4477 2872 3212 
2102 2100 1259 2093 2111 2780 2635 2759 3015 2820 1953 3598 3058 2706 2475 2395 2320 2854 2510 1504 3314 2261 2350 2601 4083 
2354 1473 1933 2069 2436 3072 2889 3336 6942 1445 2675 2290 4044 1852 2041 2251 2778 2303 2283 3333 2331 2005 2076 2424 2954 
1359 1529 1785 2232 2116 2469 4281 8120 7588 3701 5252 2771 4017 952 2202 3048 2653 2627 2617 2672 1906 2034 1638 2900 4131 
1842 1641 2178 2303 2060 3157 6915 7143 6340 5408 5710 5560 4759 2834 6744 6360 4160 3545 2148 3065 2973 2398 2474 1981 2831 
