includes/gis/ASCII_5k/mod13q1_ndvi_2011_337.tif.txt
ncols         25
nrows         20
xllcorner     257482.3972
yllcorner     9670060.6647
cellsize      5000
NODATA_value  -9999
7091 6116 6494 7075 7016 6479 6105 6057 6126 7018 6063 6255 7275 7120 6808 6126 4054 5632 6912 6517 4830 5705 6037 5416 5594 
7454 7004 6533 6574 7220 6570 5828 6300 5330 6938 6217 6232 5984 6236 7311 8054 7444 6189 6418 5568 7087 6608 6425 7761 7808 
6766 7248 7748 6236 5488 5900 5558 5142 5444 5119 5435 5734 5694 7463 7936 6507 6951 4654 6237 6841 7832 8187 6929 5668 6506 
7276 7870 6980 7291 5230 4846 6242 5815 5015 5811 3899 4983 5842 6400 7634 7533 7579 6464 5297 8144 7390 6160 6535 5041 7185 
6835 7287 6840 6772 6109 6512 5345 4953 3039 3987 4496 5916 6001 6428 5555 5727 7329 7609 5154 7724 7186 6333 5083 7198 6863 
5804 6987 7415 6061 5023 6454 4567 4577 3463 4760 6308 4908 4737 5198 4387 6812 7119 6387 6434 7523 7996 7986 6010 5705 6281 
6162 6536 7395 7185 6572 5706 4441 4125 3893 3608 4067 3708 5177 5574 5582 6685 6950 6183 5893 6334 6287 7741 6360 5749 6294 
6883 6122 6474 6851 5417 4632 4481 5071 4256 2446 6787 4644 5379 5478 5014 5372 5205 5775 6080 6002 7155 7667 8502 8351 8659 
6699 6203 6328 6175 7311 5062 5665 4839 3001 2721 4687 5983 5796 4790 3924 4712 4771 6983 6942 6591 6605 7737 6497 7863 8468 
5631 5243 6664 6069 5522 5349 4839 3940 2459 3446 5241 4453 3842 3956 4759 3867 4261 6705 5818 6156 7420 7103 8294 8502 8540 
6334 7399 5489 4982 3857 3632 4373 1518 2552 2919 4010 6470 5376 3923 3981 4556 4877 5847 5050 5215 6240 6840 7954 8435 8693 
5174 3529 3954 3128 3163 2846 4791 1421 1213 2186 2669 4436 2132 4715 5585 2805 4012 6184 6093 4805 6091 7598 8035 8261 8318 
5477 6270 2743 3863 3378 3158 1327 3133 2382 1781 3548 3334 5497 3067 6129 4882 5294 5015 4113 4382 6979 7270 7348 8683 8401 
5434 4221 2923 3110 6171 1828 1480 2998 2999 8183 5175 2296 3785 4795 6596 7236 6647 4913 7911 3531 6117 7028 7861 7337 8375 
4504 5227 2770 4542 6863 2461 3562 4562 4835 7748 4517 6567 6199 5764 6419 8389 6125 5270 4745 7012 6501 5325 7206 7291 8136 
3779 2311 2318 2066 4068 3940 4730 6711 7064 7864 7730 6884 7493 7259 7868 7264 7436 7331 4560 5204 6817 6143 6627 6330 7202 
2524 1891 1953 2256 2550 6421 7190 7428 7321 7079 7576 7031 7013 7453 7470 6933 5858 6920 6451 4906 7041 7473 6769 6977 6197 
5941 3339 2241 3505 4618 7205 7514 8041 8235 8145 8118 5571 5715 6850 5760 6020 7175 5633 5167 6614 6903 7397 6430 6592 7216 
4497 3383 3055 5752 6565 7221 7822 8703 8505 8347 8157 8525 8563 7787 6123 5240 7763 6194 6672 6864 7381 6604 4595 6097 7485 
5115 5097 4612 4159 4674 7033 8594 8805 6440 5820 6118 5984 6261 7312 8522 7933 6124 6925 6757 6568 7324 5903 6656 5492 6480 
