includes/gis/ASCII_5k/mod13q1_ndvi_2001_289.tif.txt
ncols         25
nrows         20
xllcorner     257482.3972
yllcorner     9670060.6647
cellsize      5000
NODATA_value  -9999
2854 2651 3192 3245 3279 2486 3913 2068 2395 2300 2240 3194 3857 3323 2154 2352 2349 2828 2909 3000 2708 2725 2784 2556 2656 
2730 2883 2507 3146 3277 2564 2889 2765 2123 2658 2287 2835 3109 2472 2412 2744 2677 3138 2772 3028 2853 3445 2476 3393 3504 
2782 3695 3416 2452 2947 2756 2747 2152 2945 2356 2418 2346 2343 2844 2356 2469 2477 2474 2928 2514 3678 3507 3194 3474 2954 
3301 3928 2776 2863 2618 2738 2720 2618 2594 3349 2448 2421 2472 2308 2174 2105 2510 2058 2096 4232 2851 2599 3000 2515 3189 
3176 3627 2977 2970 3188 3494 2731 2503 2426 2728 2843 2711 2634 3006 2120 2223 2563 2307 2054 3720 2543 3275 2522 2577 3041 
2604 3265 3530 3024 3378 2949 2499 2473 2575 2589 3733 2949 2233 2316 2025 2222 2607 2091 2480 4374 3873 2741 3517 2898 2631 
2860 3178 3650 3497 2923 2590 2541 2412 2280 2514 2354 2419 2700 2442 2189 2168 1978 2125 2089 2670 2392 4478 2608 2778 3024 
3004 2741 2648 3031 2586 2415 2309 2256 2500 2503 3139 2799 2580 2383 2026 2313 1928 1541 1897 1773 3811 4678 3915 3154 4180 
2787 2800 3221 2941 3044 2575 2543 2339 2444 2508 2450 2163 2626 2188 1939 1900 1638 1810 2038 2719 4393 3823 4203 4315 4873 
2786 2377 2745 2637 2641 2869 2527 2098 2181 2330 2263 2308 2197 2115 2081 1814 1934 1824 1742 2105 3158 3248 5249 5134 3566 
2765 2751 2350 2680 2307 2322 2095 1242 2105 2149 2013 2303 2152 2098 2089 2017 2038 1760 1833 1851 2359 4464 3304 4581 4260 
2563 2268 2529 2275 2143 1874 1775 1638 1107 2003 1863 1851 1894 2096 2038 1860 1752 2003 1779 1805 1971 5488 3802 3226 4523 
2932 1983 2216 2292 2315 1975 1375 4065 2204 1736 2468 1384 1858 2011 2094 1852 1729 1771 1903 1609 2482 2429 3130 7625 3803 
2183 2066 1874 2122 2390 1671 1451 2407 1719 5683 3953 1802 2041 1943 1715 1675 2481 1878 3586 1352 2106 2274 3540 3000 5299 
2275 1999 1480 1817 3592 2046 2756 1860 1807 1929 2066 1707 2164 2013 1846 5194 2282 2090 1870 2477 1691 1695 3867 3082 4218 
2070 1708 1494 1593 1747 1889 2141 2223 1336 1937 2196 2423 2099 2157 2090 1779 2229 2184 1844 2023 2137 1806 3431 1861 3074 
1813 1755 1468 1799 2180 2671 2677 2224 2581 2526 2372 2468 2634 2740 2618 2284 1911 2921 2280 1676 2285 2058 1960 2630 3538 
1982 1452 1800 1819 2328 2554 2750 2180 5908 6533 2909 2269 2172 2565 2394 1907 1982 2090 2200 2717 2302 1980 1874 2293 2603 
2012 2055 2272 2099 2093 2877 4150 6262 4420 8350 7552 8737 8061 4760 2588 2224 2518 2135 2304 2745 2621 2116 1852 2542 3262 
1954 1924 2295 2543 2079 2468 1273 1322 1253 1850 4178 4732 5583 6785 5711 4482 2299 3082 2377 2665 2708 2505 2452 1904 2260 
