includes/gis/ASCII_5k/mod13q1_ndvi_2002_049.tif.txt
ncols         25
nrows         20
xllcorner     257482.3972
yllcorner     9670060.6647
cellsize      5000
NODATA_value  -9999
6477 5131 5246 5202 5047 3288 4367 3784 2885 2897 2934 4754 4839 4386 2998 3418 2974 4329 5492 4592 4386 3743 4305 4264 4335 
5471 5793 5178 5500 6343 4464 4608 4004 2590 3031 2868 3717 3860 2944 2494 3978 4012 4590 3945 4438 4161 4236 4008 4357 5568 
5361 6211 6293 5239 4780 4251 3455 3775 2897 2772 2738 2680 3354 3662 3001 2827 3151 2889 3781 3884 4985 4648 5303 4968 5517 
5859 6547 4982 5350 3639 3950 4055 4301 3252 3440 2973 3172 3518 2768 2769 2400 2605 3021 3565 5739 5935 4979 5142 4579 6207 
6665 6217 5476 4752 4061 3832 4472 3461 3302 3306 3413 3435 3206 3502 2624 2675 3311 3282 3125 5256 4434 4808 4076 5362 5702 
4647 6000 5715 3758 4369 4111 3041 3165 2997 3118 4426 3423 3038 3043 2372 2563 2810 2595 3805 5578 5761 4794 5737 5347 5628 
5254 6046 5153 4395 3756 3300 3188 2678 2785 3111 3105 3570 3819 3062 2621 2460 2803 2994 3361 3910 4539 6497 5088 5048 5165 
4602 4392 3793 4532 3306 3676 3336 2863 2769 2387 3816 4335 4545 2874 2551 2867 3083 2340 2682 3125 4972 5648 5708 6296 7030 
5729 5869 5334 5280 5529 3742 3588 2580 2470 2454 3039 3130 3822 3554 2419 2291 1983 2163 2776 3161 5212 4670 5141 7172 6359 
5772 4762 4548 4617 3317 3252 3280 2041 2055 2489 2302 3361 2884 2912 2488 2109 2399 2411 2648 2971 3894 3228 7192 3955 6578 
4814 4159 3650 4082 2802 2901 2238 1137 2185 2180 2397 3160 2800 2661 2453 2120 2806 2310 2357 2537 2968 4756 5825 7158 7299 
4804 3887 4118 2910 2835 1910 1672 1410 1065 2000 1815 1885 2429 2451 2322 2376 2038 2590 2466 3334 2916 6536 5242 6426 4730 
5458 4221 2975 4091 2846 3162 1243 4627 2420 1785 3196 1312 2095 2061 2666 2613 2116 3051 2575 1970 3537 3714 5267 4666 5270 
3736 3065 3931 2438 2401 1729 1254 2561 2208 6806 4957 1766 2204 1815 1996 2348 2878 2521 5687 1387 3340 3041 4757 5432 6231 
3488 2513 2036 2001 3855 2458 3269 2067 2052 2710 2652 2100 2290 2792 2624 7369 2308 2512 2394 3658 1827 2153 4650 5175 6009 
2591 1869 1777 2081 2691 2612 2639 2204 2408 3056 2735 2909 2811 3973 4308 3232 2894 2667 1906 2417 2584 2010 5240 2807 5127 
2210 1679 1686 2804 3228 3177 3572 4205 4096 3622 3059 3291 4567 3584 3815 3809 2876 3097 2724 1938 2352 2114 2299 2756 5230 
1972 2570 2532 3096 4153 3607 3567 3061 6906 8125 5845 4997 4733 5494 2901 2433 2780 3520 3097 3422 3201 2000 1989 2668 3349 
2266 2992 3084 3329 3492 4036 3417 9178 9091 8593 8441 8689 8781 7587 5763 4705 3786 4129 5116 4105 4000 2800 1920 2511 3252 
3197 4096 3113 3247 2934 3206 6391 8879 7141 5824 6360 5475 5940 7523 6828 7203 4393 5774 5751 4310 3458 2826 2856 1932 2487 
