includes/gis/ASCII_5k/mod13q1_ndvi_2001_257.tif.txt
ncols         25
nrows         20
xllcorner     257482.3972
yllcorner     9670060.6647
cellsize      5000
NODATA_value  -9999
2757 2579 3018 3132 3430 2433 3432 2000 2411 2355 2298 3167 3604 3155 2116 2657 2335 2900 3064 3155 2896 2894 2996 2819 2985 
2696 2843 2461 2986 3190 2599 2870 2443 2210 2663 2385 2937 3109 2359 2410 2781 2617 2783 2870 3235 3004 3700 2900 3588 3652 
2747 3612 3215 2340 2879 2842 2675 2052 2965 2377 2496 2378 2613 2856 2292 2438 2305 2592 2934 2743 3775 3503 3348 3537 2796 
3081 3999 2749 2762 2600 2557 2610 2546 2506 3162 2755 2480 2872 2216 2140 2002 2420 2119 2267 4299 3031 2720 3216 2694 3112 
2978 3319 2906 2815 3059 3629 2870 2534 2430 2801 3019 2794 2548 2565 1947 2049 2414 2307 2315 3978 2804 3347 2641 2737 2874 
2430 2867 3368 2965 3347 3019 2379 2224 2618 2560 3307 2827 2046 2348 1914 2196 2340 2333 2426 3920 4023 2600 3382 3052 2812 
2741 3012 3338 3485 2814 2535 2566 2529 2222 2302 2404 2516 2793 2509 2056 2113 1974 2324 2179 2779 2807 4436 2907 2886 3088 
2790 2660 2745 3123 2594 2405 2186 2160 2573 2577 3344 2932 2367 2390 2054 2163 2008 1803 1941 2412 3614 4346 4019 3559 4010 
2697 2693 3022 2769 3013 2560 2395 2301 2275 2349 2531 2321 2623 2413 2096 1893 1730 1713 2048 2157 5042 3515 3820 4934 4536 
2736 2333 2543 2444 2454 2699 2440 2125 2166 2349 2273 2393 2292 2169 2044 1862 1820 1720 1885 2486 3245 2881 5140 5358 3851 
2690 2732 2237 2413 2299 2241 2020 1241 1898 2111 1889 2289 2385 2323 2223 1981 2007 1794 1891 1920 2099 4502 3676 5385 4644 
2470 2262 2481 2075 2144 1879 1709 1774 1177 1965 1807 1925 1976 2309 2316 1946 1887 1987 1908 1975 1976 5619 4189 3304 4669 
2706 1914 2185 2240 2204 1999 1308 3765 2092 1712 2301 1386 1969 2148 2299 2039 1826 1835 1907 1633 2647 2478 2754 7518 3952 
2287 2061 1860 2034 2264 1559 1535 2275 1714 5129 3221 1863 2150 1800 1699 1640 2207 2040 4468 1455 2187 2172 3578 2925 4703 
2338 2083 1554 1660 2784 2114 2480 1730 1725 1768 1981 1809 2122 2112 2078 5449 1916 2007 1841 3042 1592 1637 3941 3301 3672 
2022 1699 1355 1629 1746 1726 2059 2141 2048 2014 2222 2292 2046 2331 1955 1981 2133 2134 1786 2082 2228 1933 4189 2699 3409 
1832 1661 1329 1824 1938 2255 2619 2441 2779 2580 2235 2496 2567 2674 2535 2610 2084 2646 2224 1889 2278 2254 2163 2571 3815 
1934 1384 1737 1747 2225 2379 2776 2466 6139 6994 4010 2350 2280 2817 2652 2051 2113 2292 2251 2470 2409 2020 2059 2440 2381 
1821 1949 1963 2000 2080 2889 4422 8545 7839 7864 7941 8633 8241 5068 2935 2464 2644 2274 2505 2928 2682 2207 1931 2561 3106 
2386 2084 2453 2266 2114 3136 6869 7806 5413 4161 4387 4360 5713 6849 5374 4282 2508 3239 2653 2519 2813 2471 2446 1999 2380 
