includes/gis/ASCII_5k/mod13q1_ndvi_2008_145.tif.txt
ncols         25
nrows         20
xllcorner     257482.3972
yllcorner     9670060.6647
cellsize      5000
NODATA_value  -9999
3964 3398 4855 4791 4152 3491 4258 2605 2761 2676 2486 4751 4885 4191 3093 3923 4032 4826 4586 4059 3368 3819 4252 3690 3455 
3929 4186 3649 4047 4040 3107 3968 3008 2185 2779 3332 3697 4147 3766 3951 4583 4681 4654 4138 3953 3665 4236 4182 4486 4860 
4705 5131 3982 2870 3274 3571 3169 2160 3010 2414 2772 2783 3384 3746 3569 4238 4380 3660 4847 4102 5308 4772 5391 4386 3872 
4616 6229 3851 4448 3077 3616 3240 3413 2852 3701 2737 3354 3905 2960 3949 4274 4606 3835 3721 6079 4811 3738 4255 3201 4021 
4167 4599 4114 3984 3919 5410 3316 3191 2712 3206 3269 3283 2994 3812 2614 3245 3811 3757 3289 5587 4410 4126 3704 3539 3513 
3564 4714 5512 4363 4904 4350 2878 2712 2807 2828 4490 3429 2435 2924 2557 3041 2980 2879 3840 5656 5414 4210 3736 4212 3620 
4216 4423 4857 4494 4188 3501 3301 2563 2411 2480 2412 2542 3205 3515 3405 3574 3016 3580 3262 4578 4368 6125 3742 4035 4417 
4428 3614 3744 4341 3753 3424 2989 3081 2569 2705 3250 3016 2789 3167 2348 2990 3118 2943 2810 3816 5198 6132 5547 5042 4909 
3269 3430 3406 3421 4537 2764 3304 3106 3350 3352 3271 2793 3079 2744 2517 2567 2356 3985 3879 4175 5951 5110 5495 6970 6371 
3657 2617 3108 3573 2933 3049 2907 3001 2946 3022 2604 2619 3098 2782 2869 2379 3064 3298 3138 2821 4716 6201 6017 6955 5226 
3447 4260 2972 3168 2885 2497 2203 1303 2176 2233 2260 3227 2689 2685 2728 2370 2873 3429 3348 3517 3992 5881 6534 6730 5581 
2711 3141 3451 2094 2295 1691 1708 1562 917 1863 2611 2327 2300 2271 2402 2302 2427 3294 3054 3345 3875 7089 7179 6807 6294 
2922 2911 2452 3225 2213 1776 1528 3373 2238 1570 3463 1265 2259 2156 2599 2779 2547 3209 2560 2712 4403 4907 6219 8392 6173 
2681 2240 2642 2357 3933 1881 1461 2250 1630 7028 3345 1846 2620 2035 2189 2354 3526 2790 6025 1557 3136 3792 5847 6504 7519 
3130 2616 1498 1781 3798 2265 2919 2016 1762 2061 1889 2076 2721 3160 2318 7255 2595 2493 2687 4835 2241 1814 4998 5274 7182 
2662 1955 1736 1756 2155 2148 2381 2374 2801 2670 2721 3304 2878 3385 3122 2766 2952 3211 2579 2969 3188 2455 4247 3598 6688 
2528 2184 1667 1916 3346 3211 4773 2911 3261 3452 3466 3710 4356 3767 3856 3465 2815 3980 3237 2166 3319 2520 2869 3607 5799 
2397 1929 2163 2837 3395 3680 4552 3441 2996 7743 5325 3781 4342 5061 3643 3448 4735 3402 2607 4116 2727 2768 2582 2693 3785 
1972 1948 2550 2756 2833 5091 5271 1624 2536 3733 8665 8968 8911 8077 5139 4553 4313 4729 3957 4203 3935 2371 1875 3315 4657 
3045 2616 3082 3249 3048 5191 4448 3651 3454 5904 1955 2631 3866 8084 7498 7781 5463 5109 4824 4457 3711 2829 3275 2933 3634 
