includes/gis/ASCII_5k/mod13q1_ndvi_2007_321.tif.txt
ncols         25
nrows         20
xllcorner     257482.3972
yllcorner     9670060.6647
cellsize      5000
NODATA_value  -9999
5216 3815 4933 5216 4596 4317 4769 3635 4530 2693 3197 4491 2968 6282 3858 3673 1523 4085 6351 5326 4022 2317 4987 4411 2252 
4253 4720 2752 4300 5159 5408 3948 4450 2879 2620 3721 3485 4594 3396 2009 -9999 2386 4708 4388 1351 3100 5722 4374 7334 7040 
3710 5156 3600 3536 5208 4747 3608 3267 2603 3028 4530 2845 1423 4298 3865 2866 2648 3911 5086 4207 6363 7359 6491 5857 5864 
3938 5033 3900 4484 4112 4270 4265 2814 3846 4249 3295 3928 5432 2730 3348 3168 3420 4071 3683 4883 5134 3564 4697 3465 4767 
3237 4050 4349 3562 3890 5004 4512 3504 3116 3249 3106 4963 4294 5607 2031 2605 5472 3326 4970 4990 -9999 5614 3052 3451 5033 
2863 3899 3871 3555 4243 4251 3438 4122 2857 2836 3420 2013 2278 3388 3212 2683 1786 1685 2180 5047 5006 -9999 6129 5170 2874 
3642 3588 3538 3639 3305 2811 3455 2938 3141 2193 3057 2575 4818 4154 1856 2909 3227 4338 3688 3213 2266 6694 4433 1922 3939 
4003 2674 2931 4197 3808 2694 2784 3616 2651 2402 3630 2237 3932 3437 2312 2614 3492 2365 2020 5104 8448 4443 7864 7318 7888 
3775 3302 4083 3318 4299 2663 2404 2001 2250 2315 2514 2472 2763 3421 2944 2497 1937 4365 2766 1622 6199 6641 3405 8373 6080 
5065 2765 2350 2221 2516 2860 2451 1894 2037 1889 2093 2441 3023 2632 2548 2537 1480 2926 3465 3217 6738 6126 3644 4563 6872 
3467 3286 2520 1484 2431 2121 1783 1200 1626 1780 1878 2290 2050 2348 2892 3126 2741 3154 1849 2771 4316 6324 5276 7274 5053 
3238 2609 2457 2019 1809 1698 1585 1277 1104 1715 1602 1851 1883 2822 2282 2329 2835 2554 2515 2335 5135 7948 5334 1658 4070 
2766 2407 2090 2289 2126 1722 1302 2659 1927 1494 2293 1140 1908 1839 3266 2197 1909 2178 2774 2139 3510 3500 4912 6450 1670 
1976 1916 2012 2111 2193 1648 1547 2201 1543 4838 2569 1723 1949 1855 2108 1059 1110 1619 4221 1700 4498 3161 7400 6098 2497 
2536 1993 1420 1773 2778 2312 3375 1958 1720 2073 2093 1913 2474 2374 2273 5583 1636 2067 2461 2323 2186 1851 6416 4974 6059 
2458 1961 1768 1854 1886 2312 1837 1938 -9999 2421 2454 2871 1919 2619 2211 2262 2019 2889 786 2323 4385 1204 6435 -9999 6098 
2575 2131 2627 3749 3254 4357 4034 2865 965 1909 3019 4784 3124 3820 3072 3667 2321 2773 4731 2627 1630 2234 1923 3702 5646 
2160 3153 3763 4578 4487 5016 4020 4401 6559 6545 4921 2514 3594 5183 2842 2618 3886 2517 2782 3972 2865 2033 2141 -9999 4613 
2604 2937 3250 4802 4795 4860 5980 7697 3559 2047 2467 6258 4621 6841 4538 3484 3125 5044 3689 4134 3180 2627 2714 4109 3377 
1959 2657 3588 5843 6149 7204 2468 4799 4657 1841 445 619 3059 3103 5611 8198 4389 5384 4387 4851 4707 4202 4662 2514 2998 
