includes/gis/ASCII_5k/mod13q1_ndvi_2015_321.tif.txt
ncols         25
nrows         20
xllcorner     257482.3972
yllcorner     9670060.6647
cellsize      5000
NODATA_value  -9999
5066 4156 -9999 4458 5707 4073 4585 4027 5393 3958 4473 4153 5855 5762 1858 1523 2185 4984 4670 5659 4427 3376 3918 1742 2048 
4328 4379 4875 4035 4151 4645 4628 5589 5419 5164 2522 3432 3864 2672 1264 2738 4183 5186 5617 4824 5165 4240 2759 3446 4023 
3602 4051 3328 3436 2483 4499 3492 3631 4269 3378 2742 3895 4202 4200 2121 2353 2225 2363 3595 3600 6031 3729 4386 2287 3507 
5451 4772 4819 4109 4065 4119 5876 4424 3714 4417 4000 4937 4221 3868 4219 4780 2520 3812 2739 6021 4539 3041 4303 4262 6761 
4460 3302 3873 2777 3744 3609 -9999 2147 3445 3791 4183 4937 4903 5089 2195 2571 4148 1938 1877 5274 3420 3825 2686 4517 3760 
3504 1231 2632 2855 2994 4071 2707 3162 2741 3231 3842 1883 2556 4129 2530 1769 3994 771 2765 3751 6093 2258 3713 3576 3183 
3579 5967 2711 3591 400 2580 3946 2179 3332 2919 3980 2749 5877 5199 4172 3302 3897 1961 1531 2036 2219 4739 4215 4626 5689 
5223 4101 6203 2036 3188 2898 2425 3373 2722 3062 3002 3292 3411 5611 3117 2879 2408 1883 3264 3843 8215 6302 8346 5644 7194 
2747 2901 2376 3598 2773 4493 4353 2877 3074 3324 4684 1958 3685 5578 3324 2980 1938 2491 3467 3576 5805 6162 6630 -9999 6436 
6276 3471 3858 5489 2785 3469 3015 3572 4332 4238 3283 4080 3299 4523 3127 3589 1912 1059 2073 -9999 5763 5174 6062 6575 7614 
4628 3054 3400 1608 2279 3173 3085 1233 2166 2593 1963 2283 2023 2080 3367 3144 2748 2806 2436 2682 3382 6653 2902 5763 6376 
4565 1798 2806 2831 1855 1629 1968 1498 647 2244 1655 1658 1661 3206 2924 3605 1999 2057 1715 2320 4428 6094 6349 2101 6582 
3725 2898 2007 3792 2172 2260 1482 2833 2474 2187 2444 1670 2221 2719 4330 2674 2194 2370 1787 1687 6166 4737 3808 6009 1666 
2976 2004 2323 2052 2086 1668 1641 3088 1781 7064 3195 2251 2626 2941 3733 3361 3218 7049 5644 1202 3610 5258 6012 2801 5067 
2776 2042 1840 2221 3252 2124 2623 2536 2076 2207 1879 2022 3540 5226 2998 7456 3095 3074 3478 2204 1858 2954 3669 4258 3348 
2724 2078 2529 2012 2005 1540 4284 3563 4272 4526 2346 3009 2364 3855 2665 3605 4272 3756 3051 1287 4393 5237 5781 3207 2640 
2926 2601 2850 3391 3904 1798 5674 6137 4239 5312 5196 4908 5634 6028 4135 4717 2821 5151 4164 2393 5278 2911 3334 5158 7554 
3574 3781 3567 4227 6485 6766 6155 6242 7574 6943 5789 3505 3153 4074 3248 5148 4043 4528 4648 2127 4806 3399 2871 3120 1994 
3456 3664 4445 5339 4836 4309 6873 6728 1753 5182 2535 539 8932 8097 3432 3812 4955 2227 3209 3687 5183 3098 1485 2356 5062 
2594 3709 3097 2387 5506 6729 3332 2198 867 609 314 3431 2464 838 1025 6157 4309 4704 2911 3902 3808 4635 4369 2834 2452 
