includes/gis/ASCII_5k/mod13q1_ndvi_2012_257.tif.txt
ncols         25
nrows         20
xllcorner     257482.3972
yllcorner     9670060.6647
cellsize      5000
NODATA_value  -9999
2695 2812 2880 3198 3269 3197 3181 2094 2408 2622 2627 2776 2982 3218 1916 1970 1828 2474 2632 2979 2383 2497 2381 2218 2219 
3244 3029 2812 3128 3150 2705 3042 2396 2110 2560 2440 2719 2759 2376 2301 2361 2604 2923 2499 2381 2477 2636 2239 3047 3152 
3074 3200 3176 2396 2869 3115 2649 2271 2429 2208 2480 2242 2627 2742 2334 2001 2030 2027 2477 2578 3829 2980 2531 2737 2701 
3147 2911 2724 2452 2221 3232 3080 3089 2356 2583 2397 2455 2448 2153 2076 2173 2259 2080 2094 4277 2927 2285 2621 2386 2817 
2695 2574 2735 2748 2834 4030 3403 2928 2422 2649 2478 2487 2484 2770 2045 1867 2441 2334 2285 3701 3063 2616 2352 2544 2888 
2498 2819 2925 2485 2576 3182 2678 2604 2804 2589 3766 2297 2044 2098 1881 1992 2440 2039 2368 4130 3703 3126 2658 2872 2625 
2707 3323 3002 2954 2252 2724 3143 2654 2443 2284 2065 2306 2338 2292 2430 2500 2111 2269 2395 3182 3199 5003 2895 2775 2922 
2882 2877 2996 3764 2712 2358 2477 2656 2669 2624 3356 2577 2322 2760 2057 2324 1980 1905 2232 2153 3595 5096 4094 3695 3784 
2668 3027 3081 2348 2768 2682 2277 2273 2366 2603 2421 2319 2516 2252 1964 1922 1792 2186 2377 2223 4733 3647 4891 5065 4190 
2598 2264 2504 3270 2091 2163 2292 2238 2361 2061 2466 2184 2064 2323 2177 1870 1975 1838 1807 2133 2845 3495 4583 5494 4256 
2565 2506 2004 2663 2329 2028 1828 1504 2140 1857 2130 2657 3447 2117 2021 1562 2053 2019 1683 1740 2160 4606 3642 4972 4141 
2133 2088 2078 1905 1921 1667 1820 1527 993 1711 1708 1977 1922 2183 2115 1851 1743 1741 1703 1757 2158 5420 3351 3469 5100 
2225 2003 1607 1975 1780 1762 1271 2430 2043 1505 1932 1289 1782 1883 2032 1941 1851 2261 1737 1622 2588 2969 3479 7472 4291 
2236 1849 1775 1847 2323 1543 1367 2280 1624 5020 2682 1717 2094 1729 1721 1872 2175 2045 3894 1249 2420 2182 3185 3362 4490 
2244 1996 1273 1624 3199 1936 2302 1757 1575 1673 1767 1783 1877 2295 1905 4944 1981 1795 1664 2244 1513 1576 4299 2546 3526 
2030 1574 1488 1575 1598 1960 2114 1949 1868 2031 1909 2324 1802 2293 2043 1571 2026 1909 1941 1933 2281 2134 4274 2324 1642 
1965 1741 1291 1783 1834 2303 2200 2166 2223 2370 2432 2736 2827 2963 2473 2124 1965 2600 2236 1476 2714 2124 2054 2656 4102 
1975 1361 1785 1876 2029 2585 2453 2868 6478 7147 4707 2563 2427 2625 2130 2190 2312 2091 2050 2858 2111 1995 1883 2209 2577 
1189 1402 1653 2022 1962 2308 3410 8464 8004 8020 8142 8139 8118 5557 3175 2368 2139 2195 2232 2687 2829 1952 1566 2017 3488 
1659 1592 2022 2247 1951 2645 6552 8281 5992 5406 5981 5187 5855 7120 7753 6128 3141 2741 1853 2559 2598 2233 2316 1801 2621 
