includes/gis/ASCII_5k/mod13q1_ndvi_2015_337.tif.txt
ncols         25
nrows         20
xllcorner     257482.3972
yllcorner     9670060.6647
cellsize      5000
NODATA_value  -9999
6333 5710 3536 5801 6034 5179 5861 5175 5607 6339 4973 5488 6284 7135 4883 5145 3521 4753 4983 6326 5410 5109 6037 4791 3468 
6490 6019 5919 5188 5558 5049 5141 5783 5052 6648 4969 4561 4678 5680 5050 6557 6459 6060 5787 5996 5952 5874 5239 2781 4658 
5328 5389 6073 4320 5521 4841 4889 4812 5328 4960 6276 4744 5720 5860 5993 4586 4831 3464 4731 4570 6847 6802 5624 4569 5165 
4469 6385 6054 4708 4666 5843 6076 4020 3212 3698 4426 5742 5222 4517 4892 4977 6568 3572 3524 7126 4852 4793 4381 3535 6379 
5889 5986 5496 5163 5056 6576 5138 2899 3144 3995 3819 4651 5126 5434 3023 2973 4739 3250 2199 5233 3426 4756 2615 2305 4049 
5515 5656 -9999 6532 5755 5445 3818 2614 2591 4154 5701 4232 3887 3936 2991 3353 5324 3016 2266 6363 6907 7133 4860 5205 6128 
5079 6266 5825 4935 4433 4122 3722 2772 3394 3692 4236 3289 4970 4973 4321 2707 3294 3572 3308 5678 6264 6798 5733 5837 4082 
6598 5734 6211 5467 4311 4863 3463 3293 2996 2462 5928 3162 4272 4976 3407 3693 2354 3204 4137 6059 5180 6507 8183 8022 8784 
5228 5463 6679 5738 6557 4809 4246 2606 2913 3320 4666 2458 4159 4795 3389 4750 3121 3297 3964 6185 5710 4643 5595 -9999 8485 
6104 5892 5833 6345 4758 4870 5002 3033 3868 4366 4065 4220 4635 5345 5094 4330 3920 4335 3777 4068 7156 6358 6165 8293 8635 
5173 5666 5305 3623 4107 4003 4257 1571 4371 4022 3625 3838 3285 4518 4527 4805 4737 5286 3877 3202 4010 6936 4891 7723 8709 
4626 5339 4572 5157 3978 2816 2270 1439 1049 3300 3119 3106 3217 3714 6482 5032 3526 5688 4324 4782 4821 6110 7208 7474 7930 
4840 6533 5247 4591 4288 2715 1712 3059 2869 2535 3753 2705 2329 3747 4742 4921 4741 5747 5249 5225 7754 7768 6725 7340 4617 
5697 3465 5685 5612 5891 1767 1190 4200 4779 7658 4855 2115 1174 3998 3956 6532 7446 5527 -9999 3244 7062 6407 8410 6994 2901 
3970 4486 3407 4543 5235 2447 5491 3815 3809 5414 3681 5449 3890 5596 4265 8103 3833 4904 4184 6730 5408 3196 6973 6528 3668 
5046 2755 3286 2730 3409 4263 6565 5602 5400 5890 6778 6241 6478 5248 3337 5581 4671 5812 5099 5249 5463 5553 7392 5438 5766 
4713 3778 2936 5673 3589 5842 7262 3691 6074 6583 6916 6652 7448 5134 4339 6237 4038 6361 6164 5322 6474 6910 4911 6204 5104 
4651 3660 3647 5272 6190 7560 7711 6789 8220 8264 7654 5464 5538 -9999 2346 6522 -9999 5342 5868 6929 6822 6722 5735 5299 6204 
3826 4625 4310 6251 7529 7554 8127 8796 8573 7724 6804 8596 9092 8530 4768 5432 6851 5970 6713 6937 6829 6153 3705 6793 6591 
3176 5783 3954 5640 6001 8287 8704 8592 727 1279 1024 705 1150 3030 8974 7386 6328 7824 6489 7230 6754 5335 6245 5942 4265 
