includes/gis/ASCII_5k/mod13q1_ndvi_2013_097.tif.txt
ncols         25
nrows         20
xllcorner     257482.3972
yllcorner     9670060.6647
cellsize      5000
NODATA_value  -9999
7088 7000 7462 6264 6287 7415 6094 6067 6461 6282 5861 6564 7359 7470 5462 5992 4685 6070 5961 6519 3983 4629 3825 4200 2786 
4649 7613 6769 7013 6520 7037 6156 5968 5939 6071 5728 6041 6661 5670 4970 6291 5069 4847 4652 5144 4767 4858 3665 5588 4415 
4378 4522 6040 5991 6701 5807 6839 5795 5300 4649 5159 4482 5739 6496 5925 4516 4615 3693 4799 5964 7157 6542 5364 3583 3844 
7734 6082 6965 7150 6473 5694 7291 5297 4580 6092 5284 5545 6308 4840 6024 5839 5174 2741 3419 6937 4889 2890 4726 3924 4816 
6936 7601 7325 6596 6288 7498 6851 6283 5152 5885 5525 6399 5661 6081 4743 5680 6100 4716 3444 6999 4942 4351 3502 5350 4676 
6176 7827 7352 7236 7075 6742 5813 5886 6293 5287 7847 6869 6037 5759 4760 5598 5982 3521 5075 6224 6946 6939 4107 4755 5222 
6754 6922 7994 7418 3454 6242 5931 5557 4848 4674 5215 5310 6303 6446 6458 6864 5379 2687 5300 5066 5979 7897 5689 5511 6527 
3838 -9999 4440 3887 5057 4875 3081 5193 5496 5635 7282 5443 5950 7208 6685 5820 4473 4553 6408 6124 6119 7950 8585 8384 8571 
6218 4670 5206 6242 6829 5233 6113 5430 3386 5647 6571 4317 7315 7192 4856 6482 3813 5941 6812 6945 6285 7008 6714 8197 8622 
7200 4562 5395 2074 5734 6321 6486 5493 6294 6392 5943 6005 6630 6679 5562 4436 4517 5731 4437 6171 6114 7281 8302 8496 8497 
4018 6774 2228 5080 4922 5788 5228 1759 5274 4306 4781 7007 5889 6171 5424 4619 4086 4820 5747 5474 2043 7690 8010 7867 5949 
4979 5723 3520 3254 3855 4568 3553 1933 826 4188 3157 4892 5736 5780 5055 3160 3710 5567 4850 5466 6464 8019 6351 7001 4921 
7236 6288 3038 3956 3139 3260 1933 3579 4778 3810 4361 3318 4514 4829 4704 3742 3612 5305 4425 3353 7681 7835 4671 7997 7425 
6314 3051 2800 3255 4015 1544 902 6074 6190 8150 6018 2834 2987 2723 5011 5591 6328 5506 7468 2472 6652 7253 7567 5953 7249 
5139 4192 2338 3181 4329 2613 4992 4582 3451 7005 2483 1980 3488 5685 5900 8134 5237 4044 4407 6223 3725 3627 7170 7209 4970 
3973 2615 3503 3381 3677 3508 4313 6430 5960 5225 3415 3671 2833 4943 3704 5943 6417 5794 3630 4651 6444 6271 6910 6468 7414 
3937 3839 2862 3179 4430 7158 7716 2910 3984 6551 7235 5052 3889 5320 6876 6511 5232 6696 5504 5683 6934 6465 6305 6984 6210 
5481 4995 4324 4992 4660 3708 4905 1260 2860 1171 1811 3250 3954 2873 3924 5435 1946 6256 6727 5033 4406 4040 5352 4598 6444 
3856 6848 4851 7424 5964 5527 7085 8776 2878 318 1149 1005 4563 3068 5034 5299 4606 6473 2603 5071 6205 4468 3157 5366 6655 
4115 3839 5283 6083 7100 5810 8328 8696 3210 1223 389 386 1726 2449 2692 4127 6208 6605 4611 4383 5823 4064 6042 1759 3302 
