includes/gis/ASCII_5k/mod13q1_ndvi_2008_097.tif.txt
ncols         25
nrows         20
xllcorner     257482.3972
yllcorner     9670060.6647
cellsize      5000
NODATA_value  -9999
7847 6830 6832 3188 6002 3787 5873 6233 5322 4017 5692 4691 6378 3776 2721 4864 5275 6478 6976 7219 4759 5510 6552 4594 3970 
7147 7303 7254 6320 5555 5690 6397 2592 3255 4737 5872 4646 6004 6654 6372 7154 6895 6397 6216 6696 6209 5088 1696 8404 8288 
6581 7716 7713 6105 5413 6381 3748 2433 2300 3303 6260 5585 6795 7281 5991 4568 6353 5905 7171 7289 8127 8276 8176 6991 6984 
5211 7030 5454 6758 6640 5948 5953 5277 5588 5094 3452 5870 5193 6350 4566 -9999 7295 6631 6001 5050 7279 4872 4913 5646 6652 
7161 7054 6414 6983 6641 6738 6289 5132 4279 2911 4621 5973 4440 6370 5022 5901 6554 5929 5509 5104 5189 6081 4315 -9999 6037 
6419 6756 7185 6394 7621 7009 5116 3219 4187 4893 7031 5165 3631 5356 4477 5288 6497 4930 7685 6167 3640 5658 2821 6243 5728 
6623 6812 5768 2450 6005 5197 5578 3586 3783 3815 4371 4276 6269 6322 6218 6163 6019 6929 6144 6072 6389 7123 6217 5480 6341 
7119 7675 6346 6979 6811 4668 5050 4548 5251 6100 6727 5627 5863 5121 4226 5370 5274 6069 5917 6066 5825 6959 4844 7411 8364 
6259 4630 4504 7094 7038 5059 6249 5333 6071 5757 6270 5863 6539 6085 5108 6022 4546 6530 4615 6530 4584 -9999 5432 7140 8525 
6452 4758 5577 5933 5121 5467 5350 4897 6064 6748 5002 5536 6441 6341 5439 4344 4493 5983 5163 5347 6800 3663 5222 3006 7913 
6651 7177 5667 5143 4777 3890 4338 1930 3580 5240 5408 6189 5220 6377 5602 4649 4982 6376 5374 5318 4280 4833 3468 5854 5030 
5345 4081 4902 4061 3825 2412 2843 1645 1146 2796 3789 4218 4239 4313 4778 4544 4351 6613 3985 4817 5949 6100 4546 6095 7617 
3889 5690 2785 5333 3892 1998 1877 3437 2927 2253 3652 1978 3544 4068 4770 4449 4440 5553 4240 4674 7304 7030 4602 5171 5177 
4796 3560 1284 2933 5917 2657 1596 2384 2165 7505 5632 2375 4109 4055 4536 4838 6857 4686 7911 3446 -9999 4592 5253 4302 5303 
6261 4960 2144 2282 4716 2776 3389 3548 2214 3541 2098 3034 4980 5156 5199 8588 5473 3894 5387 6972 4181 3640 6426 6422 7418 
4360 2738 2124 2458 2507 3065 3732 4048 4390 3833 4986 5855 6315 5354 6000 4807 6098 5777 5106 5744 6359 4098 5603 4879 5610 
4408 2825 2258 5229 5343 3526 4591 3754 3003 5478 5077 4341 7094 6546 6346 6576 6168 5366 4427 5018 4929 4422 3968 5399 5193 
5726 3984 3665 5134 7001 5963 2663 1828 5078 5410 6795 4622 6093 5527 6550 4528 6460 5525 4807 6112 5370 5889 4832 3469 5237 
5504 5721 5896 2520 6299 2960 3047 2056 1310 1115 3746 8174 7200 4564 6690 4769 5436 4620 6512 5645 5197 4363 3595 6446 6957 
6572 7136 5349 6466 3496 4821 475 2621 1888 708 233 4576 3445 7766 8281 8669 6278 6643 4692 6203 4639 5161 5008 6389 5526 
