includes/gis/ASCII_5k/mod13q1_ndvi_2002_353.tif.txt
ncols         25
nrows         20
xllcorner     257482.3972
yllcorner     9670060.6647
cellsize      5000
NODATA_value  -9999
6126 2646 4233 7255 5643 5997 5302 4874 6128 4866 4794 2963 6860 7051 5153 5085 6211 798 6294 7383 6181 5705 6958 5878 6190 
5599 2210 3957 4751 2971 5332 5512 6848 3927 2537 4368 2869 7197 2956 5968 7191 6084 6802 7365 7301 5420 6952 7109 8698 2222 
6078 7551 3499 5503 5544 5275 5270 2467 5056 4368 5107 5670 5135 6197 6550 5273 6096 4952 5414 6999 4833 8488 7408 6605 7473 
4559 2738 1738 2970 4074 5617 5944 5418 4972 5325 5046 6391 5211 3770 6004 5883 7342 6150 5846 4992 4659 7041 7368 5622 7695 
6959 7341 6201 5282 5137 5635 4380 5830 4728 5693 4972 5656 5677 6202 5854 6290 6826 6938 5586 6549 5585 5493 6809 7700 7501 
5186 6329 6111 5620 5704 5143 5201 5328 4429 4589 6265 5488 5302 4296 5536 7218 6960 5360 5914 5873 8229 4797 -9999 7426 7416 
6035 7230 6429 5505 5480 4580 4837 2686 3570 4195 4632 5043 5532 5623 4823 7023 6845 6239 5373 6546 2562 3955 7826 -9999 4734 
3603 4112 3748 6694 5401 4060 2889 3537 4233 5838 5844 4933 6229 5014 4337 3648 5119 5713 5152 5198 5323 3306 3712 7192 6321 
4372 4609 6090 6354 5593 3953 3189 5602 3894 4216 5836 5161 5877 5823 4027 3856 6770 5687 4622 5627 6562 3422 -9999 5053 1680 
4569 4111 4110 5218 4534 3263 5459 4001 4534 6117 6290 5849 5847 5257 5792 2061 4981 2318 4163 6526 4161 3670 5249 697 6720 
3960 4031 5553 2882 2854 3208 5239 1478 6648 7577 5496 7311 6671 6220 7111 6747 6373 6943 2982 4652 6729 6793 4786 -9999 8422 
4253 3688 3742 3474 2623 2975 4249 2247 841 5124 4149 6784 6098 5998 5797 6272 5061 7608 5699 3905 6167 8164 6775 6894 5912 
5254 4516 4337 3963 2419 2390 1531 3844 5684 4029 6176 3396 6861 2864 6317 4941 2245 5310 5938 3516 4882 4833 6716 5215 5086 
3525 2675 1991 3732 2699 2016 1213 3842 3088 7644 7313 2634 4539 5884 6065 8060 5652 4986 6350 1104 6677 6953 6854 7491 3485 
1822 5053 1822 4313 5592 2738 4714 2457 5804 6063 3983 3358 4330 4640 3523 7030 4773 4635 4332 5526 3469 3545 6725 2182 -9999 
4378 3752 4563 4544 5395 5514 6837 6201 7353 6806 7944 7384 6730 6929 6582 6602 5627 5150 3730 5243 5893 5514 7153 5183 4926 
3252 5937 3682 5659 5975 7768 6276 7421 7682 6038 5323 5444 5326 6043 7866 7087 6039 5818 4310 3767 4423 6617 5694 5249 4751 
6758 5617 4900 6462 7128 7605 7252 7350 5723 3037 7799 5864 3075 5495 4388 8359 7310 6295 4620 7515 6203 6297 5761 6417 5781 
7080 7419 7534 6414 6956 7494 5523 8910 4383 1915 3867 2305 2716 2437 7043 7521 -9999 6959 4665 5024 6890 6300 5153 7545 6950 
3897 7159 5493 7237 7054 7702 7871 7913 3778 2859 493 2908 1129 1289 3530 5889 6883 7098 6938 5337 7597 6195 4822 6331 6303 
