includes/gis/ASCII_5k/mod13q1_ndvi_2006_065.tif.txt
ncols         25
nrows         20
xllcorner     257482.3972
yllcorner     9670060.6647
cellsize      5000
NODATA_value  -9999
4620 3507 4490 3955 4454 3856 4728 1841 2464 2270 2939 4706 4516 4735 1966 2294 2805 3966 3473 4702 2772 2539 2807 1997 2285 
3995 3956 3721 4801 5114 4004 4297 3077 3639 2842 3874 3793 4800 3455 2943 4678 4407 3765 2454 3230 2211 2992 2302 4050 4874 
1220 4528 4252 2786 5227 4057 3072 1931 4451 2844 3293 2295 4699 4819 3093 3434 3729 3136 2776 2634 3928 3163 3519 3129 4185 
4298 5630 4568 4445 3627 4344 3766 4848 3974 4366 3896 4034 4708 3264 3963 4146 2774 2057 2270 6194 3624 2338 2895 2305 3801 
4271 4921 3719 4097 4519 4869 3786 4759 4244 4679 3701 5203 4373 5883 2814 4632 3755 2933 2088 6398 3724 3698 1997 3254 3778 
3734 5769 5685 4831 4245 4127 2829 4371 4600 4736 4880 4731 3771 4212 2996 3379 2866 2197 2516 4437 6795 4557 3933 2746 3136 
4508 5919 3308 4542 4311 4392 4405 4110 3805 3896 3803 3466 4759 4847 4188 4322 2834 2588 2315 3295 3902 6163 3265 3831 4079 
4218 3997 5159 6090 4321 4668 4308 4280 3558 2892 4699 4020 4809 4686 3227 3427 1867 1903 2641 2619 4616 7326 6963 4906 5470 
3380 4525 5134 5553 5660 4271 4584 3235 2931 3633 3954 3722 5108 4561 3798 2936 1792 2051 2645 3487 6236 6608 5907 7227 6375 
4733 3365 4211 2071 4144 4353 3922 2979 3184 3622 3359 3571 3114 3541 2966 2607 2431 1898 1955 3304 2810 4929 6140 7984 7724 
4316 3892 3232 3798 3609 3226 3169 1468 2344 2761 2431 3295 3478 3078 3448 3037 3032 2762 1860 2362 4098 5844 5652 7545 7450 
3425 3582 3874 2685 3622 1979 2155 1383 1193 3023 2171 2416 3948 3421 3923 3128 2771 2154 1779 1685 2860 7520 4673 5652 7528 
3553 2984 2584 3524 2095 2005 2165 3022 2704 2401 3581 2065 3353 2695 2639 2513 2070 1942 2298 1576 4884 5530 5515 6981 6740 
2782 2444 2999 2194 2593 1989 1612 2488 1704 4939 4559 1808 2623 2244 2133 1526 2688 2901 3329 1346 4259 4574 6496 5726 6039 
2667 2895 1636 2196 3534 2124 2602 1875 2426 2865 1701 2650 2602 3537 2820 5481 2353 1970 3104 4893 2007 2069 6057 5751 6536 
3071 1541 2013 1692 1981 2507 2379 2196 2281 3181 2384 3328 3252 4212 3876 2692 2914 3395 2889 3071 2747 2809 5911 3700 5293 
2564 2409 2174 4092 2665 3690 2973 2769 2576 2986 3514 4635 4424 4472 3868 3010 3849 4630 5012 2369 2971 2067 3188 4551 4985 
2439 3041 2742 1962 2592 2702 3361 2685 6667 6980 4804 2817 3679 3526 3469 3408 5298 3856 3779 5270 3202 2316 2834 3415 5452 
3605 4483 2637 6084 2440 1708 2585 8441 1100 3813 5198 8465 8995 7316 5484 3801 4743 4695 5195 5619 5387 2898 2571 4075 6008 
3122 2595 3414 4453 5119 4340 1936 8316 5598 3160 815 5513 5488 7386 7723 7764 4390 6066 5487 5339 6141 4651 4120 3903 4575 
