includes/gis/ASCII_5k/mod13q1_ndvi_2012_321.tif.txt
ncols         25
nrows         20
xllcorner     257482.3972
yllcorner     9670060.6647
cellsize      5000
NODATA_value  -9999
4945 4805 5595 5224 5284 2605 3725 2063 2315 1687 2603 4022 5122 4969 5038 5141 3634 5006 3685 4366 2522 3807 2392 2249 2330 
2785 4599 2980 3670 2588 3034 3018 2685 2826 3895 4217 4965 5223 4507 4331 4773 4149 3493 4115 3026 3831 1372 2414 3585 3736 
4926 5554 3582 2282 2977 2065 2804 2544 955 2464 2609 2776 5208 6720 2723 2075 2342 2381 2362 3112 3351 2013 3503 2629 4362 
4399 4362 1883 2934 2579 1826 1245 3204 2809 3395 3121 2594 3613 3980 3464 2141 2881 2162 2556 3362 2895 2350 3083 3045 3981 
3131 2469 1543 2578 3901 3151 3817 2848 2995 2639 3337 4403 3188 4495 2188 2089 1482 1518 2024 3970 2290 4104 3284 3793 2841 
2753 4270 3464 2951 3114 3201 2284 2047 1704 2507 3522 2594 2437 2919 2760 4343 2696 2216 1793 2970 3590 3300 2638 2183 1305 
2430 1653 4066 3258 817 2726 2874 2419 2197 2518 2947 2869 4789 3877 3356 2699 2749 906 1348 5774 4591 2247 1949 2709 3217 
2983 1549 3930 2363 1672 2413 2044 2511 2427 2282 2501 2612 3490 2691 2073 2162 2255 2300 2946 4254 -9999 7634 6348 5480 4934 
4198 2952 3413 3909 2420 890 2986 2016 1797 2731 4315 2575 2774 2416 2514 2283 2293 3629 4025 5449 4790 5948 5776 7793 6660 
4912 2840 3565 831 3660 2487 2819 437 1906 2255 1925 2723 2281 2288 2507 3030 3014 3192 4278 4038 6502 2861 7992 8685 6064 
5052 2033 2440 3773 3763 1820 2175 1390 2319 2371 2928 3083 2864 2775 2911 2701 3349 3362 3176 3059 5443 5589 4982 7283 8578 
4052 4196 3018 2563 2554 2251 2115 1364 1019 1814 1893 1762 1825 2151 2032 1969 2304 3117 3228 3300 5096 7648 2569 4657 7998 
4577 4304 2537 3817 2650 2516 1242 2753 1950 1362 3455 1158 1852 1713 2489 1889 2234 3165 2956 1913 6170 6303 6738 3481 7709 
5220 2540 2714 2869 3611 1713 1226 3580 836 5166 2393 1714 1888 1617 1593 1992 3169 2834 5638 1692 5662 5328 7137 6271 7478 
3789 3517 2637 2425 4192 2269 3562 2819 1879 1745 2182 1826 2129 2010 2006 6386 2185 2509 3338 5105 1564 2472 8410 5074 7383 
3662 2132 3176 2724 2851 1761 3655 4911 2968 2794 2258 3664 2493 3152 2998 2600 2680 3244 2589 3793 4078 2911 6141 4307 6391 
3315 3206 2607 3277 3758 6297 5686 2709 5386 4153 5597 5743 2636 4243 2882 2702 2735 4727 3995 3247 5689 3722 3654 5568 5567 
4587 3661 3626 4863 5657 6075 5233 4072 1513 3390 4150 3043 -9999 3154 1992 2443 5629 3910 3964 5755 5507 4748 3174 5217 5887 
4525 3882 3958 4083 668 3333 2993 1596 2662 876 1083 4462 3423 3563 4071 3520 3930 4792 5529 5554 6179 4421 2347 3134 6097 
4430 5696 5671 4054 1753 1535 724 2122 4699 3124 596 346 1158 4070 8306 7838 4452 6226 5420 5804 6163 4868 3291 2281 3486 
