includes/gis/ASCII_5k/mod13q1_ndvi_2016_177.tif.txt
ncols         25
nrows         20
xllcorner     257482.3972
yllcorner     9670060.6647
cellsize      5000
NODATA_value  -9999
4324 4342 5884 6058 5759 5315 6125 4301 3491 4649 3385 3978 2417 2921 2242 2180 493 3287 2966 3173 2688 2554 2787 2826 2825 
4301 2927 5838 4725 5644 3750 4663 3592 2799 4171 2726 2809 3578 4580 2057 517 3397 2002 3522 1346 2606 3496 1846 3627 3192 
3978 3797 4065 4214 4634 4117 3209 2419 3339 2697 2898 2415 3124 3335 2741 815 2135 2543 2890 2356 2608 1827 3068 2958 2512 
4813 6250 4326 4837 4614 4644 3414 4037 2969 3814 2882 2552 3323 3085 2012 1759 2547 2307 1508 4778 666 1309 2803 2632 3954 
2360 2337 3474 5278 2709 6660 3260 2999 3068 4210 3767 3769 4053 4394 1456 1071 2936 654 1942 4154 1393 946 2518 3428 3879 
1224 4491 3261 3863 3104 3522 3614 3459 3026 2906 4823 4292 2720 1303 1788 1527 2905 843 2924 4584 3154 1868 2527 2924 3683 
3528 5082 4610 4235 1254 3366 3598 2919 2222 2803 3149 2478 3105 1784 1238 3042 1959 2116 2788 3941 2654 3998 1856 1420 3195 
3804 4583 4517 3679 3812 3330 2242 3311 2310 2708 4404 2701 1782 1263 680 2054 1924 2291 2215 3882 5264 2289 1830 2734 4702 
3644 3757 4009 3647 4336 3252 2700 2216 2504 2681 2831 2572 2765 2321 1318 2066 2321 2401 1849 2948 5439 1027 1883 1379 5037 
4214 3138 3454 4322 2845 3349 3150 2520 2147 2204 2329 2685 2244 1741 2520 2087 4089 1241 1008 2628 3621 1796 1036 3600 5016 
2377 4098 2569 3033 2828 2983 2096 1584 2255 2054 1875 2565 2303 2347 2632 1934 2745 2735 2259 2614 2846 5947 1411 1982 1441 
2307 2816 3050 2248 2722 2042 2035 1887 1245 2216 2320 1873 2430 2250 2405 1948 1882 495 1125 3556 3432 6377 2548 6646 1136 
3340 2799 2470 2815 2140 1808 1248 2888 2848 1726 2707 1248 1958 1964 2251 2207 1764 2527 2056 1046 3372 4185 5149 6746 4914 
2743 2103 2238 2178 4385 1612 1486 2359 1675 6499 3285 1741 2258 2346 1388 1906 2905 2059 1443 1402 3633 2210 4541 5346 7112 
2855 2588 1399 1821 3628 1922 3002 2394 1910 2272 2096 2297 2366 2512 2581 5309 2060 2439 1399 652 953 1666 4008 3987 1155 
2351 1471 1751 1856 2045 2287 2804 3125 3543 3174 2259 2801 2413 2712 2607 2472 1425 610 608 446 844 1917 4986 3661 2391 
2188 2041 1448 2747 2359 3381 4077 4428 2266 3754 3995 3578 4083 2516 2365 2322 916 773 509 911 1320 2071 3323 2951 747 
2472 1320 2081 2628 2845 3588 5860 4159 1529 1161 2544 5430 5961 2430 721 717 481 414 1926 3590 2110 1840 2410 2195 2239 
1596 1616 1962 2470 2898 4953 6847 3148 6073 3006 4186 1871 2088 572 960 522 963 806 2668 472 644 2413 1845 2872 2719 
2131 2115 2594 2746 2402 4242 8203 8687 6526 5519 5886 3965 4857 1227 396 495 2059 1160 777 4177 1719 2797 3101 2304 2665 
