includes/gis/ASCII_5k/mod13q1_ndvi_2013_353.tif.txt
ncols         25
nrows         20
xllcorner     257482.3972
yllcorner     9670060.6647
cellsize      5000
NODATA_value  -9999
7243 6653 6676 7038 7954 7058 6809 5669 7015 5878 5622 6530 4604 6720 6134 6644 6728 7203 6966 6620 6388 6018 5926 4943 5599 
7183 6821 6974 6636 7390 6177 6181 6253 5676 7520 5865 5454 5905 6160 5477 7305 7611 6304 4869 6481 4851 6741 5042 -9999 4852 
6705 7014 7038 6222 5602 6453 6226 5800 6402 5409 6264 3926 5945 6255 6491 6214 6628 4838 6234 4951 6858 4310 5475 6468 3366 
7380 8165 6075 7133 6210 6465 6356 6269 4764 6135 5488 6051 6315 5756 6277 6516 7239 5705 4927 7415 3631 6102 7374 4364 7289 
7143 7302 6772 6441 7176 7270 6644 5435 4566 5526 5239 6299 5992 6410 4610 5614 7128 6217 5304 4601 5707 6617 5907 3231 7198 
5930 7393 7344 5378 6881 6123 3818 4888 6243 4484 6999 6034 4335 4936 4266 4109 6913 4760 6628 7741 8293 7925 6804 5871 4401 
6404 7409 7404 6832 5127 5045 5853 5589 4029 4827 5065 4314 5170 5336 5074 5626 5946 6843 5025 6187 6783 7316 7351 6852 6089 
6790 6635 6648 7332 4947 5041 3415 5730 6091 5069 7397 4178 4411 5525 3405 5211 5911 6247 5272 6030 6432 7661 7587 7972 8470 
5910 5474 7253 6531 5681 4646 4907 3771 5342 5204 6036 4771 5308 6809 4039 3678 4769 5839 5280 4817 5834 7229 3717 7821 8455 
6644 5617 6017 5963 4989 4219 4188 5704 5566 4466 4461 5132 5402 4786 5294 4995 4723 6487 4592 5008 6167 7074 4097 8747 7383 
5736 5960 4904 4774 3192 2740 2735 1572 5035 4593 4572 4831 4810 4624 5240 5701 5166 5318 5304 3628 5385 7003 7596 6204 7490 
4710 5166 5129 3810 3295 2506 3348 537 1083 3501 3325 3197 4710 4560 5570 4369 3779 5899 6230 4559 6013 7710 7756 7287 8177 
5158 4681 3241 4306 3588 3038 1942 2970 4424 2377 3848 2576 5076 6384 5514 4278 4826 4963 4465 4676 6790 7455 7150 8061 7969 
4665 2600 3771 3154 6326 2052 1772 3947 5252 7400 5986 2037 3713 6191 5349 5818 6507 5919 6860 3467 6705 6926 7305 6737 3925 
3091 2397 1818 1899 5802 2754 4237 4099 4677 5277 3801 5932 6469 7254 6377 8360 4759 4340 4657 6385 4511 3474 7073 6970 8113 
3789 1776 2934 1913 2843 3959 3958 5109 5787 7053 6498 6943 6894 7057 7774 6383 7455 5490 4370 4562 5068 4675 7001 6792 7511 
3054 2608 1687 2607 3497 4337 6073 7069 6279 6101 6475 7233 7229 7071 6966 6903 5830 6584 6288 3874 5993 4846 4945 6086 6215 
3627 2021 2544 3134 4561 6189 6989 6982 8230 8512 7391 5908 6028 6149 6813 6901 7078 6369 5023 5482 5119 6575 3985 4554 6788 
2785 3756 2962 4134 2797 5391 8023 8784 7810 8235 7373 8752 8728 8282 6616 5755 7889 7264 6937 6437 6256 5139 3944 4659 6383 
4824 5491 5492 6757 4716 7351 8597 9119 5440 3289 4912 4096 5301 7812 8451 8106 6801 7806 6903 6151 6744 5877 5917 4793 5117 
