includes/gis/ASCII_5k/mod13q1_ndvi_2014_225.tif.txt
ncols         25
nrows         20
xllcorner     257482.3972
yllcorner     9670060.6647
cellsize      5000
NODATA_value  -9999
2845 2282 3286 2994 2682 2522 3080 2168 2450 2439 2448 2816 3060 2827 1828 2236 1974 2656 2608 3027 2443 2766 2511 2451 2279 
2752 2676 2551 3054 3255 2749 2911 2775 2079 2760 2390 2555 2366 2681 2044 2502 2542 2848 2721 2478 2480 2836 2525 2987 2948 
2827 3300 3062 2423 3118 3070 2745 2532 2858 2362 2273 2117 2633 2613 2358 2296 2248 2044 2384 2515 3788 3122 2878 2849 2845 
2882 3546 3026 2504 2553 2810 3072 2934 2529 2839 2275 2330 2480 2149 2185 2311 2588 2141 2149 4326 2702 2497 2802 2430 2884 
2683 2719 2694 2586 2857 3322 3072 2637 2426 2601 2614 2584 2526 2821 2099 2200 2408 2364 2196 3876 2946 2996 2447 2890 3225 
2353 3053 2691 2780 2757 2557 2500 2646 2691 2528 3173 2610 2206 2265 2040 2083 2346 2077 2396 3500 3789 2922 2798 2857 2593 
2399 2985 1927 3173 2557 2539 2773 2460 2183 2253 2322 2403 2548 2554 2583 2357 2131 2202 2337 3074 2940 4864 2539 2841 3194 
2369 2518 2862 3091 2341 2811 2547 2576 2228 2135 2916 2443 2378 2508 2097 2405 2117 1956 2126 2317 3952 5292 4127 3499 3815 
2460 2611 2630 2703 2883 2294 1320 2206 2337 2474 2670 2399 2654 2398 2229 2097 1866 2123 2468 2235 4962 3759 4746 5183 4599 
2791 2321 2289 2606 2424 2573 2360 2253 2175 2145 2171 2318 2346 2291 2166 2057 1995 2099 1918 2453 2818 3804 4795 5280 4144 
2585 2847 2113 2270 2257 2197 1958 1589 2131 2059 1950 2402 2275 2430 2272 1982 2211 2278 1882 2049 2284 4591 4559 5185 4744 
2167 2272 2179 1960 2038 1763 1902 1798 1249 1833 2015 1841 2035 2364 2353 2055 2007 2412 1985 2168 2379 5431 4553 4651 5177 
2310 2009 1807 2061 2041 1758 1481 2952 2319 1628 2469 1388 1764 1796 2057 2079 1829 2158 1906 1833 2586 2520 3746 7959 4362 
2136 1680 1856 1904 2350 1651 1725 2071 1577 5605 3065 1886 1945 1922 1602 1956 2181 1963 3690 1256 2278 2220 3609 3857 5256 
2013 1777 1327 1580 2881 2061 2597 1779 1708 1897 1828 1731 1970 2075 2207 4815 2138 1854 1810 2895 1690 1633 4101 3839 5078 
1981 1503 1550 1488 1753 1825 2297 2281 2293 2392 2200 2537 2127 2410 2415 2146 2320 2016 1781 1913 2322 2198 4313 3082 3699 
1633 1812 1271 1714 1978 2374 2734 2733 2663 2629 2712 2806 2960 3042 2585 2678 1941 2682 2101 1510 2870 2230 2555 2577 3852 
2285 1425 1727 1896 2214 2390 3142 3303 6512 7629 4619 2886 2802 3033 2500 2410 2676 2283 2000 2873 2424 1929 2056 2143 2623 
1568 1681 2028 2158 2217 3184 4348 3878 4368 7148 8071 8499 8646 6810 4515 3288 2924 2404 2414 2655 2690 2022 1659 2024 3314 
2194 1932 2443 2363 2342 4110 6194 5440 5980 3550 3344 1656 3807 7582 8566 7576 3898 3150 2118 2909 2270 2272 2320 1910 2435 
