includes/gis/ASCII_5k/mod13q1_ndvi_2013_177.tif.txt
ncols         25
nrows         20
xllcorner     257482.3972
yllcorner     9670060.6647
cellsize      5000
NODATA_value  -9999
4948 4832 5009 5466 5608 4577 3901 3140 4022 3400 3352 4152 5902 5747 4094 4572 4336 4101 4144 3574 3342 3490 2777 2759 2501 
3875 4501 4826 4468 5180 3918 4084 3909 2771 3918 3110 3949 4840 4696 3502 3707 3620 4188 3564 3604 3743 3821 3109 3250 3264 
5167 4231 4656 3821 4661 4578 3655 3162 3540 3352 2671 2186 3676 3901 3755 4019 3446 2917 3376 3125 5091 3740 3488 3543 2942 
5950 6167 4973 4376 3799 4295 3682 3530 3187 3766 3186 3421 3571 2909 3234 3833 4316 2976 3239 5456 4267 2630 3846 3217 3558 
4923 5210 4920 4809 3974 4957 3689 3449 2747 3382 3618 3603 4036 4063 3189 3604 3618 3121 3354 4754 3584 3563 2680 3200 3361 
3841 5443 4928 4122 3725 4607 3525 3269 3488 3193 4615 3932 3316 3411 2749 3361 3127 2706 3472 4527 5175 3723 3148 3567 3496 
4495 4884 4419 4706 3816 3363 3969 2645 2622 2562 2855 3384 3212 3172 3671 4077 3122 2963 3094 3308 4242 5709 3734 4234 4035 
4042 3915 4546 5261 3563 3078 2955 2845 2981 2690 3967 2880 3041 3649 2615 3472 2972 3431 2507 3204 4833 5972 5301 5086 5642 
2883 2757 3730 4386 4008 2750 2613 2443 2869 3355 2975 3439 4143 3561 2730 2734 2739 3028 2906 2827 5650 5523 5886 6339 6281 
3829 3314 3292 3676 2893 3403 3102 2945 3793 3131 3346 1457 3283 2701 2473 2448 2749 3162 2580 2658 3813 5966 5915 6349 5839 
3287 3617 2874 3461 2472 2649 2155 1696 2229 2482 2107 2246 2807 2972 2275 2323 2773 2582 2571 2442 3206 5685 6171 6565 6293 
2647 2718 2894 2541 2417 2073 2104 1936 1243 2203 2220 2190 2323 2424 2461 2103 2052 2875 2604 2644 3097 5994 6182 5950 5757 
3606 3074 2372 2308 2139 1962 1440 2879 2907 2038 2384 1372 2096 2261 2548 2345 2198 2803 2093 1844 3344 3793 5413 7503 5745 
2585 2259 2260 2513 3958 1645 1477 2643 1961 5073 4499 1814 2263 2029 2153 2617 3309 2045 4559 1641 2682 3007 5255 5981 6384 
3226 2344 1654 2211 3374 2358 3436 2120 1998 2536 2328 1722 2390 2504 2280 4922 2518 2326 2215 3765 2483 2311 5280 6373 6332 
2391 1656 2089 1848 2347 2560 3133 2654 3120 3690 2875 2981 3182 2703 2758 3051 3229 2773 2092 2372 2910 3221 4404 4391 5992 
2151 2650 1382 2199 2336 3703 4492 3943 4751 3483 4716 4736 2376 2600 3525 2778 2841 4365 3078 2367 3729 3190 3048 4411 4309 
2807 1607 1939 2289 2891 4117 4469 5999 7201 5100 7164 3859 3056 3480 1814 2738 3554 2961 3091 4606 4122 3119 3147 2901 3774 
1821 1769 2109 2608 2664 5738 5412 8356 8443 8506 8542 8276 8506 7626 3554 1979 4340 3774 4794 4837 4136 2913 2624 3684 3803 
1962 1934 2421 2644 2726 5828 8026 8562 6050 5306 5616 5781 6323 4585 4166 4759 5278 4232 4415 5391 3707 3262 3529 2637 3938 
