includes/gis/ASCII_5k/mod13q1_ndvi_2007_193.tif.txt
ncols         25
nrows         20
xllcorner     257482.3972
yllcorner     9670060.6647
cellsize      5000
NODATA_value  -9999
3518 1220 1040 1500 4370 500 4126 2719 4449 2665 838 2035 7295 4059 2159 1086 3355 3619 3961 3442 3029 3292 3039 2807 2771 
3080 1532 2456 1963 5027 3542 2722 1842 1473 1556 2459 919 1381 855 2283 1887 2619 2630 4562 3437 3327 3698 2319 3717 1459 
2198 1838 3486 2564 1318 3733 2845 1899 2995 478 4494 751 1636 1738 2260 1201 1308 3070 1296 3027 4410 4069 3963 4037 3148 
1026 1259 3255 3777 3280 3459 3716 1402 1741 2008 6485 1426 2096 2643 2665 2473 2583 2044 2840 3182 2173 3511 3848 3321 3900 
2417 1262 5632 3645 3219 4832 2966 2115 1314 1244 884 3092 1136 2232 2280 2968 4009 2864 3296 4258 1750 4249 3310 1578 3690 
3115 4388 3791 3894 3660 4102 2846 3005 1002 2119 1212 889 3214 3026 2726 2191 2301 2164 2911 1631 2790 3390 4037 3624 3209 
2751 3149 4242 4667 3961 1865 2393 2946 387 1428 1262 2668 1339 1537 1607 2403 1896 2551 1454 3371 3117 3015 3615 3177 3363 
3368 3186 1493 4579 1508 766 2669 5746 2402 2089 2422 2476 1821 2351 2391 1753 2295 2020 2181 2354 822 2652 928 4044 4931 
3183 3175 3855 4100 2538 2718 203 2798 622 739 523 1068 668 3788 2501 2285 1820 2382 2674 2670 4760 2908 5598 6060 5420 
3760 2796 2651 2896 2761 2464 591 1302 3522 1223 1525 982 3050 871 3096 2166 2662 1832 2176 2293 3761 4443 4052 5885 4712 
3372 3187 2472 2786 2792 2634 1411 1342 1482 2312 2454 2615 935 629 2914 2506 3083 2703 2149 2322 2688 5441 3598 4398 5488 
2807 2692 1986 2441 2223 1753 1499 1419 1206 2512 1506 1501 3241 1584 2429 2905 2322 2874 2518 2192 2472 6343 4283 4013 5361 
3050 1994 1755 1907 2089 1904 1268 2839 2324 1228 2316 1024 1898 1157 2339 2338 1974 2532 2259 2049 3131 3704 4620 8342 4071 
2766 2554 1773 2278 1596 1340 1129 2605 910 5114 2842 1882 1821 2158 1219 2281 2913 1932 2024 1071 2611 2845 4222 1885 4107 
2649 2121 1091 1307 3111 1894 3019 1373 669 1040 710 2688 1715 2139 1189 4985 794 2910 2023 3142 1231 1818 4483 2572 4531 
2327 1520 1632 1950 1186 2650 2528 3672 1440 2388 3292 3556 1897 2973 2943 1319 1113 3096 2225 2499 3080 2330 5073 3449 4801 
1902 1635 1456 2487 2253 2864 2955 1939 3735 3897 3834 1588 935 727 1164 2379 2500 708 2601 1933 2029 2779 2501 2887 4370 
2031 1789 1870 2532 2811 3447 4194 5660 1270 2520 2915 3930 2428 1370 1408 694 2896 1752 2802 3302 2391 2100 2007 2670 2788 
1538 1842 2081 2462 2393 3539 6713 8691 5273 6105 5853 3770 5316 2542 504 468 3531 3091 3007 3720 3127 2224 1776 2919 3227 
1943 2132 2587 2585 2622 4603 8238 8486 6107 5150 4601 5423 6368 7597 1463 2154 2293 4248 3990 3312 3388 2711 2931 2176 1566 
