includes/gis/ASCII_5k/mod13q1_ndvi_2002_257.tif.txt
ncols         25
nrows         20
xllcorner     257482.3972
yllcorner     9670060.6647
cellsize      5000
NODATA_value  -9999
2608 2502 2970 3306 3740 2603 3219 1947 2508 2133 2335 3191 3728 3199 1876 3092 1510 2445 3139 2980 2566 2567 2748 2431 2623 
2765 2529 2145 3235 3568 2552 2817 2356 1979 2133 2037 2697 2929 2621 1991 2751 2931 3117 2743 2728 2649 3079 2601 3418 3646 
2806 3491 2910 2161 2940 2709 2428 1877 2568 2078 2005 2085 2584 2654 2118 2417 2265 2152 2613 2336 3839 3375 3026 3158 3015 
3190 4208 2540 2408 2381 2593 2345 2475 2308 3065 2225 2209 2634 2009 2442 2030 2625 2375 2562 4330 2694 2472 2855 2169 3576 
3142 3736 3015 2877 2973 3223 2278 2080 2208 2407 2470 2515 2387 2874 1778 2047 2317 2252 1966 3122 2337 3514 2286 2521 2850 
2317 3530 3871 2908 3351 2902 2035 1942 2278 2425 3676 2658 1818 2017 1883 1946 2641 2178 2237 3936 3846 2703 3483 2982 2893 
2793 3137 3762 3919 2693 2190 2327 2320 1921 2036 2070 2085 2292 2265 1988 2185 2014 2304 2017 2872 2582 4747 2716 2877 3049 
3102 2562 2607 3212 2295 2284 2341 2244 2412 2431 2200 2494 2198 2081 2068 2257 2204 1887 1883 2112 4226 4831 4257 3587 4261 
3587 3228 3447 2753 2888 2260 2330 2131 2154 2258 2280 1963 2229 2144 2007 2016 1585 1854 2354 2258 5263 3266 4551 5893 4655 
4454 2618 2601 2676 2446 2601 2218 1928 1935 1985 1884 2036 1983 1785 2078 1844 1763 1825 1895 2036 3016 3072 6336 5659 4240 
2979 2880 2369 2359 2052 1960 1889 1007 1820 1815 1603 1740 1925 1848 2111 1953 2040 1850 1897 1969 2088 3958 3804 5596 4912 
2382 2094 2229 1780 1746 1394 1589 1312 1086 1709 1723 1489 1780 1769 2050 1672 1815 2047 1682 1795 2109 6126 3944 3948 5512 
2654 1939 1859 2179 1910 1562 1223 3134 2107 1518 2418 992 1682 1616 2054 1810 1707 1940 1969 1629 2711 2708 3170 7971 4455 
2327 1722 1755 2058 2158 1488 1138 2353 1466 4700 2868 1589 1732 1780 1554 1721 2339 2021 3505 1533 2205 2609 3554 3962 5328 
2091 1852 1390 1630 3391 2222 2510 1861 1752 1603 1629 1535 2035 1823 1965 5307 1776 1908 2068 2575 1562 1514 5189 3191 4868 
1827 1539 1391 1626 1716 1867 2225 1956 1827 1947 1905 2083 1978 2096 1958 1778 2274 2086 1768 2165 2253 1742 4373 2664 2899 
1600 1643 1358 2061 2008 2329 2783 2261 2640 2399 2098 2543 2690 2255 2011 2333 1939 2462 2244 1646 2050 2000 2317 3073 3964 
1629 1296 1772 1907 2861 2572 2816 2276 6660 7581 3129 2150 2153 2731 2134 1788 1987 2196 2126 2849 2114 1814 2228 2584 3318 
1199 1625 1983 2169 2113 3020 3864 8242 8115 7855 7733 8104 7792 4835 2800 2322 2641 2223 2396 2937 2759 1851 1711 2688 4176 
1764 2054 2333 2288 2148 3070 8339 7923 6244 4513 4638 4716 5588 7091 4212 5444 2666 3452 2794 2554 2917 2447 2855 2124 2697 
