includes/gis/ASCII_5k/mod13q1_ndvi_2006_241.tif.txt
ncols         25
nrows         20
xllcorner     257482.3972
yllcorner     9670060.6647
cellsize      5000
NODATA_value  -9999
2901 2426 1775 1634 1220 2129 3084 2592 2421 2445 2107 2917 3021 3443 2510 3004 2405 3018 2804 2723 2530 2621 2716 2402 2118 
2930 2856 2421 2685 1250 2511 2619 2902 1777 2419 2414 2633 2664 3048 2630 2567 2532 3037 2782 2759 2573 3018 2575 2753 2998 
2899 3848 3141 2318 2543 1929 2592 1637 2461 2384 2450 2175 2394 2480 2375 2462 2113 2235 2496 2227 3706 2748 2530 2657 2625 
3022 4556 1684 2159 2351 2285 2438 2628 2475 2865 2252 2289 2664 2243 2293 2628 2712 2212 2109 4067 2581 2247 2406 2064 2729 
2905 2754 2880 3129 3575 4126 2210 2577 2490 2809 2822 2964 2739 3061 2132 2033 2210 2155 2095 3457 2306 3055 1722 2973 2568 
2433 2957 2822 2789 2627 2835 2406 2402 2869 2656 4033 2766 2268 2310 2015 1997 2249 1894 2228 1673 3350 3091 2781 2466 2298 
2625 2949 1748 3325 2366 2384 2633 2209 1951 2360 2384 2530 2661 2424 2357 2401 2196 2017 2064 2776 2801 5047 2319 2384 2597 
2732 2522 3159 2770 2862 2423 2348 2365 2152 2039 3636 2735 2626 2672 2095 2228 2313 1999 2238 2415 4053 4919 3794 3310 3829 
2563 2717 3066 2673 3048 2379 2177 2243 2067 2304 2307 2652 2369 2377 1888 1804 1679 1996 2571 2316 5022 3407 4928 4494 4388 
3021 2674 2655 2071 2466 2056 2272 2164 2044 1968 2051 2124 2261 2170 2190 1968 1940 1889 1687 2209 2828 3537 5426 4802 4004 
2545 2679 2264 2391 2158 2157 1935 1147 1827 1708 1707 2295 2114 2200 2249 2002 2143 1973 1677 1975 2476 4470 4147 5053 4275 
2522 2400 2350 2152 2270 1640 1677 1261 1012 1650 1714 1880 2000 2185 2728 2014 1854 2071 1674 1665 2213 5746 4743 3926 4107 
2587 2571 2042 2102 2037 1679 1362 3088 1953 1461 2090 1137 1938 1926 2155 2252 1814 2036 1803 1495 2574 2668 3798 6931 2879 
2143 2275 2134 2111 2539 1753 1418 2278 1512 4863 2386 1529 2034 1697 1798 1673 1835 1739 3107 1095 2354 2416 4277 3583 5639 
2151 2018 1557 1710 2816 2226 3143 1946 1795 1843 1761 1788 1900 2003 2128 5121 1821 1738 1815 3193 1728 1407 3994 3383 4706 
2295 1672 1691 1672 1950 2155 2088 2283 1893 1911 2000 2244 2118 2183 2005 1783 2302 2017 1713 1674 2088 1763 3983 2709 3534 
1899 1760 1446 2423 2027 2481 2274 1374 3144 2688 2696 3436 3509 2659 2351 2270 1905 2569 2204 1643 2131 1857 2033 2566 3943 
1867 1754 1894 2109 1428 -9999 3305 1840 3521 1739 3191 2830 2836 2618 2644 2269 2829 2183 1865 2730 1824 1630 1997 2188 2603 
1537 1689 2185 2216 1289 1567 1636 329 448 344 904 1988 8572 5933 3155 2938 2475 2260 2216 2718 2542 1808 1577 2376 3414 
1948 1872 2386 2602 3302 1702 -9999 660 925 1609 1085 1221 4376 6762 4672 6620 3086 3037 2669 2391 2763 2394 2442 2026 2312 
