includes/gis/ASCII_5k/mod13q1_ndvi_2004_049.tif.txt
ncols         25
nrows         20
xllcorner     257482.3972
yllcorner     9670060.6647
cellsize      5000
NODATA_value  -9999
4939 3776 5273 6207 5969 5108 5188 2588 4069 3138 4370 6193 6594 6754 5271 5674 4989 5991 7168 6351 6117 4841 6305 5297 5514 
3108 4243 3826 3795 6347 4551 4497 4374 3516 5531 4937 5055 6414 6172 4876 6162 5883 6183 5514 6133 6434 6697 6710 7430 6869 
3681 4997 4306 3353 5123 5554 4393 3557 3917 3711 3789 2974 4202 5292 4676 5186 5836 3917 5404 5825 6955 5759 7789 6967 5217 
4163 5527 3328 4112 3763 5263 5351 4632 3118 3984 3573 5680 5000 3761 4863 5072 6327 4722 4668 7372 6013 4983 7057 5707 5961 
4459 4243 4871 4569 5386 4499 3901 4270 2946 3261 4069 4191 5119 4647 3614 4687 5540 5374 4006 5045 3854 5339 3748 6663 6030 
4120 5840 5774 4868 5141 5723 3767 3019 3256 3432 5481 3822 4350 3701 3450 4386 6438 4218 5112 6500 6577 5284 5568 6339 5778 
5655 5757 6345 6297 5835 3965 2832 2866 2683 2793 2821 3163 3847 4367 4277 4079 4352 6533 5393 5239 5473 6587 6299 6252 5783 
4239 4685 5692 5247 4289 4051 3859 3738 2843 2442 1946 3438 4997 4792 3836 3769 4465 4884 5475 5951 6067 6733 7741 8186 7914 
4036 4782 5005 4413 6106 3464 3264 3358 2447 2849 3266 3853 5364 5052 4210 3535 4195 5210 6674 6355 6058 7093 4443 7714 7280 
5535 3783 3255 4365 4431 4687 3078 2465 3174 2885 3363 4711 4124 4843 4041 3005 4325 6066 5982 6481 6902 5794 7910 7865 7936 
4218 3928 3716 3342 3391 2695 2610 1296 2744 2956 2228 3924 2549 3158 3629 4293 3863 5041 4601 3925 5368 7133 7437 7883 8243 
3333 3871 4117 3350 2617 1924 2133 1564 1178 2326 2040 2942 4897 3553 5918 4157 2786 3534 3273 3810 5885 7365 7469 7509 8021 
4402 4574 3197 3516 2016 2163 1512 3271 2979 1959 3420 3537 4572 5826 5673 3599 2911 3043 3746 5442 7346 6007 6438 6911 8151 
3347 2539 2367 2252 2323 1661 1335 3270 2000 7239 5087 1935 3173 2804 3637 3928 3657 2980 5527 2244 6298 5601 6230 6114 5345 
2849 2389 1649 2191 3793 2460 3133 2352 2139 3543 4079 4100 3053 3692 4002 8105 2614 3054 4266 5314 3214 3241 6121 5459 7176 
2674 1927 1993 2182 2555 2838 2952 3059 2776 2921 3363 4427 4679 5756 3344 3417 3477 4733 3543 3584 4436 3522 6086 3563 5876 
2459 1848 1701 2757 2991 3946 3615 4170 3947 4290 5061 4600 4559 4062 5303 3491 3132 3822 3264 4727 3869 4730 4299 3769 4983 
3383 1829 3070 3195 4814 5520 5839 3670 7795 7961 6602 5951 5900 5023 3837 3654 4263 3626 2986 4274 3428 3397 3497 4708 5318 
2439 3029 4515 4440 5449 5790 4361 8469 8339 8153 8184 8372 8515 7747 6521 5396 5025 3503 3663 5145 4493 3240 3223 3968 6399 
3646 3177 3832 3964 4926 5586 8869 8626 5906 5199 5484 5844 5765 7222 6710 7724 5713 5634 3718 5391 5252 3925 3944 2935 4166 
