includes/gis/ASCII_5k/mod13q1_ndvi_2006_001.tif.txt
ncols         25
nrows         20
xllcorner     257482.3972
yllcorner     9670060.6647
cellsize      5000
NODATA_value  -9999
2639 2503 3264 2570 3708 2306 3152 1520 2131 1841 2323 4095 3501 2795 1212 1461 1876 2998 2733 3372 2402 2428 2386 2190 2067 
2295 2288 2192 3320 3112 2265 2750 2060 1885 2149 2233 2732 2750 2511 1760 2427 2858 3213 2679 2470 1893 2811 2529 3560 3514 
2628 3356 2797 2029 2544 2214 2370 1743 2657 1968 1788 1884 2430 2611 1955 2079 1725 2202 2678 2421 4050 3267 3209 2876 3724 
3137 4138 2624 2702 2100 2325 2272 2442 2122 2863 1946 2002 2467 1937 2064 1721 2096 1775 1857 4895 2726 2591 2944 2256 3272 
2806 3563 3395 2689 2806 2780 2131 2031 1936 2155 2380 2420 2396 3366 1696 1906 2654 2379 1970 4682 3276 3710 2144 3244 3902 
2399 3363 3537 2639 2805 2889 2253 2098 2049 2300 2567 2305 2242 2242 1829 2298 2385 1793 2281 4732 4833 3562 3694 3017 3612 
2764 2698 3514 3695 2499 2358 2310 2199 2090 2160 2251 2177 2434 1788 2490 1767 1597 2090 2143 3132 3026 5952 3970 4914 4190 
2926 2171 2421 2969 2375 2225 2073 2233 2204 1973 2619 2166 2374 2308 1845 2073 1948 1554 2068 2479 4897 6398 6791 6011 5592 
2233 2638 2879 2759 2955 2167 1964 1817 1933 2198 2351 1913 2294 2290 1981 1830 1856 1920 2687 2695 5799 5425 5741 6870 6164 
3383 1944 2530 2444 2197 2345 2053 1785 1747 1794 1841 2107 1794 1877 1869 1795 2213 2011 1957 2666 4064 5115 7674 7536 6557 
2602 2798 2082 2500 2253 2235 1790 1020 1870 1734 1679 1706 1858 1972 2034 1956 2167 1894 2203 2088 3362 6252 5958 7587 7911 
2005 1858 2031 1731 1884 1597 1485 1197 939 1731 1684 1636 1684 1842 2226 1744 1894 2119 1921 1934 3273 6949 6752 5894 6738 
2249 1624 1362 2237 1802 1455 1309 2613 1893 1319 2408 1035 1640 1610 1999 2025 1832 2177 2106 1867 3163 4503 6387 6939 5206 
1925 1476 1703 1709 1988 1469 1171 1967 1385 4860 2800 1530 1802 1571 1955 1447 2283 1962 3213 1220 2650 2934 5610 6001 5161 
1925 1619 1222 1549 2802 1988 2190 1588 1626 1510 1529 1823 2067 2298 2022 5343 1999 1782 1922 3561 1615 1648 6512 6476 6402 
1716 1416 1428 1461 1663 1663 2081 1895 1893 1969 2016 2421 2280 2786 2268 2133 2507 2483 2075 1995 2415 2203 5079 3463 4803 
1455 1621 1251 1937 2095 2368 2424 2450 2515 2407 2781 3153 3699 3028 2267 2713 2222 2705 2456 1609 2203 1877 2216 3030 4763 
1663 1165 1802 2328 2574 2288 2601 4136 6512 6950 4006 2857 2998 3324 2360 2116 3828 2591 2438 3335 2167 1878 1929 2470 3579 
1639 1829 2090 2456 2524 2489 3021 8629 8277 8207 8286 8455 8701 6567 5942 4433 4816 4540 3360 3263 3271 2061 2056 2704 3798 
1799 2238 2790 2886 2693 4917 8137 8262 5010 4726 4773 5391 5809 7056 5800 7149 5680 5551 5754 4537 4420 2972 2810 2171 2852 
