includes/gis/ASCII_5k/mod13q1_ndvi_2008_321.tif.txt
ncols         25
nrows         20
xllcorner     257482.3972
yllcorner     9670060.6647
cellsize      5000
NODATA_value  -9999
4890 2957 4711 3279 4481 3219 4599 3849 4204 5004 3997 4717 5234 5169 4102 4465 3527 3047 5744 5804 4123 4481 4895 3497 3687 
4728 3632 4479 4723 4731 4005 5114 4424 4622 5392 4758 4412 5247 4557 4073 4669 5807 4867 4615 5184 4599 5289 4573 7614 7476 
3397 4278 4598 3882 4917 5195 5087 4107 4660 4031 4457 3582 4453 5174 4246 3692 4370 4212 4770 5018 6717 6957 5594 4969 5896 
4294 5326 4164 4633 3797 4617 5101 4488 4072 4809 3673 3977 4901 3004 2854 2543 3489 3778 3409 7095 5764 4726 4426 3492 5957 
4772 4771 4173 3828 3858 5895 4585 4058 4013 4204 3869 4721 4323 5028 2548 3353 5112 4714 3398 6729 5937 4689 3536 4612 4807 
3818 4994 4417 4211 4925 4448 4038 4210 4285 4536 5809 4553 3448 3948 2823 3044 3460 2802 3457 5640 6733 5601 4035 4838 3987 
3734 3098 4155 4010 3809 4162 4092 3306 4053 3663 3580 4121 4226 4433 4066 3022 2601 3172 3046 4471 4185 6327 3922 4314 5067 
5294 4129 3593 5303 3711 4006 3866 4251 3226 3513 5256 4405 4269 3475 2214 2272 2051 2547 2987 4154 5947 6838 7710 6326 7662 
4630 4171 4082 4924 5360 2992 3215 2813 3710 3783 4352 3790 4083 4666 3457 3029 1967 2457 3851 4751 5809 6424 5673 7492 7960 
5089 3923 3679 3384 3570 3620 3706 3134 2564 3761 3133 4179 3993 3935 3144 2199 2964 3667 2534 4093 5850 5811 6278 7826 7462 
4625 3521 3018 3203 3553 3434 3332 1598 2927 2773 2817 4471 3510 3698 3335 2318 3421 2692 2739 2973 4115 6043 5336 7165 5301 
3196 2990 2668 2518 3428 1911 2596 1470 1063 2623 2723 3333 3149 2135 3059 2743 2407 3323 2973 2846 4495 7133 6376 3848 7157 
3484 2736 2207 3259 1958 1664 1447 2976 2289 1820 2990 1633 3442 3664 4442 3146 2763 3077 1845 2180 6158 6256 4780 7379 6496 
2543 2137 2848 2371 4882 1995 1468 3089 1871 6555 4286 1802 2621 3716 3236 2868 4837 4021 3806 2742 4881 5602 7169 5514 7004 
3560 2356 1502 1721 3345 2543 4339 3183 2847 3551 2412 3824 3746 3639 1978 7072 2960 3048 3819 3565 3374 3045 5266 3809 6863 
2672 1806 1805 1796 1954 2834 4145 4082 4748 3404 2692 4423 3963 4421 4474 3260 5009 4881 3575 4480 5235 4066 7287 1956 4421 
2638 1751 1748 3424 3140 4877 5583 4357 3894 3850 3554 4079 5286 3345 4313 3580 3510 5379 5476 3832 4594 4357 3254 3937 4868 
2632 2745 2676 3194 4608 5440 4611 6617 4766 6846 4641 3349 2831 3738 3679 3759 5065 4116 3839 5504 4128 3769 2914 3339 4771 
3122 3120 4104 5135 5182 5803 6620 8792 5762 8655 7202 5974 6161 6975 5134 4288 4758 4073 4481 5135 4877 3244 2731 3954 5074 
2980 3151 2951 4017 4936 7078 3702 8924 6103 6048 2146 1907 6025 6534 4827 6539 4967 5337 3811 4595 4923 4072 4310 2714 3686 
