includes/gis/ASCII_5k/mod13q1_ndvi_2010_337.tif.txt
ncols         25
nrows         20
xllcorner     257482.3972
yllcorner     9670060.6647
cellsize      5000
NODATA_value  -9999
5792 4816 5657 6216 6260 6008 6264 4631 5921 6155 5358 6335 6686 7307 5885 2902 2380 4249 5939 5783 4990 5613 6084 5254 5389 
4857 5484 5492 5635 5739 5568 5209 5010 4050 4139 4900 5300 5347 6503 3731 5167 5072 4284 4867 4735 5248 6047 6448 7981 7589 
4257 6500 5547 4366 5550 5322 4372 3712 4098 3432 3940 3341 4861 5433 3103 3748 5007 3706 5055 4726 6803 7636 6360 7560 6855 
5570 7347 5355 5178 4941 5471 5342 4695 3993 4449 3386 3763 5083 4554 4350 3611 4969 5511 4349 7139 6048 6148 7059 5413 7160 
5585 5596 4791 4748 4373 6795 4990 3743 3648 4048 3271 4604 4837 5140 3362 4915 6130 6264 4232 7000 6622 6415 4785 6536 6074 
3877 5721 4765 5963 5170 4636 3753 4235 4079 4087 5171 4232 3489 3604 2730 3265 5629 3525 4648 6750 7826 6576 6123 5616 4746 
4583 6160 6138 6059 6011 4074 3940 3343 4006 3654 3535 3923 4493 3887 2945 2654 3110 3171 3479 4893 6391 7622 6129 6190 5960 
4723 4544 6106 6991 5389 4718 4239 3418 3285 2682 5020 2865 4160 4165 2442 2951 3318 2644 2620 3527 6543 7505 8354 8428 8233 
5211 4802 4168 5056 6195 4140 4534 3344 3082 3557 3094 3058 3684 4306 2796 4167 3420 3797 2840 3285 6510 7139 5969 7642 8511 
5173 4159 3092 3893 3524 3080 3257 2369 2550 3033 2890 3801 2992 3409 2932 5004 4476 4614 2393 3412 6292 7242 7936 7911 8503 
4092 3732 3701 3647 3155 2651 2279 1333 2578 3070 3681 4138 2837 3755 4482 4488 4731 3321 3788 3860 5820 7025 8024 8390 8347 
3165 3522 3543 2810 2746 1877 1871 1468 998 2339 2114 2340 2599 4443 5594 4535 5492 4815 2947 3323 5344 7781 7811 8249 8294 
2934 2896 2365 3583 3035 2915 1612 3121 2111 1941 3034 1738 3525 5206 3991 4621 4987 2720 2888 2466 6934 7304 7269 8912 8313 
2992 1615 1971 1833 3136 1737 1278 4471 3221 7834 4326 1796 3502 4304 5400 6837 7517 5640 7096 1894 5974 6573 7939 7082 7538 
2715 2347 1295 1721 3963 2191 6155 4962 4792 6193 3754 6100 4919 6208 4869 8229 5115 4065 3668 7001 4641 4384 6891 7140 8234 
2379 1611 1904 1839 2075 3044 3728 4923 6293 5632 7231 5547 5119 6666 6796 5910 6534 6500 4457 5247 6358 5056 6008 5689 7879 
2833 2096 1650 2624 3086 4623 5268 4347 5372 6491 6465 6828 6576 6233 6824 5498 4495 6266 6236 6216 5311 4750 5160 6741 5026 
3365 2478 2573 3412 3545 5186 6792 6520 7983 8356 7652 4737 5435 5877 5978 7445 7121 5140 5429 5632 5515 4762 5747 7156 6638 
3945 3301 3637 4881 3349 5618 8017 8720 8318 8190 8043 8735 8793 8221 6254 6341 8056 7521 6815 6952 7030 5410 3709 7607 6777 
2576 3725 3290 5412 5939 7238 8546 8764 5753 5423 5820 5806 7272 7119 8596 7893 6829 7601 7015 6515 7248 6554 5748 4828 4938 
