includes/gis/ASCII_5k/mod13q1_ndvi_2001_049.tif.txt
ncols         25
nrows         20
xllcorner     257482.3972
yllcorner     9670060.6647
cellsize      5000
NODATA_value  -9999
6567 5133 6059 5077 5174 3497 3806 3192 3800 4494 3496 5539 6148 6305 4262 5264 5161 4427 4469 4311 4847 4131 4643 4130 4755 
6826 6300 5491 5377 5603 4068 3940 3426 3003 5577 3707 4558 5327 3943 4650 5433 5212 3902 3603 4495 4232 5682 4673 6286 5627 
5876 6794 5910 4435 4903 4474 3752 3098 4869 4472 5006 3803 3253 3989 3145 3912 3597 3153 3694 3402 5131 5919 6126 5411 4836 
6908 7768 5981 5263 5100 4578 3884 4454 3702 4695 4294 3189 3210 2705 2574 2989 3767 3040 3129 6284 4010 3773 5818 5027 5885 
6665 6454 4658 4905 6286 6297 4743 3557 3654 5144 4293 3508 3137 3571 2591 3048 3506 3619 4011 5613 3807 4691 4488 5695 5424 
4770 5266 5772 5466 6429 4886 4397 4680 5139 4267 6942 3864 3129 3158 2747 2933 3026 2788 3897 5598 6805 5841 6471 4823 4714 
4934 5465 5221 5599 6107 4539 4573 3819 4130 4423 3829 3857 4489 3714 3373 2638 2952 3292 3914 4345 4480 6851 5073 4824 4793 
5564 4519 5159 5538 4526 4514 4158 3847 5139 4422 6072 5243 3864 3714 2768 2740 3130 2501 3094 3951 6030 6501 6375 5883 7186 
4292 4417 5007 4887 5246 5060 4750 4958 4545 4554 5752 3696 3744 3152 2668 2777 2082 2513 2383 2948 5702 5607 5568 7519 7087 
4993 3390 4343 4497 4245 4896 4387 3479 3464 5405 4123 3815 3479 2726 3020 2549 2409 2132 2419 2901 4622 5614 7682 7666 6896 
4460 4767 4003 3835 3832 3735 3413 1561 3302 3529 3266 3772 3331 3098 3273 2867 2595 2190 2441 3026 3740 5807 6766 7687 7722 
3815 5037 4805 3731 4079 3242 2896 2017 948 2868 3180 3613 2737 3423 3595 2841 2478 2754 2991 3365 3367 7190 6906 7289 7648 
4547 4993 4401 3939 3941 4597 668 5104 3950 2624 4744 2305 3071 3458 3384 3400 2807 3007 2975 2207 3913 4273 5730 8695 7319 
3860 3372 2741 3868 5097 2908 1960 4278 3292 7058 5782 1919 2942 2424 2371 2898 3736 2919 6773 1673 3271 3069 5059 5661 7738 
3466 3165 2289 2302 4852 2583 4471 2781 2573 2682 3225 3559 2967 3771 3119 7002 3339 3685 3132 5430 2776 2157 5604 5434 6792 
2792 2041 1878 1961 2525 2474 3388 3806 3563 3216 4344 3757 3633 4031 4398 2847 3300 3442 3079 3471 3220 2605 5821 3905 5434 
2621 2307 1795 2270 2790 3539 5334 5168 5938 5194 4462 5172 5249 5129 3674 3484 3233 5213 3372 2835 4338 2958 2424 3009 4501 
3161 1963 2583 2290 3015 3731 5363 3457 8198 8258 7212 5382 5394 6221 5641 4658 4089 3292 3001 4861 4389 2815 2374 2799 3733 
2476 3327 3857 2771 2544 3959 3166 8740 8611 8464 8464 8771 9193 7814 6992 5701 5307 4869 4433 4834 4368 3236 2377 3301 4278 
5407 4449 3910 3614 3384 3162 7326 8599 5778 4698 5540 4906 6156 7786 7667 6841 6171 5472 5383 4831 4878 3699 3268 2274 3257 
