includes/gis/ASCII_5k/mod13q1_ndvi_2011_225.tif.txt
ncols         25
nrows         20
xllcorner     257482.3972
yllcorner     9670060.6647
cellsize      5000
NODATA_value  -9999
2758 2989 4163 3298 3830 2627 3452 2182 2426 2444 2815 3336 3248 2752 2073 1400 2135 2375 1376 2871 2599 2773 2566 2471 2331 
2638 2859 2807 3724 3928 2933 2966 2506 1927 2205 2505 3356 2842 2566 2080 2572 2126 2982 2573 2731 2753 2897 2586 3022 3169 
3134 3349 2922 2381 3239 2929 2634 2332 2616 2380 2270 2314 2681 2663 2433 2563 1917 2139 2816 3032 2896 2945 2777 3024 2904 
2880 3351 2820 2857 2650 2724 2903 2840 2526 2803 2537 2569 2775 2274 2104 1910 2349 1980 2484 2274 2711 2605 2789 2297 2909 
2671 2961 2744 2741 2193 2285 2830 2117 2527 2664 2937 2814 2490 2665 2264 2018 2145 2661 2410 3166 2351 3216 2378 2664 2746 
2355 3002 2741 2811 2165 2392 2527 2931 1937 2192 2358 2047 1691 2256 2163 2284 2591 2114 2419 3631 3333 2163 2370 2402 2335 
2475 3022 3119 3119 2764 2409 2130 2837 2096 2414 2370 2036 2406 2320 1523 642 2182 2396 2318 2672 2892 2917 2744 2494 2885 
2668 2504 2805 3143 2608 2355 2109 2660 2187 2353 2032 2131 2419 1292 1326 2478 1940 1805 2026 2429 3357 2289 4271 3244 3694 
2510 2742 2949 2543 3131 2291 2280 1646 2811 1881 2152 2419 1865 1732 1888 2020 1720 2042 2442 2439 4690 2009 1511 5472 4748 
2705 2400 2646 2578 2565 2577 2124 2102 1932 1974 1937 2202 2114 1530 1556 1897 2048 1958 1829 2128 2787 2964 2793 4552 3763 
2600 2571 2089 2308 2272 1878 1652 1244 1713 1434 1891 2241 2179 1841 1219 1913 2199 2069 1542 1848 2342 4183 3204 4371 3928 
2064 2125 2147 1739 1813 1713 1734 1422 1177 1506 1669 1840 1650 1315 1953 1918 1883 2133 1863 1928 2286 4914 3545 3471 4713 
2177 2089 1792 2078 1986 1899 1354 2863 2080 1647 2159 893 2079 1908 1481 2249 1584 2003 1773 1750 2503 2733 2921 7049 3614 
2025 1726 1820 1791 2481 1537 1370 2030 1545 4282 2598 1907 1889 1735 531 2571 2018 1939 4009 1397 2215 2102 3594 3720 5109 
2009 1793 1338 1735 2888 1968 2392 1739 1776 1841 1660 1709 2134 2023 640 4690 1313 1756 1746 2690 1680 1796 3760 3329 3887 
1889 1578 1623 1588 1753 1820 2055 2058 2009 1922 2036 2272 1890 2272 2266 2018 2019 2044 1949 1923 2098 2025 3468 2821 3040 
1807 1704 1229 1844 1941 2511 2397 2226 2272 2120 2474 1906 2873 2704 3151 2292 1967 2171 2336 1538 2369 1817 2215 2855 3501 
1978 1409 1903 1993 2146 2577 2547 2798 5394 4177 3654 2411 2243 2706 1395 2232 2869 2106 2089 2862 2126 1767 1967 2437 2554 
1336 1490 1838 2201 2270 2639 3098 7939 7871 7770 7557 7784 7835 4526 1801 2092 2372 2322 2474 2718 2555 1840 1579 2357 3343 
1653 1820 2095 2364 2133 3472 6932 8384 5269 4868 4870 5032 5333 7148 3172 3320 2956 3283 2140 2652 2707 2224 2319 1790 2608 
