includes/gis/ASCII_5k/mod13q1_ndvi_2012_305.tif.txt
ncols         25
nrows         20
xllcorner     257482.3972
yllcorner     9670060.6647
cellsize      5000
NODATA_value  -9999
5240 4390 4896 4635 4411 2814 3322 2026 2312 2236 2610 3652 4319 5064 2189 3823 1757 2269 2637 3333 2384 3012 2289 2359 2010 
4347 4652 4077 3318 3304 2575 2819 2345 2098 2870 3616 2781 4479 2284 2094 2403 3051 2861 3711 3759 2579 3431 2382 4017 4490 
4227 3757 3745 2659 3046 2990 2753 2303 2676 2242 2370 2271 2667 2915 2331 2120 2406 2099 2454 2449 3851 3292 2495 2647 3220 
4868 4980 2674 2588 2309 2753 2891 2899 2665 3687 3008 2361 3350 2104 2007 2320 2146 2027 2687 4255 2944 2479 2502 2349 3347 
3073 3229 2677 2409 2762 3521 2953 2661 2682 3056 2969 4134 2524 4339 2273 2086 1824 2418 2230 3912 3125 3139 2519 2481 2728 
3326 4254 2992 2794 2648 3022 2925 2648 2693 2586 3336 2648 2476 3062 2073 2557 2356 2108 2531 4222 4827 2893 3167 2826 2367 
3206 3621 3887 3068 2456 2570 2903 2442 2153 2375 2647 2613 2770 2864 3385 2741 2266 1902 2551 3086 2970 5903 2569 2667 3099 
3888 3785 4089 3433 2457 2539 2932 2615 2396 2231 2866 3304 3690 2798 1971 2246 2348 2313 2072 3060 5284 6509 6728 3496 4627 
4419 3040 4162 3743 3771 2955 4016 2223 2429 2683 4104 2444 3741 2411 2380 2940 2102 2903 3363 2448 5540 4277 4765 6172 5086 
3511 2857 2961 2930 3694 2803 3452 2785 2890 2008 3258 2798 2523 2844 2437 2634 2997 3097 1851 3100 4138 5220 6555 5438 5838 
4650 3521 2452 2855 3113 2775 2778 1916 2712 2684 3010 4129 3419 3556 2875 2395 3664 2462 2753 2403 3127 5635 5935 7245 7387 
3569 3824 3163 2311 2282 2413 2302 1445 818 1855 1706 1736 1843 2583 2129 1915 1904 2607 1870 1847 2848 7139 6155 5406 4915 
4263 3944 2511 3384 2954 2741 1367 2879 1980 1335 2120 1112 1726 1888 2212 2102 1744 2089 2447 2118 3629 5525 6084 4043 6468 
3996 2511 2669 2618 3903 1705 1303 2980 1959 6228 3178 1793 1948 1863 1718 1848 2587 2219 3590 1556 4626 4821 7466 5531 7089 
3724 3225 1981 2259 4172 2465 3200 2766 1894 1831 1995 1965 2091 2009 1850 4818 2029 2176 2889 3034 1696 2480 6306 5012 6687 
3767 1934 2558 2569 2820 2684 3425 3863 2984 3115 2332 3618 2045 3387 2224 2082 2569 3357 2771 3393 4255 2599 4710 3791 5277 
3096 2926 2395 2747 3433 5254 5527 4108 4067 3221 4125 4532 3839 3079 2425 2570 2924 4464 3657 4827 5531 4210 3736 4127 5371 
3927 1469 3392 4006 4154 3130 3971 2086 6072 7410 5188 3093 2515 3037 2037 2490 4565 3192 3253 5120 4243 4202 3389 4221 5045 
2227 1743 3643 4975 5691 5545 5266 2620 376 3252 4598 5291 8400 5576 3812 3022 3222 3458 3870 3511 4962 2257 2567 2820 4307 
2476 3132 3369 3498 3487 6902 3055 1863 1618 307 148 2416 3835 6878 7836 6928 3154 3831 2752 3465 3492 2530 3447 2654 3525 
