includes/gis/ASCII_5k/mod13q1_ndvi_2014_241.tif.txt
ncols         25
nrows         20
xllcorner     257482.3972
yllcorner     9670060.6647
cellsize      5000
NODATA_value  -9999
2729 2768 3153 2978 3651 2809 3170 1987 2195 2187 2017 2651 2503 2540 1585 1982 1804 2468 2410 2852 2385 2454 2373 2346 2254 
2547 2671 2611 3071 3199 2546 2788 2642 1882 2444 2029 2392 2330 2692 1786 2094 2290 2598 2228 2255 2350 2677 2527 2901 2649 
2729 3059 3024 2508 2928 2849 2641 2219 2569 2173 2145 1940 2364 2389 2063 1995 1963 2097 2297 2298 3705 2861 2736 2617 2666 
2950 3698 2827 2746 2492 2671 2512 2999 2565 2246 2235 2192 2305 1949 1986 1951 2322 1756 2133 4325 2501 2409 2718 2394 2771 
2697 2789 2732 2614 2786 3317 3138 2665 2308 2520 2374 2344 2309 2481 1896 1953 2506 2303 2127 3472 2682 3246 2429 2887 2985 
2377 3091 2705 2674 2781 2830 2578 2641 2750 2269 2968 2443 2022 2065 1914 2214 2168 2015 2348 3438 3894 2964 2707 2702 2594 
2527 3024 3497 3166 2462 2590 2659 2429 2235 2203 2411 2059 2280 2493 2418 2359 2014 2211 2219 3038 2990 4637 2407 2730 3139 
2498 2487 2856 3190 2463 2412 2346 2555 2222 1893 3225 2268 2252 2394 2059 2300 2304 1920 2009 2241 3433 5077 3863 3497 4304 
2461 2794 2730 2968 2832 2201 2387 2178 2445 2563 2444 2216 2414 2214 1927 1821 1704 2136 2271 2329 4570 3592 4891 6175 4480 
2839 2493 2756 2411 2218 1993 2327 2116 2132 1964 2133 2158 2174 2213 1969 1822 2179 1938 1831 2265 2872 3793 4251 4883 4166 
2828 2769 2489 2359 2218 2047 1772 1277 2173 1838 1905 2271 2113 2206 2087 2068 2173 2173 1874 2007 2234 4972 4363 5093 4109 
2199 2268 2211 1900 2031 1626 1800 1607 1112 1786 1890 1787 1975 2195 2289 1973 1977 2198 1917 2093 2367 5413 4032 3777 5353 
2443 2088 1854 2087 2022 1759 1309 2680 2242 1504 2370 1203 1776 1724 1925 1880 1813 2094 1686 1724 2508 2647 3435 7654 4156 
2684 1618 1746 1577 1368 1430 1434 2129 1546 5547 2660 1594 1905 1626 1539 1734 2102 1993 3238 1233 2190 2426 3484 3629 5104 
1814 1798 1372 1615 2999 1897 2496 1830 1593 1800 1690 1911 2015 1888 1912 4581 1959 1894 2194 2940 1567 1606 4130 3529 4873 
1946 1303 1647 1562 1761 1872 2285 2199 2262 2303 2000 2269 2052 2202 2132 2005 2298 2129 1577 1808 2236 2137 4343 3162 3322 
1738 2011 1489 1999 1999 2441 2681 2691 2640 2633 2504 2649 2778 2702 2358 2285 1723 2592 2215 1508 2685 2224 1971 2359 3682 
2260 1459 1771 1900 2162 2473 3109 3196 7397 7741 4424 2658 2814 2909 2056 2220 2296 1947 1958 2968 2259 1948 1955 1895 2617 
1467 1508 1941 2229 2226 3000 4279 8503 7586 8313 8268 7945 8621 6268 3442 2914 2613 2345 2419 2640 2672 2024 1610 1887 3613 
2132 1941 2402 2331 1904 3965 7823 8438 5958 4936 4623 5778 6263 7474 7911 6968 3423 3222 2036 2752 2716 2176 2138 1531 2445 
