includes/gis/ASCII_5k/mod13q1_ndvi_2015_209.tif.txt
ncols         25
nrows         20
xllcorner     257482.3972
yllcorner     9670060.6647
cellsize      5000
NODATA_value  -9999
2936 2617 3352 2962 3616 2819 2852 2008 2310 2763 2816 2411 1950 5701 1141 1481 2198 -9999 2428 2975 1568 1134 3284 967 1088 
3589 2902 2585 3067 3123 2370 2687 2478 1941 2393 2397 1390 2809 3479 1759 2136 2971 2791 2256 2266 1157 2384 2654 1922 3029 
2976 3495 2859 2122 2803 2740 2236 2186 2558 2302 1142 2019 2687 2794 2217 1590 2218 2379 2538 2484 2736 1667 2139 4278 2662 
3293 4104 2719 2676 2258 2610 2825 2696 2299 2967 2489 2640 2854 2138 2367 2684 3022 2083 2384 1254 1532 2726 2124 1442 3170 
2998 2788 2699 2572 2742 3670 2547 2509 2231 2504 2793 2762 2683 2796 1969 2212 2635 2220 1689 1940 1010 1303 3005 813 2790 
2264 2877 2069 2913 2765 2811 2383 2423 2548 2385 3130 2475 2384 2603 1795 2202 2653 2156 1265 1679 562 1760 2381 1741 2625 
2361 3215 3969 3087 2336 2313 2451 2489 2264 2252 2168 2517 2763 1895 2476 2100 2206 2751 1868 1558 320 263 1188 1131 3356 
2409 2277 2746 2966 2468 2526 2099 1871 2316 2212 2158 2548 2588 4464 2091 3373 2223 2248 2247 2565 726 167 1344 6622 4476 
2525 2972 2654 2495 2888 2248 2261 2408 1628 2636 2546 2392 2448 2299 1991 705 2146 2256 2758 2546 4231 485 1815 2057 5049 
2759 2285 2739 2728 2199 2177 2034 2281 2012 2253 2210 2283 2079 1865 624 1183 2451 2117 1326 2232 3383 3778 1324 1116 -9999 
2543 3195 2018 2187 2285 1868 1695 1236 2029 1595 1377 2209 1828 1494 1881 1540 1801 2003 1944 2084 2439 5244 1939 5469 5441 
2170 2209 2339 1828 1873 1330 1647 1364 1050 1652 1189 1602 2054 4930 1937 1953 1433 2786 1583 1870 2401 5549 4767 2177 4602 
1681 1446 2346 2067 2419 1643 1344 2725 1793 1406 1977 1044 1731 1828 1978 2090 1623 2361 1679 1905 3025 3086 4294 5857 3249 
2451 1927 1208 2523 3008 587 2201 2193 1781 6000 3057 1756 1898 1858 1864 1992 2103 906 2983 1535 1729 2842 3978 4603 6598 
2236 1613 1351 1479 2498 2359 2703 2647 822 1611 1571 1805 2059 1539 2784 3931 1981 1308 1827 4054 1987 1802 4370 3074 4888 
1916 1459 1484 1496 1961 2138 1955 977 914 2553 2029 2519 2329 2713 1108 2700 2378 1782 2493 2376 2448 2296 4301 3104 4399 
1368 2127 1227 2179 1414 3172 1168 897 1008 2621 3100 3324 1376 2911 2394 2836 2470 2803 2439 1877 3333 2180 2266 2546 4080 
2437 1331 1916 2056 3133 3265 1170 3875 2746 4959 4095 3037 3488 3585 2244 2536 2289 2619 3076 3244 2572 2045 2309 2544 2812 
1259 1512 2156 2470 3149 1884 4196 4949 3205 1444 1374 712 894 6399 4317 3673 2138 2818 3044 2537 2566 1998 1731 1112 2793 
1977 1782 2339 2580 1854 1795 5620 8871 6146 5492 5364 3140 2688 773 -9999 7320 4390 4287 3606 2907 2833 2354 2214 -9999 2389 
