includes/gis/ASCII_5k/mod13q1_ndvi_2015_033.tif.txt
ncols         25
nrows         20
xllcorner     257482.3972
yllcorner     9670060.6647
cellsize      5000
NODATA_value  -9999
2909 2862 3489 2971 3451 2592 2989 1852 2142 2105 2103 2889 2806 2999 1612 1865 1824 2782 2900 3292 2617 2873 2738 2850 2651 
2881 2674 2592 3017 3278 2551 2555 2601 1846 2406 2184 2408 2658 2903 1938 2372 2483 2905 2749 2867 2884 3520 3016 3617 3464 
3036 3287 2986 2390 2859 2768 2528 2075 2244 2069 1916 2016 2682 2737 2212 2021 2061 2266 2460 2422 4498 3809 3211 2780 3098 
3455 3853 2514 2551 2280 2568 2665 2669 2438 2900 2227 2266 2597 2121 2191 2128 2248 1881 2065 4751 2775 2636 2836 2708 3415 
3126 2897 2739 2566 2999 3669 2672 2509 2245 2499 2541 2582 2523 3035 2050 2070 2645 2079 2201 4264 2741 3055 2517 3029 3212 
2491 3404 2612 2733 2632 2798 2441 2517 2723 2523 2802 2409 2216 2409 2079 2120 2222 1960 2315 3622 4089 3180 2370 2850 2697 
2572 3417 3642 3212 2485 2470 2757 2396 2219 2176 2217 2455 2510 2559 2591 2614 2557 2252 2307 3104 3134 4813 2495 2943 3308 
2336 2431 3026 3471 2716 2659 2396 2499 2134 2141 3469 2191 2510 2301 2088 2209 2400 1876 2096 2258 3904 6030 4627 3501 4548 
2753 3032 2613 2827 2996 2460 2534 2268 2193 2616 2914 2375 2527 2296 2320 2053 1874 2131 2210 2290 4789 4299 5091 6125 6186 
3006 2631 2801 2752 2248 2271 2075 2138 2123 2098 2354 2443 2452 2295 2032 2033 1990 1935 1908 2193 2859 4722 5701 6078 5045 
2800 3547 2240 2383 2112 1972 1710 1288 1813 1771 1959 2186 2288 2269 2161 1897 2218 2001 1956 1956 2257 5086 6004 6641 6028 
2203 2361 2249 1836 1815 1572 1733 1400 1033 1761 1940 1796 1981 2212 2099 1855 1897 2035 1678 1928 2669 5844 5634 6820 7461 
2611 2056 2043 2463 1985 1628 1291 2561 2241 1576 2518 1187 1830 1804 2124 2040 1669 2182 1834 1614 2798 2962 4951 8113 6389 
2459 1760 1990 1984 2506 1561 1329 2175 1636 6096 3172 1609 2063 1725 1809 2092 2570 2063 3509 1339 2541 2552 4383 4754 6901 
2302 1910 1339 1642 2593 2101 2453 1971 1782 1830 1791 1787 2151 2148 2692 5176 2024 1837 2006 2972 1589 1741 4703 3640 5469 
2225 1476 1631 1421 1768 1882 2338 2578 2778 2658 2289 2510 2273 2606 2315 2176 2311 2259 1907 2126 2470 2115 4534 2717 4148 
2084 1945 1366 2203 1979 2536 2947 2889 3548 3535 3112 3684 4028 3154 2880 2860 2098 3034 2456 1577 3519 2068 2374 2726 4140 
2645 1446 1953 2262 2641 2591 2777 2845 8121 7935 4907 3740 4037 3836 2798 2640 3113 2657 2450 2964 2344 2323 2088 2320 2803 
1376 1604 2117 2607 2818 2858 3089 8777 8484 8408 8367 8578 8707 6937 6239 4988 4291 3510 2908 3077 2878 2183 1556 1993 3360 
1873 2091 2412 2695 2525 3677 7825 8793 5795 4755 5364 5698 6309 7453 8266 7832 5319 4773 3461 3445 3070 2359 2295 1653 2769 
