includes/gis/ASCII_5k/mod13q1_ndvi_2005_209.tif.txt
ncols         25
nrows         20
xllcorner     257482.3972
yllcorner     9670060.6647
cellsize      5000
NODATA_value  -9999
1540 2362 1147 1984 947 2007 1992 1872 2534 1933 1931 3222 3539 2642 952 1005 646 1620 882 1841 2010 988 1822 1781 2055 
2676 2621 2869 3077 2580 2303 1207 1031 2165 2703 2072 2314 2210 2271 2183 2449 2166 1696 1309 2018 1674 2997 2370 1830 2108 
3114 3974 3616 2446 2675 240 137 2206 2859 1704 1999 2221 2364 2581 2016 2605 2173 1726 639 1029 838 3015 2906 2151 3292 
3592 4790 3528 2642 2550 2553 2599 2591 1297 2771 2281 2455 2540 2437 921 1714 2150 1803 1316 2098 1540 1194 2588 2410 2637 
3034 4074 3295 3361 3609 2432 2241 1410 2191 2831 2221 3084 1669 2979 1983 904 2478 2180 1771 1036 2002 3367 927 2446 2416 
1557 3074 3546 2624 1492 835 2259 2329 1675 1218 3464 686 2309 696 849 2091 2012 1306 2838 2353 2619 2244 3216 2415 2297 
1847 3318 1396 3441 2246 2361 1281 1339 1914 1726 1889 2258 2136 2066 1733 2557 2007 2519 2459 1898 905 3782 1182 2573 3023 
2896 2202 1876 2536 2023 953 1128 771 919 1623 573 1453 1311 2304 1822 2239 1760 1749 2280 2555 2777 4789 3521 3543 4078 
2700 3523 956 2793 460 887 823 536 3001 1782 524 1705 1959 1118 2062 1980 1785 2029 1526 2830 4054 2044 1570 5364 5276 
2997 2579 4640 1336 2678 463 404 373 2095 671 499 845 2245 1669 1961 1779 1976 1949 2135 2416 3705 3154 1304 4712 4643 
2763 2408 1350 1951 690 610 1267 1741 2420 2752 1436 2090 1932 1882 2096 1948 2074 2022 2092 2063 2532 4946 5237 2082 3809 
2296 2083 2479 2196 2462 383 436 1616 743 866 1871 1634 1791 1756 1775 1517 1840 2042 1792 1858 2384 5697 5676 4583 4444 
2631 2019 1869 2322 1321 1848 509 2781 1822 1318 2754 629 1218 2461 1270 2213 1704 2231 1942 1669 2797 3084 4239 7014 4127 
2280 1684 1902 2146 2720 1150 1426 1150 1140 5476 4268 1988 1570 1354 957 1747 2335 2144 3040 1150 2354 2383 3773 4826 4818 
2280 2177 1488 1903 2926 2293 2510 2134 2098 1893 1617 1453 2186 731 1993 4128 1926 1794 2069 2673 1586 1803 4064 3829 4560 
2204 1801 1874 1800 2032 1963 2593 1036 1067 819 2840 2677 2354 804 993 2030 2380 2047 1854 1965 2085 2121 3814 2896 3330 
1912 1899 1619 2755 2116 1933 2049 1825 2455 2429 1568 3073 2261 -9999 2483 2356 2131 2493 2369 1538 2064 1948 2182 2625 3328 
2220 1573 2276 2699 1440 2792 799 581 833 966 6321 2870 884 1019 2715 1917 2053 2055 2235 3139 2284 1885 2071 2415 2530 
2097 2272 2539 2471 2660 1121 1332 488 450 511 561 1842 2604 3265 830 3260 2275 2095 2212 3113 3019 2140 1697 2978 3438 
2533 2320 2708 2596 2489 3909 1238 1715 5704 5159 5682 1365 1536 1953 2034 6625 2980 2940 2530 2761 3037 2455 2727 2157 2468 
