includes/gis/ASCII_5k/mod13q1_ndvi_2001_177.tif.txt
ncols         25
nrows         20
xllcorner     257482.3972
yllcorner     9670060.6647
cellsize      5000
NODATA_value  -9999
3627 3299 4242 4226 4853 2395 1842 2441 544 2917 1977 1589 5209 4530 2699 1838 3137 3791 4201 3976 3675 3453 3761 3877 3435 
3675 3716 3128 1815 4577 3516 3218 3103 2241 2590 3183 973 3148 2940 2887 3233 3421 3945 3604 3494 3893 4358 3711 4272 4088 
3126 5111 4208 2435 3852 2858 3534 938 3189 2598 909 2141 594 3330 2818 3101 3406 2949 3405 3525 4443 4139 3853 4105 3321 
4645 5674 3702 1790 3581 1386 1559 1568 1900 3689 2474 1994 3515 3232 2658 2615 2680 2415 2751 5409 3361 3136 3720 3241 3709 
3723 2138 3359 1433 2554 5009 2365 771 1092 1690 928 2948 3306 3477 2478 1955 2971 2759 2612 4447 3083 3812 3429 3337 3589 
1368 1029 2733 1109 3753 3811 2519 1661 1425 2725 3936 3586 2793 2394 2318 2379 4389 2492 3164 2827 4780 3358 4076 3697 3681 
3917 1865 4251 4881 1891 1034 1013 3115 2648 568 852 1292 1474 3030 2383 2245 2518 2539 2165 4067 1714 5892 3790 3807 3797 
2525 2948 507 743 403 1165 661 641 2892 3755 802 3283 3148 2999 2397 2565 2343 1963 2443 2401 3847 2829 4675 4401 4436 
2903 2385 746 1936 3657 528 1607 798 2338 424 3041 2408 2982 1030 2255 2298 1912 2062 2615 2722 2643 1759 5566 5690 5359 
2506 3283 3102 2715 2028 1545 2049 733 819 3023 2417 2781 2298 2380 2654 2173 2167 1850 2071 2336 2336 3046 6386 6405 4723 
3479 4491 3070 3109 3217 2515 2554 1366 2473 2523 2385 2253 1760 2660 2507 2143 2277 2015 2241 2327 2752 3958 6184 6568 5896 
3405 3507 3552 2981 2597 2273 1866 1896 1264 2270 2448 2222 2698 1758 2717 2295 2161 2454 2209 2194 2550 6199 5043 5998 6271 
4077 2982 2700 3026 2881 2506 1277 4156 2483 2034 2910 1751 2369 2486 2963 2416 2116 2417 2513 2055 4066 3922 5288 7939 6075 
1235 2751 2375 2565 2950 1682 1687 2585 2069 6146 3784 2135 2640 2105 2066 2270 2750 2532 5811 1801 2895 2918 5161 5952 4448 
1795 2471 1780 2127 3410 2451 3187 2262 2210 2243 2335 2411 2655 2777 2430 6089 2395 1575 2394 3699 2385 2131 5177 5689 6659 
1894 1929 1786 1896 2167 2192 2719 2851 2645 2500 2954 3402 2658 2765 2810 2450 2415 2633 2154 2708 3420 3635 5335 4747 6631 
2049 1871 1571 2537 1747 3294 4277 2950 4037 2844 3223 3432 3222 3037 3041 3134 2813 3326 2904 2413 3196 3880 3896 3794 4814 
2164 1597 2044 2126 2798 2529 1993 2064 1790 1535 4371 4759 2838 934 1449 2885 3010 3217 3186 3480 3488 2875 3434 3594 3546 
2289 2507 2478 2157 2387 2461 2206 1799 1515 2486 641 609 296 1143 1035 1859 3857 3299 3741 4341 3838 3033 2431 5228 4904 
3126 2642 3117 2733 1742 3388 7290 8807 6062 4916 5200 5276 6176 7764 4056 4363 4605 3964 4573 3862 4418 3586 3600 3582 3398 
