includes/gis/ASCII_5k/mod13q1_ndvi_2011_129.tif.txt
ncols         25
nrows         20
xllcorner     257482.3972
yllcorner     9670060.6647
cellsize      5000
NODATA_value  -9999
6436 4558 6025 4038 6634 4328 4864 2220 3756 5492 3491 6503 6333 4739 2265 1013 3088 1965 4644 4498 2135 4092 3061 2013 2742 
6046 6512 6227 3410 7446 5270 2430 4364 2622 5130 891 5051 4045 4137 3880 4348 3847 7307 4091 1680 2624 3100 3011 3813 3735 
5571 6312 4522 4653 4280 5561 4429 3671 5182 3590 2639 2463 3295 4375 4010 3389 4069 2261 4495 4827 4413 2123 2512 3036 2078 
2838 4987 -9999 2674 4904 4871 3427 3599 3682 2751 2463 3692 4428 2492 4168 3883 2439 3620 3412 -9999 2700 3328 1273 2865 4727 
4869 1825 5217 4270 3444 6630 3558 3377 3216 3642 3695 4410 2709 3461 2596 3130 2329 2315 1219 942 1587 2456 1882 3574 4438 
4414 6071 3794 3901 3904 4511 3118 3121 3342 2948 2969 2862 3466 2086 2678 3443 3391 2139 3309 2248 3276 3293 3106 3187 1375 
5262 4871 5586 1783 2546 4475 3337 4407 1647 3141 3585 2662 1574 1725 3840 2663 2574 1477 3440 2969 877 4030 4253 3213 3718 
3990 2381 4226 2610 4436 3847 4363 4682 1164 3953 3579 2921 2652 3425 2404 2723 3018 3036 2813 3939 3617 1854 3562 5021 4276 
3950 2082 729 4865 6719 3995 4094 3175 3724 2593 6654 2690 1987 2019 2244 2744 2437 2923 3840 3347 -9999 3324 3942 6537 6085 
3111 2609 3449 5711 5838 5874 3267 1504 2635 2759 1873 2396 1370 1588 3609 2766 2837 2651 2717 2709 1923 6793 3457 5474 6109 
3535 1744 2354 1673 4573 3956 1877 1163 1522 1802 2236 643 2394 2258 2958 2618 3588 2982 2623 2632 2972 4299 3735 5965 5915 
2118 2388 2301 2057 2916 2798 2512 1770 1191 1703 2319 2464 2315 2690 2746 2634 2782 3155 2989 2975 3144 6628 7195 6384 6686 
2559 1995 2635 1014 2068 2477 1329 3511 3053 2070 4018 1318 2669 2119 3100 3227 1879 3132 2115 2684 5001 5572 6113 8654 5472 
2585 2032 1787 836 4788 1751 1542 3042 1968 6844 4196 1591 2514 2395 2112 4235 3203 2960 6136 1837 3902 5077 6182 6617 7764 
2777 1971 1422 2384 1780 1346 2748 2246 1892 2028 1664 2840 2782 3291 2558 7151 2910 2587 2377 3874 1738 2525 5975 4339 4189 
2239 1436 1917 2249 2472 2788 3849 3998 2406 1461 2379 2278 786 2227 2939 2650 2851 3268 2668 2684 3905 2194 4208 7266 4383 
1966 1906 1469 1993 1868 5042 6074 6493 5177 2593 3504 1648 4966 3379 2598 3551 2645 3615 2923 3119 2652 3193 2014 2665 2500 
2629 1768 3011 3175 2813 6827 2697 4080 3263 4150 1134 5109 3187 5265 3083 4082 3071 3737 3872 4038 4935 3774 3353 2566 4910 
2138 2695 2931 3290 4191 3200 -9999 5349 4202 2789 1318 3126 1024 3761 5937 4404 4682 4511 5653 3467 4259 3155 2990 5929 5341 
2049 2527 3047 3733 4367 4190 1764 2775 846 4180 4135 3429 5427 7444 2683 6642 5229 4360 4650 5781 3782 4264 5679 5639 5318 
