includes/gis/ASCII_5k/mod13q1_ndvi_2007_129.tif.txt
ncols         25
nrows         20
xllcorner     257482.3972
yllcorner     9670060.6647
cellsize      5000
NODATA_value  -9999
4483 4093 4905 5474 6446 4637 6360 1667 3035 3641 3593 4660 5458 5469 3071 4309 4110 4576 3536 5281 3236 4283 4356 2720 3243 
4899 4894 3846 4104 4811 4653 3210 2388 2130 3713 3629 3920 5344 3751 4193 3914 4039 4560 4502 4352 4589 4556 4514 4734 5983 
5457 5371 6039 2583 5850 5504 4729 1010 994 1840 2614 4077 5125 6269 6447 3265 3335 3451 4954 4630 5405 5361 4962 5193 4561 
4989 4898 2030 2079 5757 2948 5130 4357 1546 4086 3167 3643 5257 4787 3869 3946 5521 4969 3362 6314 4679 4831 5668 4264 5486 
4546 3877 5751 2950 4285 2980 5139 3670 3406 3906 3559 4240 3359 4104 2918 3283 3528 3654 3124 5295 4200 4925 3783 4187 4715 
2520 6771 3430 4982 2227 4223 2727 958 3475 3377 4221 3748 2973 3680 2626 4128 3606 2929 3372 5191 5557 5018 5654 4873 5050 
4657 6900 4974 1822 5769 7353 3249 3002 2978 3230 3314 4251 2996 3706 3282 3589 3753 2915 2934 4679 3907 6397 5151 4295 4158 
1866 5256 5863 5573 1139 2569 809 3387 2440 2982 4502 4367 4090 3026 1655 3400 3149 2272 2858 3935 5523 6135 5954 5683 6795 
3143 4294 3313 3772 4597 4716 4336 2814 1638 3208 3308 3921 3700 3373 2700 2437 1883 2983 3130 3555 5665 5854 5708 7113 6506 
4621 2707 2556 3816 4363 3604 3051 2484 2636 2367 3248 3871 3262 2997 2863 2379 3098 2406 2323 2647 5525 5663 7425 7232 7148 
3056 4921 3582 3917 2163 2602 2173 1346 1899 1925 2749 3699 2932 3004 2644 2536 2795 2481 2320 2604 3325 6514 6648 6562 6604 
3768 4080 3763 2868 2439 1926 1780 1531 1201 1790 2615 2904 2690 2734 2905 2282 2174 2601 2233 2016 2820 6902 7171 6352 6698 
4418 3830 4201 3177 3999 2050 1331 3608 2152 1739 3124 1765 2721 3044 3512 3354 2751 2286 2207 2294 3614 5059 6212 6805 6054 
2261 2436 3362 1466 3042 1960 1594 2984 1664 7278 4333 1749 2876 2798 2081 3909 4550 2791 4530 1548 3200 3521 7058 6542 7756 
3345 1759 1799 2350 3930 2575 4388 1306 2020 3132 2897 3738 3000 3029 2421 7213 2671 2326 2415 4200 2071 2174 5951 5765 7162 
2305 1832 2093 1479 1561 2975 1531 3786 2511 4595 4908 4810 4016 3535 3049 3119 2909 3333 2533 3688 3666 3513 6185 4708 6531 
2064 1811 2020 2192 1822 3532 1506 3500 -9999 5030 4798 5100 5796 5439 4302 3454 3398 3490 3398 2537 4792 3892 4280 5514 5507 
2107 1804 2507 2669 3998 6375 3118 4374 1823 8445 6731 4968 4789 6048 3614 2862 4062 3238 4754 5468 4842 4027 3388 3707 4733 
2382 2590 2784 3390 2155 4535 1020 918 8082 8519 8147 8705 8678 7910 4796 3343 5229 5431 5750 6077 5821 3429 2521 4863 5751 
2626 2978 3726 3760 3945 6895 623 1159 6930 6554 6346 6554 6910 7754 7891 7994 6346 6042 6553 6138 5648 3423 4533 2399 3593 
