includes/gis/ASCII_5k/mod13q1_ndvi_2000_209.tif.txt
ncols         25
nrows         20
xllcorner     257482.3972
yllcorner     9670060.6647
cellsize      5000
NODATA_value  -9999
2740 2344 3183 3215 3252 2229 3488 2231 2467 2486 2582 3137 3499 3085 1846 2040 2165 2932 3114 2996 2939 2871 2829 2199 2743 
2641 2717 2205 3010 3472 2475 2887 2659 2150 2804 2659 2871 3089 2497 2202 2617 2942 3204 2858 3081 2904 3423 2712 3517 3740 
3175 2948 3049 2084 2533 2431 2670 2199 2741 2320 2270 2160 2462 2437 2485 2364 2421 2308 2836 2789 4292 3382 3196 3962 3460 
3164 3918 2704 2697 2269 2662 2636 2539 2465 3109 2366 2428 2426 2162 2419 2427 2484 2184 2321 4685 3240 2491 3400 2881 3713 
3110 3543 2914 2709 3083 2740 2561 2326 2334 2558 2601 2450 2621 3020 2060 2186 2714 2358 2402 4268 2476 3447 3010 3322 3493 
1844 3109 4254 2968 2865 3052 2193 2229 2324 2366 3120 2300 2187 2267 1993 2423 2665 2449 2805 4463 4392 3234 4037 3530 3669 
2831 3113 3819 3212 2428 2246 2331 2369 2112 2153 2055 2181 2332 2263 2160 2238 2370 2529 2355 3277 3338 5635 3296 3456 3682 
2559 2580 2569 3477 2564 2155 2169 2368 2381 2254 2779 2329 2319 2274 2154 2397 2217 2066 2382 2625 4125 5506 4886 4148 4456 
2771 2787 3089 2714 3153 2030 2202 1988 2075 2001 2122 2134 2561 2504 2305 2152 1911 1900 2613 2737 5707 4488 5176 6289 5204 
3095 2253 2612 2542 2506 2265 2155 1968 1947 1859 1949 2127 2004 2124 2508 2132 2208 2021 2347 2575 3762 3793 6858 5587 3747 
2620 2767 1959 2537 2435 2105 1935 1516 1797 1826 1715 1975 2240 2347 2356 2046 2290 2070 2074 2324 2807 5010 3864 5560 5176 
2353 2276 2325 2166 1820 1535 1631 1818 1112 1640 1579 1775 1827 2075 2353 2091 2060 2414 2091 2324 2792 6247 5289 3267 5199 
3066 2073 1825 2162 1990 1687 1194 3395 1939 1490 2425 1029 1804 1920 2094 2150 1910 2044 2249 1876 3085 3240 3862 8176 3383 
2054 1564 1760 1957 1926 1540 1300 2284 1604 5879 2803 1792 1922 1669 1748 2063 2439 2224 4063 1416 2486 2628 4356 4049 6139 
2062 1641 1499 1494 2959 2046 2574 1862 1662 1777 1751 1759 2265 2066 2019 5578 1970 2183 2161 2657 1685 1972 5203 3294 4856 
2002 1593 1443 1721 1738 1837 2113 1676 1758 2095 2154 2368 1995 2456 2214 2103 2498 2369 1878 2187 2453 2139 4706 3136 3805 
1636 1603 1211 1837 2046 2477 2423 2179 2531 2279 2265 2547 2774 2940 2369 2539 2132 2740 2540 1741 2079 2182 2582 3139 5412 
1680 1360 1735 1954 2178 2747 3293 3723 2770 3424 4602 1973 2106 2930 2382 1843 2208 2135 2238 2821 2078 2111 2172 2522 3057 
1484 1911 1956 2091 2362 2285 3491 1503 681 944 747 6857 8715 5722 2803 2454 2730 2259 2129 2783 2722 2168 2215 2804 3768 
1968 2098 2602 2571 2125 3565 4578 2564 766 1086 1560 1489 5527 7149 6143 4640 2857 3432 2276 2419 2852 2523 2673 2257 2632 
