includes/gis/ASCII_5k/mod13q1_ndvi_2004_289.tif.txt
ncols         25
nrows         20
xllcorner     257482.3972
yllcorner     9670060.6647
cellsize      5000
NODATA_value  -9999
3364 2445 3517 3180 3515 2513 4283 1293 2098 2059 2027 3097 4007 3419 1736 1717 2147 2533 3146 3069 2408 2722 2301 2065 2065 
2342 2762 2541 1080 3624 2756 2868 2561 1869 2079 2503 2901 3082 2455 2144 2332 3099 3020 2977 3297 3148 3269 2590 3465 3682 
2417 2847 3353 2051 2780 2749 2684 1971 2560 2244 1931 1982 2513 2403 1925 2069 1884 2449 2522 2804 4847 4313 3298 2989 3294 
2911 3831 2747 1891 2501 2471 2428 2603 2683 2972 2189 2322 2513 1891 1986 2079 2175 1741 2110 4963 2463 2250 2817 2244 3540 
2684 3954 3398 2623 3237 3354 2355 1690 2085 2677 2523 2398 2410 2986 1757 2009 2509 2067 1625 4453 2414 3644 2249 2327 2923 
1592 2986 3623 943 3162 2831 2140 2284 2226 2065 2988 2758 1889 2099 1767 1900 2917 1861 2151 3827 4151 2951 3917 2552 2451 
1780 4297 2804 3204 2633 2177 2275 2344 2150 2153 1939 2955 2145 2129 2016 2069 2110 2192 2201 2196 2592 4904 2434 2612 3016 
3256 2847 2635 3241 2370 2479 2118 2300 2350 2159 2709 2396 2918 2676 2016 2172 2073 1661 1838 1412 4192 5396 4466 3400 3995 
2475 2890 1842 3055 3034 2368 2091 1883 1994 2064 2094 1888 2216 2091 1956 1878 1638 1776 2089 2360 5968 4107 4706 5724 4942 
4066 2541 1852 2798 2796 2425 2215 1991 1858 1846 1786 1970 1796 1900 2014 1783 1942 1990 1950 2118 3362 1745 5395 5544 3939 
2483 2708 1873 2438 2154 1971 1835 1100 1713 1752 1670 1850 1884 1969 2085 1737 2057 1938 1782 1989 2436 2932 2898 5416 4883 
2601 1699 2146 1223 1979 1630 1572 1355 1049 1642 1531 1691 1772 1881 2042 1840 1774 2066 1701 1794 2249 4375 1567 5029 5545 
2526 1902 1873 1985 625 1777 1170 2751 1809 1369 2183 1033 1771 1737 1964 1978 1935 2008 1952 1792 3480 2960 3693 7679 4833 
1782 1561 1680 1745 2085 1453 1231 2305 1337 4925 2575 1534 1835 1651 1607 1565 2251 1974 2886 1206 3116 2594 3920 3459 6280 
1794 1644 1238 1579 3193 2370 2352 1634 1591 1612 1644 1629 2044 1920 1732 4532 1886 1720 2746 2570 1559 1897 4548 2860 4969 
1944 1461 1396 1480 1704 1713 2012 1787 1845 1933 1575 2398 1959 2289 2015 1991 2252 2167 1788 2245 2709 1993 4430 2414 2894 
1647 1550 1260 1975 2178 2062 2320 2293 1625 1196 2091 2674 2582 2403 2004 2236 1904 2432 2244 1643 2334 2372 2204 3166 4183 
1732 1336 1827 2126 2571 3215 2671 649 1205 3174 667 1061 1994 2218 2128 1752 1942 1953 2100 2867 2325 1843 2222 3189 2835 
1476 1629 2061 2244 2530 1118 1228 1992 2488 1407 1677 3554 8410 5511 2790 1927 2335 2044 2339 2895 3079 2127 1791 2227 4160 
1629 1832 2317 1265 2328 438 608 242 290 1432 445 854 2552 6371 3817 5661 2257 3039 2033 2516 3225 2776 3366 2250 2688 
