includes/gis/ASCII_5k/mod13q1_ndvi_2004_001.tif.txt
ncols         25
nrows         20
xllcorner     257482.3972
yllcorner     9670060.6647
cellsize      5000
NODATA_value  -9999
4197 3446 4690 6719 4589 3581 4296 2842 3027 2729 3418 5744 5097 5320 2566 2534 3054 4729 5689 5205 4729 4398 4510 4055 3066 
3616 3458 2957 4248 4718 3804 3989 3190 1968 1421 2687 3620 4421 3099 2122 2717 4590 2269 2914 -9999 4437 3942 4833 4947 5620 
3487 4632 3372 2664 3860 3431 3273 2523 3779 2495 2852 2719 3901 2736 2570 2656 2407 2265 1554 3672 1585 5364 3258 4289 5739 
3581 3301 3185 3520 2970 3287 4027 2986 3188 3874 3801 3830 4580 3552 3869 2444 1193 1614 1817 6275 2419 2154 4773 2676 5078 
3083 2420 2876 3495 1314 2697 3103 2910 3190 2542 2718 4163 6117 5428 2468 2447 2908 1920 2313 6224 3707 6432 3756 2119 4084 
2584 3544 3691 3442 3744 3303 2582 2617 1761 3263 4051 3931 2639 2884 2591 3532 2510 2437 2947 4809 7334 4449 5057 6183 4949 
2946 3500 4278 4334 3026 2941 2473 3239 2273 2540 2176 3133 3029 3084 2389 1892 3251 2190 2552 4222 3558 7035 6128 6638 5454 
3633 2515 3314 4467 3575 2741 2598 2764 1221 2114 3128 2611 2854 2761 2249 2417 2527 2385 2401 3792 5921 6806 7011 6585 7291 
3017 3264 4166 4958 4594 2760 3142 2331 1683 2206 1887 2471 2804 2127 2233 2196 2032 1934 3081 3660 6294 6113 5742 7327 7750 
3409 1859 2883 3114 2717 2717 2256 2009 1992 1996 1989 2239 2007 2082 2447 2207 2579 2085 2069 3485 4674 5259 7675 7990 7800 
3380 2737 2400 3138 2961 2638 1868 1140 1671 1730 1752 2063 2218 2208 2447 2153 2535 2412 2252 2634 4720 6926 4062 4420 8303 
2567 2052 2179 2555 1998 1790 1564 1518 1069 1793 1958 2179 2011 2556 2741 2315 2236 2736 2347 2811 3984 5709 7715 6709 8055 
2894 2257 1974 2336 1885 1718 1236 3214 1960 1557 2611 1177 1945 2024 2411 2610 2390 3081 2505 2483 5656 6000 7431 6556 5027 
2066 1671 1806 1869 2119 1643 1349 2240 1408 5861 3524 1796 1921 1717 1753 2151 2743 2436 4184 1572 4856 4284 6623 6806 5793 
2017 1823 1324 1473 2803 2647 2494 1911 1641 1553 1577 1596 2264 2258 2379 6588 1839 2013 2505 3921 2383 1982 4770 4990 6575 
1934 1590 1651 1600 1880 2090 2602 2270 2692 1730 2176 3265 2451 3054 2947 2646 2905 3371 2381 2525 2809 2343 5694 3506 4972 
1747 1651 1253 2297 2239 2446 3235 4399 4283 4820 5046 5292 5191 4736 3919 3089 3222 3756 3627 2347 3075 2491 2955 3442 4227 
1932 1759 2105 2586 2803 3299 4465 7403 8226 7848 6523 6164 5948 4983 3814 3432 3775 3052 3272 3941 3392 2312 3033 3105 3655 
2063 1849 2163 2589 2684 3355 4462 8768 8433 8296 8334 8623 8735 7905 7533 6762 6248 4103 3744 5028 4682 3205 2255 3354 4680 
2370 2751 3693 2605 2992 4868 8026 8481 5369 5124 5412 5796 5768 7023 7068 8154 7150 5763 5034 5131 5278 3710 3451 2087 2566 
