includes/gis/ASCII_5k/mod13q1_ndvi_2011_321.tif.txt
ncols         25
nrows         20
xllcorner     257482.3972
yllcorner     9670060.6647
cellsize      5000
NODATA_value  -9999
5476 4195 4062 3232 6684 5921 5172 4811 5065 4061 3719 4611 6778 7092 -9999 4877 3387 4984 5960 6502 4107 5694 6504 4610 4086 
6612 6344 6667 6893 5406 6054 4871 4154 4601 7245 5189 5563 3267 4773 4437 6291 6313 5155 5443 5109 6754 6088 5931 8030 6737 
8327 3782 6536 5089 5930 3647 5614 5530 3079 2226 5070 3617 4501 7297 5571 4518 5328 3018 5152 6496 7783 6755 4000 7183 2862 
4766 7107 6011 2731 4480 3847 3393 5980 4573 2618 3101 -9999 4376 6344 4319 4177 6291 6136 4960 5961 5033 3120 4307 4286 5067 
6683 5837 7042 2572 4076 2167 3808 3326 2429 4424 4341 4535 3476 3873 4607 5222 4104 6636 4559 5530 4939 4547 3267 6111 7184 
3855 5056 3212 4930 1645 5858 4910 3982 2227 2769 3081 6203 3115 4483 3067 6515 3824 3484 3122 6631 6765 6788 4015 3994 4391 
3022 3966 8006 4389 2069 4609 3248 2399 2737 4234 3546 1987 5006 5501 5216 5277 6204 2906 4337 5599 5526 7376 5399 2979 5414 
5856 4267 4547 5046 2321 613 3506 2894 2473 2419 6734 1706 2295 2653 4208 3562 2955 4580 4108 3125 6741 7384 4946 8354 -9999 
6641 4673 5710 4369 6526 3788 5440 2359 3084 1851 3795 4888 2626 2357 2074 2608 4194 7059 5686 6871 2345 7506 4722 6149 7442 
5322 5766 5944 8200 3809 6191 4550 2783 2638 2475 3795 3676 4788 4937 2499 4295 3261 6503 4462 5170 4253 2333 5859 7338 7769 
5485 5979 3152 4397 3527 2471 3718 1667 2187 3116 3428 6648 2953 2040 4861 5134 4865 3034 4322 3961 4341 6720 5380 4274 6415 
5213 3765 2981 2372 2303 2080 3044 1439 1135 1873 1892 1710 1042 2144 5044 4491 4934 5700 4749 4664 6132 7529 7911 2025 8083 
5003 5084 2726 3363 4406 2844 693 1445 1876 1777 3161 2645 5916 927 1689 3777 4002 4168 3692 5903 6843 4780 5076 4457 8197 
4557 3100 3401 3892 4083 1972 1315 2733 2716 2723 3092 2317 3806 3875 3431 4922 6352 6042 6956 2661 5985 6504 5044 788 4633 
4806 3880 2846 3801 7408 2031 2880 2110 5252 5534 3979 2864 2804 4119 5046 7901 4662 3514 4237 5243 6152 3935 6537 7007 7755 
3502 2144 3053 2264 3767 4786 3986 5417 5351 6921 7207 2326 2611 3297 1211 5059 5407 5821 3887 6078 3566 5882 5131 6688 6648 
2534 1800 1952 2366 2887 6237 6794 2609 5072 4700 2943 2523 2519 3111 4590 5034 4604 6279 2756 7024 7119 3305 5097 5903 3541 
5847 3328 2347 2993 4431 5873 4559 6637 543 727 1498 2157 2895 3189 1969 4858 5125 2789 1607 6566 5829 4940 4072 5324 5982 
2281 3436 3059 6297 6637 5192 3111 1550 2610 603 964 2185 1258 2610 2783 4024 6691 4201 5041 5953 5709 6175 3838 5554 5038 
4223 4689 3920 5032 5446 3739 718 314 970 136 276 424 709 1338 3463 7462 3022 6125 6579 6026 4823 3840 5273 6670 6620 
