includes/gis/ASCII_5k/mod13q1_ndvi_2010_241.tif.txt
ncols         25
nrows         20
xllcorner     257482.3972
yllcorner     9670060.6647
cellsize      5000
NODATA_value  -9999
2882 2649 3215 2928 3467 2979 3308 2320 2596 2558 2176 3192 3169 3319 2596 2598 2307 2993 3151 2887 2674 2833 2973 2566 2387 
2909 2964 2965 3233 3155 2599 2924 2746 2028 2562 2350 2582 2921 2923 2647 2819 2947 3086 2757 2687 2925 3143 2824 3304 3288 
2831 3589 3225 2589 3032 2961 2644 2186 2601 2466 2495 2368 2554 2845 2573 2528 2602 2272 2475 2485 3747 3236 3064 3001 3114 
3020 3996 3088 3274 2797 2875 2708 2760 2385 2903 2299 2345 2801 2600 2423 2612 2888 2653 2292 4039 2741 2603 2981 2541 3246 
2753 3189 3174 3208 2926 4730 2757 2800 2203 2368 2483 2719 2558 2917 2402 2382 2664 2621 2502 3608 2893 3124 2535 2901 3096 
2455 2937 2958 2854 2925 2955 2252 2745 2736 2424 3509 2325 2194 2317 1991 2282 2279 2059 2312 3289 3666 3082 3139 3456 3011 
2572 2992 3209 3069 2736 2471 2419 2491 2049 2211 2186 2302 2226 2286 2522 2362 2035 2158 2186 2788 2977 4536 3445 3500 3229 
2797 2478 2777 3116 2692 2461 2284 2258 2395 2471 3446 2182 2108 2372 2049 2143 2025 2181 2043 2240 3491 5201 4188 3894 3774 
2758 2962 2857 2635 2957 2304 2405 2113 2114 2644 2250 2141 2064 2043 1916 1903 1674 2055 2239 2419 4885 3835 4712 5643 4597 
2706 2474 2652 2611 2421 2335 2243 1945 1845 2115 2163 2116 2051 2036 2161 1895 1900 1993 1908 2318 2787 3291 4752 4795 3979 
2513 2733 2007 2455 2146 2129 1812 1285 1766 1733 1941 2351 1984 1926 2146 1916 2095 1925 1802 1992 2582 4425 4245 5335 4446 
2041 2072 2195 1770 1990 1896 1874 1475 1144 1633 1945 2077 1853 2103 2426 1946 1799 2072 1967 2033 2473 5655 4209 3497 5319 
2259 2044 1777 2057 1989 2573 1351 2975 2146 1686 2314 1145 1744 1956 2077 1921 1653 1963 1816 1668 2668 2833 3643 7638 3787 
1995 1700 1784 1869 2679 1581 1256 2245 1650 5892 3171 1567 1933 1781 1668 1891 2022 1826 4107 1179 2369 2232 3303 3292 4596 
2021 1848 1392 1661 2885 2092 2715 2144 1672 1894 1629 1816 1935 2198 1845 5032 1958 1725 1838 2837 1826 2018 4296 3513 4711 
1856 1550 1697 1696 1846 1933 2153 2159 2024 2168 1966 2321 1988 2344 2397 2044 2233 2134 1769 2013 2361 2196 4068 2941 3699 
1825 2082 1223 1874 1994 2406 2531 2249 2283 2437 2467 2660 2688 2674 2614 2281 1973 2558 2254 1585 2543 2782 2491 2973 3779 
2093 1533 1706 1872 2348 2581 3000 3600 7056 7457 4364 2725 2586 3348 2401 2491 2956 1912 1997 2824 2174 2366 2355 2200 2654 
1670 1917 2051 2268 2064 3050 2718 7970 5739 8096 8038 8334 8504 7363 3578 3076 2599 2219 2193 2745 2738 2096 1829 2872 3320 
1905 1886 2167 2335 2213 3524 7091 6714 5177 5487 5048 4888 5281 7179 7467 7282 3535 3073 2419 2583 2774 2470 2439 2194 2914 
