includes/gis/ASCII_5k/mod13q1_ndvi_2006_225.tif.txt
ncols         25
nrows         20
xllcorner     257482.3972
yllcorner     9670060.6647
cellsize      5000
NODATA_value  -9999
2864 2698 2904 3210 3445 2979 3671 2884 2708 2839 2619 3283 3526 4055 2949 3689 3049 3331 2968 2776 2719 3095 2820 2639 2242 
3257 2997 2716 2834 3372 2753 2857 2862 2136 2807 2894 2963 3044 3441 2935 2849 2593 3152 2937 2970 2907 3286 2862 2966 3062 
3519 4471 3446 2473 2942 2752 2641 2171 2748 2688 2718 2352 2615 2769 2658 2795 2309 2486 2934 2422 4147 2933 2732 2606 2918 
3291 4306 2791 2670 2452 2700 2608 2976 2602 2987 2437 2438 2924 2498 2587 2913 2933 2485 2196 4258 2824 2475 2516 2143 3008 
3068 3611 3116 2878 2880 4446 2628 2789 2506 2803 2859 3045 3058 3275 2431 2310 2515 2354 2514 3942 2999 3221 2364 3612 2939 
2654 3047 3436 3001 2988 3178 2406 2632 2854 2645 4201 2817 2433 2415 2168 2223 2449 2091 2564 3722 4031 3350 2774 2451 2408 
2857 3131 3147 3502 2732 2609 2913 2521 2294 2372 2306 2627 2812 2615 2586 2641 2223 2230 2219 3055 2915 4485 2563 2425 2804 
2988 2641 3083 3377 2933 2702 2574 2665 2387 2377 3747 2724 2966 2728 2187 2466 2417 2200 2418 2717 3775 5238 4144 3536 3819 
2768 2918 3137 2817 3502 2556 2551 2419 2143 2374 2394 2709 2658 2468 2098 1958 1877 2241 2868 2332 5055 3946 4782 5664 4879 
3301 2821 2709 2665 2586 2686 2492 2309 2077 2052 2173 2243 2161 2326 2199 2045 2081 1955 1868 2390 2650 4306 5540 4784 4022 
2930 2823 2359 2493 2363 2326 2083 1337 1936 1786 1844 2378 2317 2281 2281 1737 2201 2131 1815 2033 2721 4847 5017 4896 4688 
2435 2460 2361 2114 2356 1802 1728 1681 1104 1806 1875 2271 2032 2362 2782 2096 1895 2170 1861 1775 2394 6102 5102 4899 4940 
2638 2772 2443 2181 2058 1884 1311 2752 2024 1391 2164 1314 2055 2385 2432 2384 1822 2135 2005 1541 2555 3185 4071 7388 4328 
2385 2579 2212 2267 2633 2131 1461 2272 1528 5972 3372 1704 2070 2026 1732 2162 2286 1890 4058 1290 2474 2338 4294 4433 5550 
2316 2256 1606 1796 2947 2283 3141 2142 1834 1685 1889 1852 2084 2161 1903 5110 1967 1792 1835 3434 1444 1702 4664 4488 5642 
2407 1735 1771 1840 1846 2150 2297 2333 2112 2151 2031 2561 2324 2266 2216 2050 2452 2198 1843 2038 2639 1895 4173 3520 4228 
2108 1841 1490 2258 2043 2467 2665 3159 3381 3105 3160 3206 3275 2926 2613 2699 2017 3096 2631 1702 2491 2322 2267 3158 4124 
1829 1924 2269 2169 2580 3239 4630 3288 6814 7756 4388 3377 3261 3287 2476 2204 2942 2660 2248 2771 2223 1693 2287 1962 2929 
1715 2025 2319 2349 2585 4205 4664 8624 8133 7922 7887 8080 8136 6411 3900 3041 2622 2525 2500 2591 2703 1960 1730 3089 3618 
2135 2054 2586 2815 3000 4512 7744 7815 4819 5040 5054 5383 5543 6832 5481 6778 3447 3499 3008 2943 2997 2381 2614 2012 2379 
