includes/gis/ASCII_5k/mod13q1_ndvi_2002_033.tif.txt
ncols         25
nrows         20
xllcorner     257482.3972
yllcorner     9670060.6647
cellsize      5000
NODATA_value  -9999
6452 4595 4828 5090 5032 3740 4839 3459 3157 3460 3307 4947 5741 5321 3892 4581 3830 5542 7115 5796 5068 4925 5527 5923 5168 
5567 5186 4477 5622 5935 4825 4902 4186 3245 3907 3000 3991 4311 3334 3784 5150 5192 5723 5015 5494 5383 5135 5175 5649 7102 
4991 6386 5884 4323 5053 4901 3990 4478 3473 3412 3121 3091 4065 4018 3758 3527 4305 3355 4305 4928 5795 5546 6987 5558 6077 
6365 7088 5293 5849 4128 4697 4987 4898 4184 4157 3427 3748 4044 3395 3326 2948 3285 3469 4433 6674 6539 6335 6372 5783 6534 
6612 6625 6045 5343 4620 4689 4470 4123 3611 3910 3830 3988 3804 4031 2928 3400 3916 4391 4106 6368 5704 5733 4668 6806 6241 
4828 6489 6422 4270 4993 4671 3573 3792 3510 3738 5117 4249 3918 3498 2715 2960 3197 3005 4579 6151 6863 5702 7087 6605 6253 
5661 6624 5938 5038 4658 3915 3668 2950 3336 3779 3535 4413 4716 3648 2869 2875 3428 3774 4354 4654 5431 7244 6514 6073 5569 
5717 5589 4720 5185 3678 4086 3544 3223 3118 2732 4745 5318 5447 3486 2621 2895 3126 3000 3359 3853 5305 6783 7089 7572 7947 
5533 6061 6271 5680 6235 4145 4602 3168 3061 3175 4306 3816 4849 4473 2995 2597 2218 2449 3399 4196 5915 6389 6006 7614 7575 
5737 4832 5243 5218 3987 3481 3824 2173 2544 3044 2711 4247 3851 3484 2998 2483 3417 3036 3463 4404 4775 5706 7984 7886 7498 
4390 5285 4257 4809 3129 3016 2868 1263 2382 2441 3070 4177 3552 3203 2990 2515 3046 2884 2785 3292 3654 5983 7175 7645 8137 
4354 3808 4623 3487 3477 2102 2151 1500 1144 2454 1853 2264 3499 2879 2508 2840 2393 3253 2553 2914 3645 7466 7219 7139 8058 
4799 3174 3480 4687 3809 3961 1165 4425 2729 2090 2805 1243 2527 2600 2441 3257 2543 3207 3249 2113 4341 4838 5927 8186 7885 
4244 3744 3883 2553 2600 1759 1272 2680 2596 7210 5070 1780 2305 2286 2504 2739 3014 3006 6492 1652 4043 3764 5719 5914 7576 
3954 2407 2361 2133 3736 2671 3730 2308 2135 3904 3117 2804 2549 2620 2734 7427 2729 3007 2801 4372 2153 2480 5968 5462 6651 
2469 1771 1936 2395 3151 2388 2707 2551 2832 3957 3322 3125 3172 3303 3961 2958 3113 3477 2187 3013 3511 2587 6177 3131 6344 
2228 1732 1575 3229 3164 3470 3709 4152 3847 4398 3547 3571 5004 3707 3242 3573 2714 4188 3030 2231 2884 2401 2873 2862 4622 
1998 1580 2357 2722 4012 3530 3986 5610 8224 8326 6707 5706 5640 5802 3422 3047 3718 3788 3589 3777 4076 2472 2377 2438 4312 
2309 2823 2854 3167 3444 4246 3427 8724 8688 8563 8446 8563 8719 7502 6558 5181 4644 4296 4649 4728 4817 3833 2347 2622 3891 
3779 3954 3110 3139 2790 3282 8516 8908 6498 4985 5194 5502 6019 7571 7173 7788 5399 6439 5631 4461 4310 3576 2859 2203 2914 
