includes/gis/ASCII_5k/mod13q1_ndvi_2012_065.tif.txt
ncols         25
nrows         20
xllcorner     257482.3972
yllcorner     9670060.6647
cellsize      5000
NODATA_value  -9999
4565 3923 5075 4326 5057 3544 3469 2031 2227 2281 2104 2978 3147 3093 1840 2181 1962 2703 3499 3881 2411 2735 3033 3088 2535 
3915 3634 4253 4651 5053 3454 3295 2554 1872 2202 2340 2757 2703 2761 2206 2488 3160 2990 2835 2617 2549 3082 3191 3202 3644 
3629 3706 4115 3506 4369 3966 2950 1930 2462 2118 1964 2069 2717 2964 2424 2169 2538 2270 3274 3736 4130 3838 4458 3381 4212 
3369 4413 4053 4330 3141 4264 3775 2858 2511 3197 2362 2421 2696 2292 2291 2209 2682 2365 2343 5426 3801 2930 3141 2695 4192 
3497 4586 4498 3132 3643 4214 3373 3824 2342 2756 2819 2996 2579 3113 2161 2178 2804 2320 2317 5180 3974 4144 2475 3009 3414 
2851 4894 3748 3398 3643 3095 2915 3988 3187 2763 2982 2376 1924 2425 2197 2177 2483 1984 2393 5638 5542 5057 2813 3358 3075 
3205 3618 4225 3711 2920 2963 2464 2476 2498 2478 2428 2129 2399 2470 2618 2377 2293 2326 2404 3555 3471 6253 4023 3199 3486 
2961 2740 3749 4315 3095 3145 2754 2556 2232 2059 2675 2286 2358 2098 2016 2249 2159 1730 2109 2437 4376 6230 6672 5810 4959 
3390 3695 3872 3279 4141 2963 2372 2663 2146 2512 2243 2297 3069 2477 2071 1886 1718 2110 2445 3070 5763 4931 5641 7517 6276 
4064 2903 3126 2986 3118 2705 2636 1845 2018 3158 2366 2742 2032 2122 2015 1959 1914 1980 1795 2483 3951 5253 6132 7279 6059 
4022 3331 2441 2505 2373 2493 1813 1245 1670 2498 3003 2083 2288 2304 2385 1886 2189 2055 1769 1904 2519 5784 6310 7176 7013 
2672 2947 2684 1869 1999 1779 1940 1354 1039 1791 1922 2389 1770 2332 2740 1889 1832 2227 1867 1970 2506 6860 5976 6792 7385 
2927 3657 1834 2623 1969 2173 1386 2760 2289 1633 2727 1581 1931 1930 2270 1986 1745 1950 1910 1792 3185 4247 5285 8485 7157 
3521 2129 1889 2111 3430 1624 1299 2771 1757 6818 4118 1938 2659 1740 1982 1906 2453 2391 4239 1394 3370 2825 5275 5800 7519 
2709 2103 1380 1809 3372 1914 3164 2201 2025 2879 1971 2836 2490 2573 1896 5735 2079 2154 2476 3434 1895 1896 5559 4862 6350 
2796 1686 2106 2109 2237 2729 2986 3651 2975 2838 2763 4098 3434 4280 2901 2314 2890 2511 2351 2718 3934 2295 5237 3764 5151 
2107 1822 1869 2171 2642 4953 4839 4663 3835 3583 4112 4745 5867 4797 4028 3068 2377 2884 3096 1863 4044 2571 3351 3201 4412 
2338 2224 2505 3002 3449 4610 5043 4648 8264 8439 6107 5006 4862 5390 3202 3483 4390 2577 2517 4580 3467 2762 2502 2683 4257 
2253 2086 2174 4618 3977 4430 2957 8931 8662 8619 8632 8797 8977 7228 6612 4743 3056 3153 4791 4342 5013 3055 2059 2513 4362 
2777 2554 2330 3677 3469 4234 7488 8538 5545 5072 5305 5230 5694 7648 8687 7880 4160 4491 3080 4262 4468 3743 3558 2079 3135 
