includes/gis/ASCII_5k/mod13q1_ndvi_2015_017.tif.txt
ncols         25
nrows         20
xllcorner     257482.3972
yllcorner     9670060.6647
cellsize      5000
NODATA_value  -9999
3372 3256 4214 3350 3921 2770 2943 1856 2247 2297 2351 3367 3154 3386 1647 2317 2003 3068 3367 3674 2729 3264 3100 3329 2883 
3435 3064 2954 3402 3565 2762 2516 2432 2009 2640 2459 2635 3083 3330 1954 2716 2737 3299 2920 3119 3241 3810 3333 3732 3906 
3518 3921 3267 2487 3012 2786 2570 2274 2506 2141 2013 2094 3085 3119 2558 2112 2098 2324 2799 2719 5059 4567 3440 2815 3280 
4209 4570 2745 2626 2364 2643 2729 2789 2519 3185 2261 2608 2937 2292 2607 2368 2488 2127 2290 5431 2960 3017 3029 2879 3483 
3584 3161 2960 2609 3228 4123 2749 2579 2418 2584 2572 2788 2820 3309 2150 2107 2744 2392 2449 4521 2794 3278 2824 3336 3573 
2900 3404 2794 2961 2803 2947 2556 2692 3261 2662 3560 2637 2185 2521 2178 2114 2384 1930 2301 4169 4497 3361 2520 2395 2874 
2872 3743 3600 3676 2531 2705 3106 2481 2421 2205 2266 2637 2656 2728 3018 2879 2619 2485 2359 3232 3216 4875 3016 3359 3593 
2694 2604 3439 4289 2890 3013 2609 3016 2259 2269 4583 2456 2837 2567 2135 2356 2633 1900 2044 2258 4442 6035 4808 3647 5038 
3288 3574 2868 2869 3619 2793 2932 2383 2146 2681 3115 2536 2788 2484 2317 2222 1956 2256 2157 2223 4926 4589 4916 6776 5881 
3563 3090 3127 2913 2417 2511 2315 2334 2313 2355 2588 2778 2824 2632 2288 2132 2086 2080 1775 2071 2989 5288 6239 6961 5605 
3371 3833 2320 2421 2254 2010 1700 1253 1935 1932 2201 2348 2584 2478 2205 1989 2177 2057 2165 1864 2194 5142 6630 6966 6547 
2393 2483 2397 1799 1806 1602 1850 1395 999 1809 1754 1901 2173 2354 2217 1883 1858 2118 1771 2071 2861 6479 6687 7369 7045 
3070 2253 2057 2752 1997 1674 1293 2799 2789 1620 2656 1193 1927 1939 2360 2381 1989 2397 1988 1696 3119 3450 5382 8057 7186 
2814 1842 2084 2032 2653 1579 1301 2413 1795 6663 3736 1673 2009 1939 1988 2250 2748 2289 3890 1343 2715 2874 5063 5891 7380 
2672 2132 1490 1594 3193 2007 2707 2037 1953 2038 1847 1864 2138 2237 2724 5801 1797 1827 1979 3298 1580 1718 5127 4314 6369 
2673 1653 1874 1443 1828 2057 2478 3137 3424 3362 2724 2962 2342 2992 2572 2523 2451 2117 2055 2169 2987 2410 4825 3314 5031 
2403 2226 1484 2522 2250 2859 3311 3217 4069 4032 3926 4204 4714 3885 3582 3423 2266 3415 2406 1795 3873 2381 2308 2874 4531 
3379 1869 2221 2605 3330 2858 3274 3107 7910 7905 5756 4312 4687 4725 3348 3663 4173 2535 2385 3148 2530 2831 2287 2485 3119 
1796 2025 2249 2820 3288 3194 3396 8679 8419 8371 8392 8571 8728 7264 6525 6205 6015 4691 3532 3568 3131 2468 1555 2020 3346 
2083 2464 2716 3133 2870 4454 7525 8484 5704 5001 5264 5781 6191 7529 8414 8024 6838 5258 4413 3989 3585 2655 2844 1830 2777 
