includes/gis/ASCII_5k/mod13q1_ndvi_2013_337.tif.txt
ncols         25
nrows         20
xllcorner     257482.3972
yllcorner     9670060.6647
cellsize      5000
NODATA_value  -9999
5692 1391 6325 6425 5058 5468 3386 4497 5821 4825 5494 6064 7284 6624 5624 6327 4992 6964 6451 3335 6091 6303 5365 5441 3981 
6323 5881 6421 4564 5853 6029 3576 3747 4851 1977 3713 4199 5797 6551 5972 6727 5553 6792 6730 6734 6346 6199 6233 7888 7353 
6402 6418 6712 5379 6171 5248 5627 5457 6788 2148 5648 4606 5859 6480 6168 5089 6639 5228 6260 7203 7818 8031 7062 6154 4686 
3318 7593 5619 6806 5991 5650 3525 2851 3970 5416 4952 3966 5911 5089 6360 5988 6170 5620 5224 8000 7546 6222 4860 4145 5048 
4026 5909 5903 5276 5586 6143 3416 5059 3019 4228 4197 5434 6135 6286 4330 5823 6728 7191 5462 6877 7426 6687 3532 6524 3538 
5155 6865 6208 5987 5663 5293 4993 6503 6111 5583 5825 5395 3737 4880 3892 5625 6368 5904 6648 7276 8202 6512 5735 5966 5473 
5308 6122 3226 5989 5185 4836 2569 3371 4359 4133 4027 3696 5110 5532 5064 5493 5266 6261 5654 5949 3497 7699 3833 6691 3921 
4952 4464 5478 6735 5346 4698 2624 5837 2547 3318 4975 5431 4417 5109 4550 5190 6116 6736 5446 4876 6379 4964 4200 5821 2511 
5445 5601 6410 4910 6110 4575 5157 4488 4070 4767 5648 4320 4495 4548 4269 6015 4723 5593 6501 5533 6708 6998 4281 -9999 6212 
5601 4941 5257 4231 4649 3323 5165 5668 5403 4964 2035 4333 5129 4539 5201 5111 4555 6501 4830 5646 6720 7660 6228 6542 5800 
4692 4708 4282 4211 3625 3584 3627 1170 4810 3254 4675 4026 5416 5443 5010 5456 4751 4753 4763 2526 5271 6902 2344 6759 5154 
3803 4407 4386 3599 2928 2709 2872 1674 965 3297 2944 4419 4855 4671 5925 4500 4527 5692 5851 4686 6611 7756 -9999 1466 3509 
3634 5023 3148 4354 2141 2435 1633 3176 4610 3177 4313 2870 4496 4491 4763 4181 4815 5570 4649 5800 7636 7516 7036 8438 5649 
3182 2190 2891 2224 3413 1749 1130 5727 4550 7824 5766 2368 3953 3519 5856 6370 6749 5792 7578 3492 6728 7066 8029 6885 2822 
3145 2153 1469 1687 4474 2521 4816 5069 4431 5910 3700 5614 6688 7346 6091 8082 4478 4378 5096 7010 6042 4115 7299 3920 8140 
3778 1768 2437 1796 2846 3903 4215 5388 5514 5849 7520 6654 6786 6323 7333 6581 7536 6515 5784 5398 6027 5964 7003 6397 7392 
2954 2883 2185 2477 3418 5242 6461 5634 5934 5932 6692 6385 6704 7090 6392 6216 5158 5722 5608 6213 6547 6083 5967 6969 5718 
3039 3359 2619 3245 4169 5760 7290 7658 8121 7944 6720 5598 6328 6738 5615 6318 6486 5411 4627 6014 6042 6710 2480 6383 7071 
4139 4209 3166 3962 3223 6278 8391 8270 8488 2296 5909 7259 2146 7121 6076 5350 7615 6914 6801 6691 6860 6013 3907 7061 6771 
3981 6186 4943 5666 4150 7950 6384 1316 852 296 79 621 3195 6107 8406 8354 6518 6718 6289 6167 6412 5025 6031 6000 6777 
