includes/gis/ASCII_5k/mod13q1_ndvi_2014_001.tif.txt
ncols         25
nrows         20
xllcorner     257482.3972
yllcorner     9670060.6647
cellsize      5000
NODATA_value  -9999
6178 5732 6209 6062 6310 5872 6413 4741 5384 6112 4631 5348 5886 4820 3676 6644 4993 6957 7135 5364 4533 5646 5820 3533 4375 
6100 5929 5867 5393 6560 5398 5734 5666 4126 6158 4377 3884 4496 4157 5473 5811 5491 4936 2304 5020 3814 6006 4382 4478 4907 
5462 5913 6418 5343 5382 5554 5506 5104 5341 4307 4475 3950 4536 6255 6491 5147 5107 4838 3440 3931 4343 5001 5388 5709 6461 
6325 6935 5736 6469 5543 6465 5235 6198 4059 4214 3855 4827 4107 3644 6277 5299 6222 4691 4011 7705 5560 4819 6045 4477 5925 
5930 6115 6070 6110 5390 6541 6597 4415 2974 3557 3928 3905 4168 4830 3769 3899 5148 3246 3500 6290 5114 7176 4642 4356 7563 
4956 6478 6558 6192 5672 6074 4989 4584 3729 3153 6221 3925 3163 3201 3157 4109 4526 3546 4010 7132 8262 7209 6741 5967 5794 
5560 6237 6616 6430 4969 4633 5024 4259 3353 2950 3321 3611 3671 4379 4365 3129 3699 4759 5051 5397 6183 7701 5564 6852 6144 
5804 5449 6294 6414 4259 4479 4631 5214 4505 3753 6137 2893 2963 3489 2353 3056 3251 4966 3500 5076 6342 6829 7409 -9999 8466 
5574 5285 6098 6531 4027 4640 4907 2698 5315 5397 5398 4026 4798 4948 2880 3477 2652 3166 3600 4842 5834 7229 3936 7821 7933 
5843 4633 5221 5182 3666 3120 3367 5704 5566 4466 4552 4967 5402 4401 3742 2634 3015 3650 2537 3799 5926 6601 7806 8274 7149 
4626 6387 4797 3671 2781 2740 2735 2031 4787 4593 4572 4049 4693 4422 5084 3014 3368 3269 2945 3075 4197 6402 7469 8183 7469 
4036 4653 5129 3705 3060 2229 2879 537 1172 3501 3325 2678 4710 4560 4700 2842 3431 3780 3209 3088 4348 6794 7127 7754 7918 
4510 4626 3041 4306 3588 2827 1942 2894 4367 2360 3620 2024 3268 6052 5514 4278 4752 4963 2682 2419 6045 6079 6240 8613 7755 
3988 2244 3771 2612 6326 2054 1772 3578 2921 7432 4889 1843 3240 3457 3922 4352 6033 3653 6201 1909 5456 5045 7161 6470 8104 
3091 2155 1479 1832 5265 2754 3289 4099 2373 3870 3780 5932 6123 6526 4497 7890 3231 3078 3215 5751 2886 2598 6200 6329 7482 
2866 1776 2934 1913 2843 2707 3958 5109 5782 5892 4915 5845 5126 5706 7774 5080 5492 3810 2994 3181 3509 3285 6204 5547 7048 
2716 2608 1682 2607 2372 3659 5936 5838 5505 6101 6179 5801 6706 6736 5914 5589 4393 5312 4211 2587 4243 2971 3689 4757 4740 
3627 1648 2544 2629 4041 4641 6685 5894 7740 8232 7317 5158 5596 6401 5914 6901 6353 4765 3473 4490 3748 3639 2850 2956 4394 
2785 2819 2962 4134 2703 4803 7859 9006 8109 7789 7988 8752 8728 7965 5810 5694 6467 6136 5388 5475 4756 4082 2581 3404 5153 
4824 5491 5492 5175 4016 7000 8643 8868 5440 4512 4866 5254 5565 7038 8195 8158 5822 7578 5863 5802 4948 3873 3560 3031 4887 
