includes/gis/ASCII_5k/mod13q1_ndvi_2010_129.tif.txt
ncols         25
nrows         20
xllcorner     257482.3972
yllcorner     9670060.6647
cellsize      5000
NODATA_value  -9999
6275 5502 6169 6440 6223 6577 6276 5320 3658 5979 2053 3712 7242 7249 6431 4928 5876 6703 7881 4092 4997 5030 5556 4547 4111 
5919 6654 6505 5170 6238 6212 4975 6708 4585 4718 3980 3105 5759 6623 7121 7395 6758 5658 5369 5126 5705 5331 5356 7115 6047 
6078 7365 6383 5148 5281 6412 5553 3480 3346 3159 5012 4778 5544 6560 5316 6738 5957 3886 4737 4827 6100 5834 6124 6214 5369 
6155 7669 6355 6568 5532 6450 5409 4169 2976 3532 3480 3732 6102 5943 5569 6518 6665 5775 4109 6713 5874 4446 5293 4476 6099 
5649 6614 6126 6021 5752 6914 5643 4942 3719 3957 3239 4925 4766 6336 4069 5188 5946 4685 4208 5571 4452 4650 4276 5175 5148 
4398 4649 5674 6054 6661 6084 4170 5940 5690 4192 6958 3462 4082 3067 3486 4405 4099 2955 3971 5416 7299 6219 6830 6802 5560 
5152 5976 6057 5457 5507 5056 4517 5576 3249 3717 2513 4005 1329 3257 3801 4115 3283 3436 3956 5065 5557 6774 5778 6641 5581 
5231 4753 6034 7162 5745 4306 4996 4562 5166 5161 6004 2013 2612 2006 3301 2829 3270 3523 3455 5460 6882 7276 6762 6676 7300 
6132 5740 5564 6242 5882 4363 5167 4258 4354 4107 3667 3442 2388 3547 2157 2672 2282 3227 3527 4644 6395 6169 6456 7391 7331 
5564 4993 4565 5460 5456 3852 3405 3707 3932 3586 4552 4011 3422 3079 3495 2542 2550 2964 3149 4333 5309 7094 7358 7364 7254 
4061 4669 3164 4420 3993 3333 3987 1998 3465 2660 4679 4599 2132 2557 3016 2814 3204 2446 2951 3323 5743 6861 7363 7809 7942 
2547 3383 3749 2982 3864 4407 3382 2536 1351 2467 3931 4299 2237 3063 4219 2424 2649 3049 3140 3409 5043 7570 7732 7577 7817 
3736 2963 2885 3370 2881 4604 1628 3822 3356 2741 5036 2132 2955 4135 3797 2792 2273 2729 2655 2418 4582 5395 7067 8917 7401 
2656 2223 2198 2407 4651 2006 1789 4515 3007 7144 4429 1968 2673 2695 2052 2998 3829 3322 6161 2675 3766 3860 6692 7035 7589 
3269 2491 1679 2222 4063 2645 3952 3192 3227 3879 2960 4107 3281 3076 2605 7161 2855 2595 2736 4683 2492 3651 6510 7224 7629 
2929 1996 2135 2106 2591 3231 3795 4961 5044 4175 4931 4900 4083 3558 1835 3368 3401 3857 2936 3115 4564 4597 5687 6564 8330 
3116 3489 1905 3033 3484 5461 5376 4759 4507 4642 6096 6013 6083 3178 5080 4162 3231 4443 3169 2746 4923 6484 5354 5938 5058 
3252 2272 2618 3228 3880 6440 7458 6448 8309 8823 8166 6360 6294 6115 4003 5342 5817 4415 3089 4741 4848 6534 5539 4151 5611 
3079 3300 3122 4758 5112 8111 5015 1543 8871 8978 8437 5024 3616 6831 6777 5333 5963 5367 4483 4874 5252 5565 4015 6496 5335 
3228 3308 3827 4253 6918 7082 8155 7365 6568 6720 8135 5941 4353 4984 3491 8526 6458 6585 5530 5135 5516 4856 3571 4787 5185 
