includes/gis/ASCII_5k/mod13q1_ndvi_2013_001.tif.txt
ncols         25
nrows         20
xllcorner     257482.3972
yllcorner     9670060.6647
cellsize      5000
NODATA_value  -9999
6363 5465 4370 6078 5291 4323 4938 4924 5801 5092 6082 6053 7154 7669 5469 5316 6450 5809 6677 5413 3198 4388 4271 4588 5153 
5188 5548 4891 5865 6555 5840 3681 5433 5187 5570 4786 5246 5147 6214 5089 5986 6418 6681 5184 4536 5273 5305 4505 7451 6589 
6433 5990 5333 3511 5884 6187 5144 3859 5697 3794 4727 5099 5070 4829 3881 4131 4893 3949 4079 4953 6880 6374 4261 5080 6200 
5762 7783 5538 7227 5254 5433 5707 6362 4573 5866 3951 4932 3941 3130 4527 5260 7114 4287 2539 7180 5598 4650 5773 5411 6497 
6279 6623 6026 5947 5998 6249 6922 4802 3898 5770 5204 4990 4201 4607 3731 5017 3582 2887 2879 7254 6397 6664 5617 7460 5421 
5446 6908 7173 6279 6414 7082 5118 5651 6242 4413 6266 5006 4677 4175 3460 3837 3542 2929 4904 6779 8126 7977 6244 5659 5928 
6171 7238 6629 7067 5752 4992 5165 4345 4077 2869 4475 4288 5408 5050 3803 3739 3999 3783 5680 6411 6868 7942 6200 5857 6180 
5761 6050 6455 6683 5700 5594 4834 5258 3947 3106 6216 3388 3894 4969 2269 3880 2828 3362 3719 5439 7133 7554 8282 8080 8937 
6072 6154 7578 7057 6979 6034 6712 5642 2974 3938 5095 3627 4967 3207 2235 2280 2225 3934 4097 4966 6941 7897 7061 7920 8490 
6111 6019 5813 6363 5203 5752 5619 3514 4012 3834 4886 3198 3032 2268 3746 3248 2552 2922 2950 4775 6337 7523 8293 8409 8417 
5915 5161 3780 5131 5955 5030 4971 1356 3503 2821 3844 2883 2852 5014 4957 3437 3255 3534 2576 3176 5440 7665 8159 8105 8474 
3776 4301 4185 3698 4674 3373 3410 1748 1091 3098 2885 4087 3856 4732 4947 4123 4082 3541 2383 3991 7460 8174 7810 8274 8017 
6854 5360 4291 4076 3444 3959 913 2823 3699 2604 3716 2803 2963 3224 3487 2780 3937 4117 4509 2218 6612 7139 7407 8628 8341 
6783 2924 4200 2804 5405 1737 1422 5549 3652 7392 5375 2042 2697 2159 2891 3763 4608 5379 7153 1782 6874 6821 7760 6984 8463 
6212 4676 3292 3243 4479 2814 4987 4308 2144 2711 2959 3665 2536 2992 3421 7830 4487 3686 4830 7066 2813 2679 6170 6609 8153 
4547 2573 3420 3014 2689 2513 4945 3146 4486 4567 3895 4632 3160 3713 2932 3871 6598 5445 3947 4058 5721 5440 6335 5448 7698 
3057 2488 2476 2594 3554 3942 4226 6250 6976 5079 6301 6581 5900 5082 2788 4035 4225 5857 5160 4975 6609 6871 3795 5917 5095 
3719 2511 2322 2989 3410 3978 4709 6476 8226 8431 7443 5559 7327 5655 2401 4393 5544 5651 5122 7141 5367 5694 4818 5650 6378 
2779 2335 2573 3013 3440 5698 4883 8952 8444 8505 5932 8474 8858 8484 7334 7652 7409 6476 5910 5212 6532 5307 3749 3518 6720 
2104 2664 3564 4019 4129 5338 8441 8885 6092 4081 1494 6225 6061 7463 8588 8345 7777 7145 6425 6182 6386 4992 5441 3446 5191 
