includes/gis/ASCII_5k/mod13q1_ndvi_2003_193.tif.txt
ncols         25
nrows         20
xllcorner     257482.3972
yllcorner     9670060.6647
cellsize      5000
NODATA_value  -9999
5688 4079 5705 6892 4393 3358 4824 3657 3663 3431 4004 5580 5937 4954 3413 3025 3108 3235 3290 3069 3001 3130 2748 2933 3325 
5680 5057 5052 5313 5942 5328 3940 4916 3547 4990 4604 5344 5942 3888 2862 3211 1563 3112 3195 3120 3015 3621 3000 2002 4068 
5250 6205 6097 4773 5635 3947 5727 4826 4180 4686 3513 4564 4352 3804 2913 2853 2691 2891 3102 3258 4348 3485 2212 3590 3540 
5951 7774 6425 5604 4786 5186 5156 4535 4226 4599 4867 5611 4509 4079 3654 2937 2876 2870 2776 3035 1942 2899 3216 2905 3975 
4845 6162 5868 5468 5202 2228 3975 3639 3634 5179 4256 4621 4370 4998 3151 3455 3138 3198 2807 818 749 3889 1868 2751 4227 
4017 4861 4708 6108 4812 1732 3035 3577 3927 4049 6045 3992 3499 3375 2863 2757 2863 2243 3585 3794 4058 1211 4022 4248 4594 
4846 5126 5600 3778 2787 4224 3195 3102 3360 2747 3247 3797 3281 2844 2932 2681 2409 2318 2980 3784 4575 6194 4398 4368 4065 
5644 4956 5085 3965 5170 4935 3874 3598 2746 2366 4137 2998 3006 3574 2521 2781 2344 2153 2313 3156 4526 6090 5024 4501 4520 
3918 3610 4975 3364 5217 2666 4081 2876 2792 2623 2331 2815 3271 2737 2236 2257 1944 1940 2697 2848 5784 5944 5189 5704 5429 
4318 3415 4219 4793 4414 1203 2194 3542 2583 2423 2240 2674 2577 2620 2710 2055 2493 1986 2512 2510 3853 4888 6462 5648 4465 
4441 5407 3769 4054 3763 3340 3109 1615 2383 2544 2214 2843 2599 2481 2534 2076 2347 2333 2052 2129 2784 5289 5012 5673 5152 
3470 3886 3269 2585 2999 3575 2609 2369 1287 2271 1874 2294 2093 2241 2668 2080 2089 2584 2072 1963 2741 5536 6086 4885 5434 
4079 3691 3428 3046 2603 2788 1204 3610 2532 1898 2663 1515 2291 2041 2482 2789 2679 2430 2241 1730 3018 3399 4487 7351 4029 
2701 2981 2674 2409 3601 1942 1474 2796 1952 5804 4511 1857 2318 1972 2070 1977 3188 2271 3620 1232 2479 2724 4755 5209 6502 
2718 2938 1758 2002 3365 2517 3351 3371 2905 2251 1900 2068 2288 2400 2153 5990 2040 2237 2145 3620 1770 1999 4351 4775 6046 
2788 2480 1990 2130 2529 2375 3194 3799 2984 2648 2873 3263 2674 3002 2946 2359 2760 2683 2411 2727 2567 2468 4268 3722 4973 
2377 2353 2416 3053 2924 4120 4663 5407 4893 4144 4560 4154 4366 3567 3035 2040 2563 3680 2818 1673 2541 2609 3664 3287 2696 
2405 2047 2981 3823 2874 4720 5833 3660 -9999 3076 6533 5073 1323 3758 1207 3420 3188 2720 2689 3563 2750 2441 3435 2724 3045 
2473 2177 2848 3484 3607 5687 4893 2133 5373 8601 7756 6745 1847 2238 5265 4864 4886 3678 3176 3492 3415 2366 2012 3263 4425 
2556 2564 3028 3483 3784 6140 8548 4291 5917 5328 4668 2368 6122 7850 5373 7294 5138 4437 3436 3529 3472 2695 3111 3124 2916 
