includes/gis/ASCII_5k/mod13q1_ndvi_2011_177.tif.txt
ncols         25
nrows         20
xllcorner     257482.3972
yllcorner     9670060.6647
cellsize      5000
NODATA_value  -9999
3263 2970 3651 3752 4434 3102 3336 2263 2497 2898 2927 4219 3506 3481 2220 2162 2221 2816 2810 3073 2668 2842 2537 2529 2326 
3136 3100 2822 3393 3796 3016 2959 2819 2240 2858 3111 3039 3075 2632 2454 2758 2730 2846 2926 2886 2955 3110 2592 2982 3218 
3659 3928 3081 2536 3195 3071 2668 2318 2836 2839 2396 2326 2638 2894 2647 2521 2763 2282 2879 2944 4060 3179 2705 2874 2717 
3392 4530 3080 3198 2842 3059 3054 3124 2637 3329 2585 2734 2856 2395 2252 2326 2407 2507 2324 4471 2855 2618 2802 2514 3095 
2963 3323 3226 2958 3111 3912 2969 2613 2480 2706 2808 2778 2666 3112 2265 2253 2511 2602 2363 3776 2879 3305 2334 2680 2979 
2574 3990 2920 3120 3252 3246 2766 2892 2941 2557 3294 2420 2294 2296 2056 2114 2362 1977 2469 4014 3808 3089 2454 2583 2304 
2882 4142 3963 3769 2777 2718 2894 2932 2276 2378 2259 2396 2377 2446 2464 2181 2107 2404 2377 3077 3082 4832 2951 2538 3003 
2870 2720 2786 3967 3327 2556 2610 2849 2346 2607 3613 2197 2394 2406 2032 2284 2151 1865 2117 2564 3892 5293 4279 3708 3890 
2627 2874 3045 2888 4045 2313 2324 2285 2109 2218 2285 2113 2419 2126 2016 2021 1827 2176 2329 2515 4951 3847 4941 5385 4697 
2753 2424 2747 3137 3221 3135 2199 2021 2021 2004 1948 2033 2110 2295 2339 2104 2052 1995 1903 2095 2750 4014 4622 4907 3974 
2797 2645 2289 2612 2639 2438 1646 1265 1698 1689 1878 2220 2089 2260 2215 2023 2304 2101 1890 1994 2451 4590 4126 4720 4163 
1935 2156 2176 1959 1996 1786 1762 1356 1151 1660 1803 2002 2114 2169 2402 2165 1954 2269 2065 2129 2349 5016 3942 3903 4647 
2269 2098 1975 2076 1991 1955 1314 2813 2162 1640 2587 1375 1951 1812 2090 2181 1808 2003 1865 1844 2613 2996 4098 7541 3669 
2024 1770 1865 1956 2750 1574 1368 2214 1507 5656 3118 1605 2120 1786 1801 2353 2330 1971 3717 1328 2236 2386 4080 5079 6117 
2117 1774 1410 1914 3363 2029 2437 1820 1712 1852 1580 1702 2205 2262 2138 4937 2105 1845 1894 2789 1728 1812 4130 3865 5981 
1838 1577 1512 1759 1708 1962 2352 2315 2136 2088 2151 2476 2029 2441 2266 1990 2351 2445 1755 1978 2298 2073 4043 3093 3872 
1701 1688 1259 1995 2092 2870 3310 2662 2816 2646 2714 3087 3205 3006 3137 1471 2290 2569 2354 1605 2520 2323 2142 2893 4060 
2022 1374 2114 2181 2403 3495 3955 5092 7106 7095 4509 3840 3038 3594 2478 2410 2348 2431 2383 2885 2308 2086 2128 2339 2888 
1785 1847 1919 2218 2549 3323 6546 8500 8388 7520 7755 8486 8415 7000 4668 3025 2476 2660 3029 3233 3032 2163 1735 2453 3412 
1730 1906 2269 2668 2448 5720 7974 8214 5677 5604 5896 5688 6177 7190 7867 7087 3786 3841 2880 3289 3244 2566 2888 2281 2759 
