includes/gis/ASCII_5k/mod13q1_ndvi_2009_273.tif.txt
ncols         25
nrows         20
xllcorner     257482.3972
yllcorner     9670060.6647
cellsize      5000
NODATA_value  -9999
2322 2068 2823 2334 2673 2071 2668 1630 1927 1989 1697 2400 2516 2284 1357 1182 1343 2142 2584 2349 2052 1980 2054 1916 1844 
2331 2238 2060 2393 2627 2066 2504 2012 1547 1982 1747 2249 2295 2853 1804 2052 1904 2372 2225 2013 2173 2473 2082 2644 2865 
2408 2938 2666 2011 2334 2159 1979 1667 1851 1750 1826 1878 2165 2301 1988 1721 1891 1765 2162 1907 2969 2588 2501 2731 2541 
2458 3203 2650 2610 1950 2221 2089 2351 2117 2653 1996 1958 2386 1704 2217 1937 2034 1763 1856 3384 2286 2038 2564 2041 2754 
2409 2789 2484 2347 2574 2495 2248 1883 1981 2217 2229 2025 2231 2540 1807 1778 2136 1803 1553 3252 2404 2674 1919 2393 2519 
2008 2583 2428 2386 2614 2590 1913 1938 1823 1964 2409 2045 1804 1908 1733 1846 2245 1751 2121 2815 3238 2713 2064 2310 1942 
2077 2594 2741 2593 2223 1922 2604 1937 1873 1769 1973 1921 2070 2101 2099 1965 1935 1987 1992 2529 2197 3511 1931 2279 2556 
2224 2050 2217 2602 2331 1945 1949 2309 1899 1917 2293 2125 2035 2079 1894 2172 1847 1748 1980 2015 3350 4290 3840 3352 3388 
2044 2471 2452 2323 2401 1819 1919 1878 2301 1945 1948 1785 2246 2009 1850 1795 1642 1838 2194 2511 4400 3097 4278 4690 4493 
2525 2005 2417 2086 1931 1935 1766 1644 1573 1579 1772 1890 1906 1832 1887 1760 1801 1484 1473 1972 2914 3303 4055 4625 3620 
2334 2386 1840 2138 1960 1799 1523 1135 1422 1360 1632 1795 1791 1731 1819 1752 1870 1747 1325 1649 2256 4075 3126 4037 3790 
1998 1929 1987 1524 1727 1473 1329 1163 916 1424 1253 1488 1536 1631 1658 1579 1616 1784 1356 1384 2029 4687 3485 3108 3940 
2001 1920 1583 1848 1810 1362 1119 2197 1469 1157 1655 882 1475 1468 1630 1676 1486 1747 1537 1363 2679 2570 2831 6858 3436 
1747 1425 1702 1762 1910 1434 1205 1769 1225 4248 1953 1356 1528 1446 1464 1334 1811 1616 2402 1054 2031 1926 3268 2808 5248 
1772 1651 1268 1425 2723 1872 2096 1477 1396 1364 1488 1312 1762 1735 1599 3532 1701 1580 1723 2071 1170 1167 3690 2505 3734 
1756 1333 1190 1424 1581 1525 1830 1717 1527 1646 1756 2114 1446 1907 1699 1611 1789 1760 1558 1707 1685 1390 3178 2171 2384 
1575 1374 1111 1695 1808 1996 2017 2120 2100 2169 2281 2441 2286 2280 1833 1771 1708 2028 1901 1275 1789 1292 1487 2418 3476 
1834 1285 1651 1847 2145 2412 2129 2118 4491 4764 2935 1692 1457 1618 1729 1664 1699 1697 1856 2529 1548 1424 1558 1990 2391 
1191 1528 1923 2116 2150 2026 2789 8043 7546 7525 7507 7241 6714 5158 2334 1663 1632 1578 1595 2016 2022 1307 1494 2198 3185 
1696 1620 1903 2274 2134 2176 3709 4914 3196 2087 2299 1160 2862 5807 4602 5631 1848 2126 1635 2140 2130 1942 2132 1580 1966 
