includes/gis/ASCII_5k/mod13q1_ndvi_2013_017.tif.txt
ncols         25
nrows         20
xllcorner     257482.3972
yllcorner     9670060.6647
cellsize      5000
NODATA_value  -9999
5066 4017 5359 5437 6103 5127 4305 4383 4818 5331 4792 4793 6316 6094 2672 3500 3657 5069 4652 4126 3079 3259 3287 4083 3590 
4324 5112 3729 4393 6639 4736 5125 5375 4880 6367 4475 3741 3780 4176 3341 3867 4182 4800 3651 2790 3352 3758 3186 7095 6320 
5319 5978 6022 3561 5402 5657 5654 5052 6409 4116 3118 3680 3416 3476 2508 2522 3027 2739 3201 2922 6081 4107 3708 4177 5547 
5953 7392 5260 5837 5251 4817 5649 5491 4295 4412 2957 4336 3376 2362 2923 2930 5013 2546 2327 5682 3265 3061 4875 4095 6221 
5157 6176 5974 6326 5432 6874 5349 4765 3661 5070 3627 3541 3373 3495 2717 2927 2979 2641 2123 5440 5450 5216 4250 5903 5394 
5316 6704 6846 6270 5601 5674 4669 5021 4735 3986 6540 3894 3500 2790 2325 2545 2457 1910 2886 6183 7059 6307 4563 4698 5082 
5830 6572 6300 6463 5187 5116 4784 4655 3387 3282 3145 2939 3582 3258 2907 3086 2986 2731 4167 4514 5439 7424 4857 5026 5835 
6599 6153 6703 6016 3909 5056 4090 4532 3440 2766 4114 2535 2725 4270 2081 2493 2415 2442 2812 3623 6557 6720 7532 7555 8412 
6096 5287 5489 5167 6030 5311 5550 4798 4157 3357 3670 2562 3169 2403 1983 1943 1870 2794 2977 3412 6298 6757 5875 8051 7933 
5697 4004 4611 5287 5423 4765 4766 4017 4138 2350 3302 2385 2259 2113 2497 2680 2393 2386 2323 3068 4351 6950 8410 8447 8180 
4364 4282 3675 4157 4346 3901 3073 1772 3195 2234 2555 2161 2248 3011 2991 2254 2533 2719 2316 2354 4085 6707 7617 8188 8085 
3817 3892 3375 2897 4102 2727 2338 1678 1037 2548 2417 2706 2409 2723 2680 2516 2562 2895 1926 2989 4045 7446 7673 7939 7899 
4463 3718 3029 3634 3446 3886 1518 2962 3459 1975 3157 1418 2012 2063 2287 2215 2615 3130 2582 2005 5308 5262 6822 8162 8166 
4369 2885 3406 2972 5732 1645 1388 4024 3262 7285 4057 1741 2272 2320 2018 2088 3118 2759 6315 1648 3892 3866 6921 6746 7826 
4758 3588 1835 2553 4536 2050 4472 3563 1880 1820 2012 2373 2515 2606 2166 6783 2699 2611 3658 5989 2153 1961 5698 6196 7713 
3622 2059 2466 2440 2247 1872 3334 2360 3127 2805 2565 3360 2550 2952 2848 3132 4912 3563 2423 3243 4243 3513 5845 4152 7040 
2479 2210 1879 2321 2726 2801 3556 3693 4098 3177 4222 5298 4673 3804 2687 3254 3227 4788 3427 2419 4901 4160 3470 3851 4620 
3438 1805 2133 2596 2850 3313 3745 5702 8055 7948 6019 4829 6091 5851 2327 2682 4061 4319 3141 5370 3858 3899 2858 3434 4299 
2103 1865 2182 2741 2971 4526 3635 8778 8323 8244 8209 8693 8698 7954 6797 6750 6679 5028 5078 5408 5312 3840 2317 2850 5541 
2302 2644 2919 3350 3370 4981 8040 8796 6032 5091 5239 5379 5701 7233 8372 7829 7082 6979 5292 5334 5156 3505 3823 2742 4625 
