includes/gis/ASCII_5k/mod13q1_ndvi_2010_001.tif.txt
ncols         25
nrows         20
xllcorner     257482.3972
yllcorner     9670060.6647
cellsize      5000
NODATA_value  -9999
6757 5514 6361 2537 4429 6568 5300 7156 8281 6060 4818 5870 6281 5680 4790 5500 4887 3965 5137 4596 4845 4150 6586 4769 4795 
4494 4531 4345 5147 4139 6829 4973 7279 5566 4453 4233 4765 5021 4868 6556 7245 5872 5241 4120 5937 6140 5752 5888 7652 7807 
4421 3806 5768 7552 5222 4047 5939 5028 4943 2242 4592 5555 5245 5899 6107 5553 5253 4269 5593 4756 6961 6516 3810 6080 5699 
4495 2831 4622 3816 5132 4218 5035 5270 4918 6711 3472 4570 5076 5074 4916 5777 5481 5559 4311 6801 6252 5313 5173 3576 6500 
6088 5666 2289 4721 6254 6364 3709 4314 3806 5111 5321 5055 2993 4306 2622 2582 6063 7704 5466 5096 6628 5197 5224 4583 5910 
5828 3690 5860 7555 6841 5979 4248 4775 5045 4940 5310 3775 2765 3280 3378 5490 3612 4069 5711 6074 3665 6730 5734 5157 4807 
6455 5680 5385 2759 6892 6077 3002 2567 3206 1406 2934 2473 3068 4485 4343 6004 3878 6141 4653 4337 4913 4602 4998 6744 3196 
8000 5603 5735 5768 5916 4457 6284 4936 3349 3229 1745 5190 3979 4324 4011 5146 3508 6229 4975 4090 7020 5278 5186 5131 7877 
5472 8035 8464 6270 5064 6606 7588 5166 3110 4197 6085 3993 4301 6247 2889 2762 3196 4184 2719 4709 6234 4203 4959 5715 6623 
3552 5508 6929 7479 6089 4930 5990 2611 2299 6867 4845 4163 3321 3513 2235 2690 2294 1910 1675 2836 5350 6117 2480 2464 5377 
4711 5879 5891 7081 4478 3587 4365 1198 2035 3462 4555 7657 5846 5277 4465 3626 5441 4588 965 2217 5582 6736 7084 4096 8424 
3571 4664 4562 5225 5280 4746 2967 1928 665 2205 -352 6479 3729 5191 4378 3651 2496 5333 2875 3598 4074 7495 6218 4091 4649 
6330 6962 3600 4617 6459 6792 2241 3005 3510 2622 2834 1313 2274 4573 6038 3328 2580 2867 1961 2026 5240 7023 7453 4226 6465 
4677 3868 3876 4961 4868 2039 1801 7262 4135 6990 4212 2203 2451 5161 7120 7383 4413 4189 5630 3578 6102 6637 7609 6819 4369 
4648 4201 3468 5062 6605 2583 5182 3307 3902 6824 2436 4735 5739 7149 5694 6654 4613 5170 2456 6086 6217 4769 6296 5840 7509 
3996 2737 3992 4003 5312 5820 4905 3615 5115 5348 5699 6689 7277 7278 7379 5688 6732 5064 5491 5404 5630 5444 5287 5726 7849 
4082 3814 3277 4279 4885 6931 7433 6472 6710 5879 6110 6840 7506 7751 7274 5889 5719 6647 5772 6243 6182 6048 4471 6383 5490 
5111 6005 5523 5083 5008 6652 7159 7123 8474 6109 7024 6273 5551 7421 6272 7462 8029 5036 5663 6028 6322 7062 3590 4910 6034 
5364 5918 6739 6966 6585 6892 4832 8875 6579 6453 8254 8794 8947 8352 7523 6999 6894 6660 6089 5709 6461 4597 3464 7245 6391 
4216 6908 6378 7592 7760 7048 8518 8782 5603 2344 3384 4808 6011 7548 8604 8499 7697 7117 5925 5707 5838 6361 5370 5405 5231 
