includes/gis/ASCII_5k/mod13q1_ndvi_2015_081.tif.txt
ncols         25
nrows         20
xllcorner     257482.3972
yllcorner     9670060.6647
cellsize      5000
NODATA_value  -9999
2891 3683 5144 2488 4955 3957 4460 1761 1853 1447 2340 2293 3075 1831 621 561 566 1529 3968 5691 3835 4255 2868 1770 1984 
2690 3976 1382 2900 2631 2622 4473 2240 1895 3434 2679 2630 2127 2853 1705 2017 3485 2585 4011 4839 4232 4976 2437 3880 4177 
2842 2936 3237 1896 1379 2060 2252 2475 4120 2273 2249 1074 3373 3262 2643 1438 1855 2709 3657 4395 6649 6165 5497 3286 1991 
3520 2944 1944 2236 1660 2791 2599 4512 2372 2813 1001 2228 1781 1139 2774 1224 1218 2485 2515 6242 3880 3153 3817 2821 3165 
3322 2745 2352 1961 3101 3166 3620 2666 2136 2104 2230 2231 2590 1817 1629 1624 4322 2692 1458 5568 3595 3875 2662 2967 1772 
2158 2182 2356 2467 2498 2808 1783 2422 1705 2329 2956 1591 2196 1103 1820 1224 2468 1923 1435 1741 5229 4306 2478 2237 2217 
2050 3651 2771 3691 2505 2638 1630 1910 2996 2135 2169 2144 2616 2032 1814 3635 2952 1338 1568 1953 2915 1107 2313 2704 3057 
2398 912 1753 2694 2457 2373 2396 1899 1700 2642 2009 883 2262 993 1249 2171 1478 1909 2764 1046 3102 6177 3258 3638 4639 
2330 2202 2789 2336 2544 3481 2272 2014 1564 2528 2771 1719 2589 2209 2088 2059 1814 1609 2827 973 3092 2975 2681 2984 5670 
2861 1424 2750 2461 987 1510 1614 1754 2006 2047 2124 2529 2477 2151 2115 1933 925 1971 2025 3551 4833 6397 2727 6486 5319 
2481 2178 2285 2384 2424 2451 1723 1312 1810 1877 1839 3060 2914 2499 2287 1781 2307 2641 2582 2361 1760 3823 3457 5823 7255 
2537 1915 2312 1790 1854 1735 1900 1434 1107 1868 1698 1638 1850 2077 1944 2083 2472 2537 1718 2107 1986 6783 2994 2530 3460 
1957 2711 1887 2270 1854 1570 1322 2576 2247 1480 2492 1250 1864 1768 2098 2043 1948 2437 2015 1764 4655 2891 4583 1778 3775 
2418 2145 2334 2183 2443 1592 1210 2507 1766 5824 2981 1592 2111 1719 1604 1949 2725 2415 3476 1640 3508 2126 4746 3146 1260 
2698 1905 1661 1817 3088 2253 2501 1998 1545 1706 1591 1730 2051 2082 3004 6055 2195 1606 3223 2641 1620 1582 2021 3597 5444 
2179 1711 1335 1768 1977 2179 2130 2306 2094 2047 1919 2231 1973 2772 2295 2379 2258 2013 2086 2279 678 1752 4844 3006 2639 
1977 1512 1468 2872 2790 1747 2501 1913 2778 2844 2861 3228 3377 3462 2987 2022 2164 2695 886 1497 3215 1929 2515 3685 4469 
3354 2071 2315 2696 1523 4060 3119 3297 4782 7309 4073 2702 2765 2983 2559 3237 2164 2256 1701 2412 1939 1832 1637 2023 3675 
1559 2476 3322 4229 4240 2231 3097 6118 4261 5984 7840 8161 8218 5682 4416 3800 3724 1956 2974 2317 2321 2314 1838 2332 4508 
2233 2373 3291 3866 3616 4235 2411 5509 2586 1870 720 6789 6912 6837 7792 4850 3846 3415 2542 3056 3539 3311 2951 1782 2886 
