includes/gis/ASCII_5k/mod13q1_ndvi_2004_113.tif.txt
ncols         25
nrows         20
xllcorner     257482.3972
yllcorner     9670060.6647
cellsize      5000
NODATA_value  -9999
6641 4485 6670 6805 6242 6020 6334 4004 5769 4892 5051 6374 6907 6585 4893 4411 3670 5766 6708 4756 4920 5148 4670 3940 3979 
6526 6795 5937 6859 6296 6014 5627 4640 6171 2812 5344 2432 6781 5988 5124 5640 5665 6029 5313 4736 4622 5342 3916 7580 7162 
5777 6970 6572 4845 5892 6305 5825 4355 6183 3538 3641 4056 5329 5254 3927 3811 3889 3922 5142 5952 6996 5506 7006 5784 7064 
6644 7548 6654 6847 6543 6299 5388 5902 5193 2837 2949 4579 5725 4512 2390 3120 4388 3979 4228 6648 4596 4089 5783 2654 6843 
6712 7143 6795 5642 6796 6990 6305 5396 4210 5144 3160 4939 5029 5213 3552 2845 3934 4367 3229 4698 5066 5579 4508 6426 6216 
5550 7468 5254 7293 7089 4182 5374 5352 4377 3629 3235 5497 3277 3664 2535 2642 2997 2117 2944 3814 7280 6117 7840 5984 5597 
6215 7035 6874 6600 6995 6000 4800 3670 4760 4041 3119 2723 3573 3286 3442 2678 3461 983 3273 3854 5109 5546 6259 5541 5998 
7337 6129 6137 7225 6422 5655 4733 5203 4579 2964 5227 4125 4858 4693 3075 2845 3554 2266 2180 4099 6321 3433 7232 7260 7583 
6018 6539 6259 6996 7468 6444 5582 4344 4575 3643 3249 3582 3621 4406 3890 3614 3301 3149 3400 4273 6422 4367 1645 7975 7446 
6218 3596 4882 5588 6029 6881 6600 5624 5433 5095 3155 2893 2264 2939 3360 3128 3747 3771 4009 4776 6234 6454 2943 7886 8123 
4533 5825 4016 4419 4239 4027 5138 1806 4898 5170 4177 4285 3592 4430 4291 4102 4457 5369 3981 3902 5714 6378 5707 7662 8517 
4185 4235 3425 3399 3518 4594 4200 2014 934 2860 2735 3847 4678 4824 4782 4553 3239 5288 5172 4748 5563 7361 5241 2357 6310 
4123 4328 3950 4881 3290 3626 1463 4265 3309 2406 4135 2182 3135 4199 3629 4479 4131 4149 4737 5317 6803 7094 6716 8268 7353 
4225 3259 2827 3082 2360 1781 1858 3342 1815 7547 6160 2828 3151 3553 4847 4953 4997 4225 7282 2488 6485 5576 4576 6301 7563 
1567 2936 2341 2123 3396 2695 4771 2771 1756 1836 2124 3171 2943 4120 3625 8151 3468 3986 5437 5953 3925 2440 6730 5577 7692 
2016 2192 2215 2031 3367 3502 5057 5486 3891 4173 2680 3806 3993 5053 3263 5273 5738 5921 4701 4319 5734 4373 7217 6700 7066 
3544 2763 2140 3695 4198 5957 6637 6156 5048 5506 5231 4500 4712 4651 4362 4866 5682 6588 5427 4778 4534 4696 4994 6320 6000 
3752 3516 4269 4406 5626 5535 4909 2814 7680 7584 4951 5040 5305 4414 4137 4492 6682 4860 5019 6325 5760 4973 3993 4242 5357 
3390 5462 6119 6460 5622 2721 4366 7209 5696 8211 3147 6969 5864 6524 5862 5402 6161 5636 6716 7639 7000 4787 5039 6695 6811 
3132 4878 4964 4966 4792 3816 5892 8534 6014 1788 634 477 3258 7676 4729 3965 6431 2823 6392 6023 7053 6265 5686 7062 4300 
