includes/gis/ASCII_5k/mod13q1_ndvi_2013_033.tif.txt
ncols         25
nrows         20
xllcorner     257482.3972
yllcorner     9670060.6647
cellsize      5000
NODATA_value  -9999
5838 5162 4953 4307 5641 3628 3826 3343 4024 3516 4085 3852 5773 6122 2816 2788 3018 4387 3636 3417 2935 2898 2905 3914 3236 
5694 5568 5388 5397 6396 4648 4443 3724 3282 4645 3207 3361 3948 4513 3064 3145 3343 3977 3041 2573 2820 3578 2446 5411 5516 
5794 6081 5456 4530 5270 4726 3846 4190 4504 4363 3004 3551 3703 4061 3396 2946 2490 2619 2784 2630 6065 3687 3318 4483 3735 
5968 7521 4783 4822 4193 4603 4832 4830 3673 4233 3521 4581 4409 3176 3352 3168 3548 2279 2145 5105 4334 4013 4022 4321 4844 
6027 6529 5743 5446 4281 5852 4626 4572 3493 4996 4539 4216 4302 4250 2899 2759 4120 3249 2555 4975 4191 4070 3219 5077 4662 
5269 6436 5659 5764 4645 5143 4111 4101 4150 3242 6780 4066 3650 2932 2917 3509 3423 2686 3167 5225 5910 4985 3278 3248 4207 
5854 6322 5233 5884 4761 4940 4354 3795 3244 3337 3562 3738 3437 3105 3509 4339 3712 3883 3550 4133 5231 6823 4705 4561 4939 
6458 6233 5845 6042 4617 5277 3553 4072 3072 2827 5163 2877 3250 3867 2624 3022 2748 2523 2461 2972 5409 6110 6964 6812 7945 
6256 5574 4461 4860 6205 5450 4848 4150 2837 3514 3829 3024 3866 3448 2559 2280 2459 2653 2810 3125 5961 6229 5561 7572 7908 
5469 4199 4749 4372 4092 4492 4135 3239 3075 2316 2916 3304 3537 3573 3217 2949 2492 3167 2843 2574 3547 6307 7483 7794 7325 
4222 4788 4062 3645 3987 3259 2369 1786 2474 1960 3201 3794 3369 3215 3811 3031 3250 2764 2780 2720 3549 6672 7045 7630 7604 
3411 4011 4087 3269 4128 2478 2267 1852 1033 2108 2067 3492 2513 3410 3762 3132 2760 2675 2087 3106 3634 7545 7393 7903 7432 
3842 3825 4254 3897 3455 3423 1418 2664 3261 1999 3203 1801 2571 3125 2614 3194 2743 3404 2635 1755 4529 5765 6468 8340 7487 
3687 2638 3141 3852 5547 1631 1444 3408 2401 7417 4475 1830 2949 2569 2977 2754 4347 4282 6313 1590 4125 4315 6155 6282 7952 
4111 2755 2681 3242 4578 2209 3898 2878 1757 2657 2337 3505 3422 3435 2711 6943 3393 3206 3333 5698 2097 2286 5714 6678 7185 
3989 2225 2658 2853 2355 2308 3266 2296 2694 3346 3255 4191 3202 4143 4155 4155 5361 4631 3284 3911 4507 2886 5696 3566 5963 
2602 2081 1808 2298 3074 3068 4108 4285 5053 4156 4848 5106 5150 4757 4175 3836 3757 4836 3399 2825 4648 3770 3356 3154 4886 
2722 2470 2813 3187 3479 4174 4266 6082 7792 7734 6236 5208 6593 5784 3388 3925 4813 3744 2945 4967 3305 2754 2891 2853 3901 
2042 2550 3144 3074 3004 5246 3447 9126 8069 8022 7964 8780 8898 8175 7518 6712 5703 5671 4751 5103 4267 3154 1894 2801 4866 
2234 3455 3252 3329 2930 5194 7181 8686 6226 5235 5175 5344 6037 8058 8666 8157 7176 6824 4810 4937 5043 3458 3410 2436 3543 
