includes/gis/ASCII_5k/mod13q1_ndvi_2003_081.tif.txt
ncols         25
nrows         20
xllcorner     257482.3972
yllcorner     9670060.6647
cellsize      5000
NODATA_value  -9999
3647 4128 4990 5024 4715 5613 5308 2712 4476 4662 3231 5704 6257 6576 3847 4421 3638 4278 5805 3844 3165 4192 4332 3461 3769 
3617 3348 4196 4412 5408 5404 4978 4699 4293 4744 3599 5439 6246 3113 2538 4511 4600 4547 4416 5000 3333 4867 4880 5573 5428 
3929 5495 4145 4050 4150 4563 4066 3831 3090 4252 3112 2904 4406 3644 2950 2884 3268 2730 3670 3269 5060 6112 6612 5776 6179 
4656 5808 4192 3680 4246 3938 3484 4149 3427 4403 4111 4746 4514 2647 2647 2425 2747 2435 2593 5606 4978 4832 5890 4261 5841 
4417 3461 3542 4000 3695 4642 3466 3266 3332 4164 4483 5268 3475 3562 2534 2546 3325 2923 2447 5627 4338 4684 3857 4577 4606 
4582 4281 2984 1345 4175 3413 3652 3368 4251 3447 5145 3218 2361 3163 2280 2759 2977 2273 2375 5041 5980 4739 5998 5005 5335 
4313 4450 4901 4587 3392 3130 3346 2618 2905 2849 2789 2768 3111 2940 2361 2294 2506 2413 2386 3549 4065 6365 4588 3916 4702 
2888 4612 5250 4399 3545 3256 2801 2998 2565 2391 3806 2694 2748 2727 2169 2287 2255 1994 2218 3151 5380 6310 6790 5794 6086 
3309 3704 3001 5116 4141 3284 3289 2589 3018 3073 2644 2518 3152 2779 2158 2204 1940 2010 2416 2384 5247 5264 5462 7601 6961 
4066 4035 3543 3402 3317 3231 2574 2710 3117 2736 2737 2754 3071 3020 2520 2181 2317 2129 2313 2203 4156 5046 7298 7483 6525 
3170 4556 3230 3401 2812 2765 2083 1164 2285 2559 2230 2782 2935 3190 2505 2121 2330 2240 1913 2010 3356 5886 6253 6886 7211 
3179 3275 3354 2749 4275 2242 2228 2449 1318 2366 2033 2381 2156 2691 2874 2049 2165 2666 1878 1958 2916 6393 5635 6565 6745 
4199 3666 2705 3585 2561 2567 883 3939 2742 1980 3167 1619 2025 2071 2614 2245 1974 2054 2356 1822 4601 4197 4611 8174 6823 
3279 2061 2720 2693 3164 1747 347 2900 1869 6759 4308 2112 2525 2149 2445 2503 2657 2321 3675 1517 2920 2760 5242 5232 6861 
3529 2672 1836 2282 3733 2587 3707 2469 2022 2056 2142 2410 2550 2425 2407 6632 2146 2457 2319 3452 1761 1771 5587 4897 6505 
2912 2089 2190 2362 2493 2412 2530 2879 2684 2966 2789 3465 2492 2731 2686 2688 3338 2496 2109 2562 2662 2293 4972 4089 5445 
2538 2412 1857 2855 2603 3080 3504 3948 3895 3906 3604 3857 4879 4184 3030 3185 3618 3528 3456 2278 2317 3009 2856 5044 4685 
2816 2203 2946 2627 2965 3013 3477 2964 7356 7876 6221 4547 4908 5853 5225 3451 3838 3389 3094 3357 2532 2248 2950 3424 4456 
4319 3177 3116 2866 2792 3384 3196 8724 8322 8172 8320 8672 8819 7428 5534 4853 5006 5053 4066 4671 4890 2506 2666 4957 6258 
3255 4934 3030 3083 3179 3591 8181 7795 5748 5446 5520 6108 5885 7270 5731 7126 5422 5865 5172 5306 5733 3881 3371 2896 2912 
