includes/gis/ASCII_5k/mod13q1_ndvi_2015_273.tif.txt
ncols         25
nrows         20
xllcorner     257482.3972
yllcorner     9670060.6647
cellsize      5000
NODATA_value  -9999
2813 2158 2684 2654 2766 2447 3075 2143 2496 2210 1851 2357 2772 2730 1215 1195 951 1379 2733 2010 2038 1661 2312 2096 2040 
2401 2739 2354 2816 3009 1995 2785 2850 2158 2453 2027 2198 3917 2784 1535 1818 2653 2422 2623 2159 2336 3022 2277 1702 2720 
2755 3200 2950 2197 2726 2710 2317 2043 2571 2092 1957 1836 2227 1903 2278 1796 1746 2055 2226 1957 1850 3026 2131 1940 1328 
2901 3290 2677 2761 2133 2638 2819 2567 2072 3293 2309 2157 2247 869 1103 1679 2351 1515 1953 4053 2303 2165 2277 2216 1873 
2751 2783 2604 2523 2977 2891 2726 2558 2260 2346 2367 2439 2551 2840 2218 1867 2406 1063 746 3639 2513 2851 2094 3017 2536 
2209 2728 2391 1680 2830 2963 2337 2489 2480 2344 2984 2520 1983 2234 1820 1860 1072 1594 1262 3494 3391 2908 2168 2479 2257 
2192 2738 2806 2530 2289 2355 2741 2588 2109 2122 2224 2340 1919 2634 2289 2089 1869 2006 470 2260 1960 4106 1940 2451 2683 
2343 2248 2756 2691 2351 2250 2532 2382 2024 2316 2539 2061 2391 2277 1992 1146 2040 1487 1648 1581 3393 2063 2716 2538 4129 
2212 2813 2592 2334 2733 2066 2030 2110 2015 2010 2425 2244 2160 1935 1751 1836 1607 1795 2453 2212 3921 1424 -9999 5161 5115 
2567 2225 2678 2403 2042 2172 2005 2012 2010 1984 1841 2025 1699 1903 1786 1837 1874 1649 1474 2243 2194 1524 1903 3481 3912 
2436 2510 2026 2148 2159 2010 1726 1065 1814 1680 1670 1710 1906 1803 1857 1739 2042 1994 1524 1626 1950 3186 2484 3214 4489 
2015 1909 2098 1790 1790 1583 1721 1308 1113 1650 1383 1465 1644 1779 1960 1592 1831 1796 1344 1684 2298 2764 1768 3509 2772 
2265 2317 1788 2031 1770 1565 1295 2334 1751 1449 2009 1162 1571 1454 1710 1884 1496 2133 1731 1191 2767 2876 3325 4395 2280 
2002 1704 1758 1852 2153 1625 1375 1937 1511 4744 2304 1412 1646 1481 1383 1369 2240 1867 3243 1014 2297 2403 3694 3528 4411 
2038 1777 1315 1594 3121 1891 2378 1824 1574 1660 1391 1513 1788 1679 2188 4261 1786 1417 1382 2316 1506 1601 3847 2537 4266 
1921 1455 1340 1539 1749 1791 2167 2135 2558 2198 1931 2004 1767 2236 2000 1899 1977 1798 1598 1799 2087 1881 3697 2143 2805 
1774 1776 1185 1950 1868 2398 2682 2358 2405 2537 2471 2553 2612 2760 2127 2113 1421 2340 2203 1623 2389 1840 2144 2546 3734 
1866 1364 1703 2026 2502 2652 2836 3306 5823 6749 4234 2508 2022 2354 1797 1833 2007 2134 2007 2602 2128 1683 1908 2102 2370 
1427 1560 2131 2305 2417 2591 3378 8244 7954 8675 8750 8057 8585 5849 2975 2070 2008 1924 2079 2308 2434 1714 1460 1985 2532 
1699 1716 3123 3107 2400 2883 6238 8226 3958 6401 5725 6816 4523 7033 7046 5744 2372 2493 1591 2429 2440 2012 2119 1644 2230 
