includes/gis/ASCII_5k/mod13q1_ndvi_2005_065.tif.txt
ncols         25
nrows         20
xllcorner     257482.3972
yllcorner     9670060.6647
cellsize      5000
NODATA_value  -9999
3114 2603 3121 2991 3314 2667 3741 2062 2837 2119 2378 3343 3308 2782 1585 1754 1782 2596 2747 3010 2354 2580 2654 2466 2328 
2058 3437 2698 3296 3042 2460 1529 1979 1580 2325 2508 2566 2517 2448 1816 2227 2782 2750 2671 2546 2343 3133 2497 3695 4006 
2868 3993 2976 1890 2650 2503 2112 2013 2742 2403 2141 2001 2521 2307 2006 2136 2010 2185 2426 2484 3994 3338 3515 3176 3491 
3292 5530 2931 2520 2293 2550 2515 2596 2349 3029 2302 2213 2470 1977 2149 2006 2295 2050 2117 5203 2987 2419 2979 2267 4044 
3427 3640 3250 2549 3083 3566 2550 2377 2195 2365 2306 2591 2415 2865 1783 2168 2729 2377 2228 4760 2702 3231 2211 2800 3111 
3023 3684 3467 3279 2996 3557 2643 2629 2488 2248 2953 2353 2072 2349 1903 2063 2574 2085 2543 4214 4102 3354 3849 3031 2996 
2877 3511 3778 3731 2703 2645 2364 2770 2176 2186 2154 2034 2383 2439 2532 2465 2246 2434 2430 2894 3322 5725 2979 2975 3527 
2633 2861 2587 3832 3089 2466 2586 2580 2485 2259 2622 2471 2988 2670 2082 2496 2004 1726 2117 2358 4285 5616 4754 4204 6293 
3064 3116 2823 2484 3298 2503 2593 2412 2527 2476 2088 2119 3068 2818 2080 2102 1776 1891 2441 2618 5368 4785 5368 7061 6494 
2845 2100 2495 2377 2585 2591 2411 1922 2527 3281 2171 2002 1934 2111 2210 1949 2272 1936 1944 2460 3894 4393 6278 6491 6243 
2817 2866 2259 2277 2115 2004 1953 1186 2368 2856 2125 1882 2001 2176 2384 1978 2285 2249 1847 2294 2724 5174 5557 6687 6974 
2515 3049 3081 1879 1939 1634 1528 1258 1022 2648 2221 2294 1831 2076 2252 1839 1846 2182 1719 2080 2786 6731 5550 6214 6735 
2796 1941 1945 2553 1875 1625 1348 2572 2497 1454 2317 1243 1800 1753 2211 1909 1901 2115 1889 1592 3415 3549 4427 8291 6191 
2164 1652 1929 2179 1939 1607 1321 2373 1521 5803 3132 1647 2004 1721 1679 1531 2324 1861 2819 1331 3308 2633 4758 4279 7108 
2072 1840 1292 1680 3222 1903 2507 1770 1894 1645 1662 1641 2091 2210 2027 5307 1798 1808 1970 3237 1693 1672 4961 4314 5161 
1978 1671 1638 1769 1754 1737 1979 1939 2234 1815 2061 2411 2084 2803 2122 2221 2309 2639 2048 2289 2357 2139 4993 3131 3542 
1625 1616 1219 2007 1942 2107 2314 2446 2824 2388 2979 3220 3708 3411 2605 2723 2620 2798 2701 1767 2249 2112 2247 2851 4349 
2072 1518 2096 2315 2734 2608 2948 2491 7636 8307 4320 2924 2720 3335 2753 2253 3502 2734 2447 3143 2176 2016 2164 2492 3410 
2733 2458 2571 2294 2196 2465 2831 7597 8757 8600 8543 8410 8781 7905 6276 3598 3120 2840 2997 3188 3456 2477 2130 2575 4462 
2116 2355 3101 3009 2372 2422 6894 8356 4552 5720 6132 5079 4503 7392 6314 7319 4118 4212 3458 3285 3707 2720 2706 2641 2434 
