includes/gis/ASCII_5k/mod13q1_ndvi_2000_193.tif.txt
ncols         25
nrows         20
xllcorner     257482.3972
yllcorner     9670060.6647
cellsize      5000
NODATA_value  -9999
2767 2350 3214 3057 3443 2283 3589 2184 1428 1323 2605 3124 3446 3059 1294 2891 2262 2953 2966 3255 3008 3072 3068 2222 2807 
2749 2661 2352 2872 3106 2215 2537 2832 2014 2501 2708 2995 1649 2486 2105 2618 2503 2774 2858 3366 2910 3382 2905 3564 3559 
3227 3447 3078 2307 2482 2304 2802 1318 1859 1314 1998 1610 2404 2810 2627 2212 2353 2225 2794 2540 4059 2968 2755 3722 3396 
3150 3716 2566 2554 2258 2558 1646 2590 2372 2986 1361 2448 2534 2198 2369 2227 2552 2403 2274 3184 3273 3084 2645 2920 3581 
3118 3370 2918 2849 3163 1758 2480 2620 2322 2950 2664 2602 2569 2955 2046 2188 2584 2465 2479 3784 2931 3520 2381 3658 3788 
2616 3435 4005 2037 1939 2185 2596 1350 2427 2675 2652 2354 2022 2227 2067 2069 2578 2405 2784 4302 409 3223 3686 3360 3810 
2956 3203 3116 2693 1746 2778 2855 2512 1841 937 2382 3262 2213 1935 2255 2018 2465 2816 2466 3276 1988 5189 3421 3514 3827 
2705 2218 2871 3510 1289 1560 1658 2406 2044 1610 297 1852 1996 1329 -9999 2419 2099 2057 2386 2670 4617 5618 5041 4224 4403 
2906 2880 2711 2271 1286 1597 258 1794 1560 731 2081 1103 2560 1015 2406 2203 1609 1915 2579 2763 5182 1654 4993 6065 5419 
2790 2291 2181 1019 2514 2294 1123 1515 1418 1612 1315 2040 2159 496 1992 2172 2247 1986 2228 2474 3692 3773 4616 4910 4457 
1666 2962 1364 2665 2721 937 1278 734 899 1785 1726 1554 1792 1899 2429 2039 2271 2012 2096 2334 2802 4794 4051 5127 5021 
977 2533 1564 1564 544 664 1218 392 536 1686 1781 1686 2042 2101 1619 2110 2066 2406 2077 2277 2770 5988 5418 3865 5215 
2654 1467 524 1398 2104 1581 1226 2596 1882 1299 1968 1073 1664 1582 2103 1686 1926 2093 2246 1827 3073 3349 3427 7993 3684 
2136 1592 1662 1862 1895 1472 1370 1923 1076 4469 3109 1593 1830 1763 1791 2033 2526 2173 3864 1305 2502 2863 4532 4044 5756 
2131 1740 1500 1595 2338 2253 2487 1317 588 2281 1647 1477 2154 2031 2179 4917 2013 2202 2128 2640 1594 1993 4685 4465 5818 
1338 1635 1276 1719 1625 1867 1854 1264 1531 3388 1980 803 1776 2365 2253 2014 2282 2376 1950 2191 2293 1804 5131 2910 4582 
1685 1526 1237 1731 2050 2444 1176 2152 2068 2038 1040 1250 698 489 770 2600 2154 2747 2523 1904 1846 1936 2457 3290 4189 
1540 1428 1777 1857 2184 2203 2361 873 375 342 1092 519 401 1122 630 1020 2097 2135 2316 2797 1834 1928 2136 2776 3062 
1665 1885 2029 2108 2266 2796 4897 7376 6873 793 701 367 352 191 601 466 1320 2271 2225 2698 2598 2002 2027 3052 3787 
1908 2357 2552 2497 2065 3786 6643 8027 5681 5367 5248 4485 5468 457 193 309 642 2772 2330 2386 2690 2462 2670 2166 2980 
