includes/gis/ASCII_5k/mod13q1_ndvi_2016_241.tif.txt
ncols         25
nrows         20
xllcorner     257482.3972
yllcorner     9670060.6647
cellsize      5000
NODATA_value  -9999
2842 2866 3977 3775 3939 3218 3547 2517 2683 2377 2295 2641 2883 3108 1710 1582 1888 2623 2279 3090 2467 2619 2431 2162 2060 
2824 2841 2949 3187 3361 2646 3055 2915 2059 2508 2083 2554 2440 2951 1792 2325 2469 2799 2856 2630 2596 3033 2312 2760 2805 
3465 3901 3121 2616 3053 3001 2482 2122 2568 2269 2074 2072 2627 2642 2040 1951 2090 2223 2474 2218 3517 3060 2490 2608 2620 
3204 4041 3128 2966 2927 2948 2869 2893 2486 2966 2427 2170 2638 2229 1944 2005 2492 1858 1931 4107 2324 2269 2330 2313 2951 
2802 3176 3035 2918 3031 4546 2963 2821 2456 3078 2744 2767 2633 2938 2025 2177 2373 1917 2032 3364 2228 2680 2045 2828 2821 
2346 2942 2834 3009 2844 2968 2858 2621 2740 2718 3313 2788 2190 2385 2077 2057 2400 2095 2550 4090 3404 2680 1952 2036 2465 
2742 3049 3172 2848 2725 2318 2782 2347 2174 2567 2695 2519 2503 2537 2689 2249 1987 2201 2283 2790 3037 4297 2132 2446 2763 
2854 2957 3023 2726 2461 2686 2478 2593 2754 2202 3185 2156 2228 2282 2131 2128 1665 1496 2205 2383 3790 5935 4261 3023 3840 
2790 2814 2674 2475 2855 2545 2178 2145 2226 2275 2313 2078 2610 2242 2124 1976 1736 2089 2097 2166 5015 4300 5906 4649 4002 
2779 2692 2506 2718 2099 2353 2166 2117 2157 1909 1892 1978 1905 2110 1921 1904 1971 1947 1261 2363 2702 3830 6235 4733 3845 
2714 2887 2155 2183 2106 2119 1879 1323 1333 1758 1696 2004 1966 1916 2060 1813 2126 2281 1741 1827 2214 4598 4520 5128 4740 
2318 2362 2306 1776 1931 1576 1512 1487 1126 1660 1466 1622 1838 1932 2146 1808 1581 1950 1628 2075 2131 6051 4402 4424 5352 
2221 2088 1842 2126 1963 1540 1191 2601 2014 1604 2018 1092 2028 1687 1933 2068 1655 2155 1651 1491 2557 2791 3442 7439 3706 
2318 1744 1956 1958 2822 1430 1255 2017 1517 4922 2872 1525 1883 1764 1574 1835 2156 1729 3571 1357 2349 2178 3598 3605 4959 
2051 1857 1446 1593 3009 1742 2395 1647 1614 1802 1715 1795 1931 1685 1937 4491 1994 1762 1863 2338 1539 1529 3983 3181 4189 
1881 1438 1398 1685 1637 1822 2148 2124 2218 2042 1870 2267 2011 2223 1982 2062 2288 2060 1911 1878 2212 1937 3709 2363 3147 
1850 1655 1232 2232 1856 2311 2623 2562 2836 2654 2559 2793 2854 2776 2215 2500 1661 2216 2098 1425 2569 2109 2195 2581 3653 
1910 1185 1688 1983 2371 2480 2166 3791 7913 7312 5048 2402 2462 2717 2102 1923 1986 1869 1801 2724 2240 1877 1956 2139 2460 
1168 1384 1759 2225 2229 2529 747 8160 7641 8339 8344 851 800 5406 3185 2431 2166 2198 2104 2323 2445 1982 1617 2386 3228 
1741 1860 2098 2294 1971 2716 6377 7837 6269 4459 4700 4660 3595 6975 8117 4911 3185 2864 2033 2677 2911 2554 2209 2043 2711 
