includes/gis/ASCII_5k/mod13q1_ndvi_2004_353.tif.txt
ncols         25
nrows         20
xllcorner     257482.3972
yllcorner     9670060.6647
cellsize      5000
NODATA_value  -9999
-9999 3298 4635 -9999 -9999 2947 -9999 2313 -9999 3748 -9999 5502 -9999 -9999 -9999 -9999 -9999 -9999 -9999 -9999 4356 4615 5312 -9999 3774 
-9999 -9999 -9999 -9999 -9999 -9999 -9999 -9999 -9999 3765 -9999 -9999 -9999 -9999 -9999 -9999 -9999 -9999 -9999 -9999 3621 4987 5302 -9999 -9999 
-9999 4227 -9999 2297 -9999 -9999 -9999 -9999 2729 -9999 -9999 -9999 -9999 3746 -9999 -9999 4827 -9999 4171 5196 6452 6086 6512 -9999 6264 
3085 -9999 2737 -9999 -9999 -9999 -9999 -9999 -9999 -9999 -9999 -9999 -9999 -9999 3887 -9999 -9999 -9999 3571 7515 5618 -9999 5392 -9999 6618 
-9999 -9999 3144 -9999 -9999 2966 -9999 -9999 -9999 -9999 -9999 3619 -9999 -9999 -9999 -9999 -9999 -9999 3225 6831 4673 5488 3306 4500 5110 
2220 -9999 -9999 -9999 -9999 -9999 -9999 -9999 -9999 -9999 3185 2962 2531 4180 -9999 -9999 -9999 2190 3843 6002 7407 6155 7304 -9999 5318 
-9999 -9999 -9999 2996 -9999 -9999 2241 2297 2184 -9999 2768 -9999 3721 -9999 -9999 -9999 -9999 3255 3068 4823 6109 7057 4859 5338 -9999 
3322 -9999 -9999 4199 -9999 2264 2472 -9999 2499 2563 -9999 -9999 3430 3474 2466 -9999 2462 2201 3014 4335 6314 7212 8041 7465 8356 
-9999 3167 -9999 -9999 4097 -9999 2514 -9999 2450 2343 -9999 2341 -9999 -9999 -9999 -9999 2125 2596 4190 4513 5749 6120 5601 7865 8037 
-9999 2364 2813 2690 -9999 2620 -9999 -9999 -9999 2014 -9999 -9999 -9999 -9999 -9999 2557 3199 3384 3433 4426 6883 5167 7562 8128 8065 
3889 3098 2292 2630 2447 2091 1804 1060 1815 2098 1964 -9999 -9999 -9999 2867 2752 3082 3413 2412 3252 4346 6363 6341 7654 8233 
3025 1946 2420 1929 1952 -9999 1615 -9999 1020 1813 1426 1727 1732 -9999 -9999 -9999 -9999 3318 2637 3510 4785 -9999 7104 6946 7780 
2720 2066 1628 2464 1935 1680 1281 2809 1999 1486 2375 1116 1683 1889 2325 2153 2196 2616 2755 1980 4915 5567 5794 8339 7339 
2092 1637 2085 1949 1945 1472 1053 2376 -9999 6354 3808 1576 1989 1722 1614 1781 -9999 2460 5051 1324 5314 5011 7031 6119 7701 
2248 1788 1289 1485 2775 2346 2642 1842 2032 1760 1616 1882 2282 2560 2469 7066 2202 2327 3028 4242 2483 2548 6421 5819 7175 
1830 1525 -9999 1524 1578 1699 2105 -9999 2006 2110 2017 2942 2650 3567 2867 3025 -9999 3194 2829 3891 4288 3365 -9999 5020 6252 
1533 -9999 1178 -9999 -9999 -9999 3340 4043 3849 3289 4267 4366 4779 4683 4404 3151 3176 4727 5396 4233 3876 4420 3399 4163 -9999 
1765 1184 -9999 2174 -9999 -9999 4090 6055 7953 7831 6144 4078 4041 4763 5399 4295 5934 3366 4716 5534 4302 3572 3756 3747 6426 
1883 2004 1917 -9999 3172 -9999 3528 8792 8485 8324 8316 8593 8740 6843 4884 4409 6056 4534 4786 5925 6154 4298 3357 3594 -9999 
2189 2709 3176 -9999 -9999 5283 -9999 -9999 5529 5113 -9999 5726 4227 7030 7047 7471 4475 5433 5248 5685 6146 4871 4791 3965 5355 
