includes/gis/ASCII_5k/mod13q1_ndvi_2016_321.tif.txt
ncols         25
nrows         20
xllcorner     257482.3972
yllcorner     9670060.6647
cellsize      5000
NODATA_value  -9999
5467 3024 4549 4108 4443 4151 5653 4700 5038 3693 4749 4579 2464 1178 5389 4589 6625 5793 4820 7105 3341 5479 4356 4052 2976 
2639 3003 3178 4088 4693 4394 5129 5208 4259 5621 3723 3693 5020 5072 2262 6273 3222 6208 4313 1286 3497 3201 2344 7679 6492 
3764 2876 3414 2883 4114 4653 3937 3220 4947 3234 5953 3037 5351 5279 917 2320 4214 2980 3973 5900 6521 6104 3866 4230 5424 
3173 4473 3260 3663 4013 4724 4100 4516 4622 3648 3343 2982 3420 3414 3081 1297 3827 2537 3465 6293 3332 3539 3063 4025 4843 
3307 5600 3487 2856 3224 5035 3837 1872 3805 3531 2290 3971 3573 2895 2358 1515 5594 3909 2561 6466 3845 4097 3494 2959 6315 
2439 5140 2441 2216 2392 3047 2616 3105 2639 2822 2810 3144 2265 2624 1234 2842 3017 1986 3424 3119 4366 5391 3818 4337 2840 
2707 3934 3179 2484 2672 2530 2590 1326 2183 2853 1468 2546 2902 3740 3481 2087 1866 3047 2884 5600 4182 6454 4596 4357 3950 
2448 2730 1990 2098 3504 2659 2108 2353 1206 669 1774 1456 2034 2697 2365 2516 1931 1424 1787 1870 5640 5742 8497 3166 6627 
3032 2904 2717 2735 444 2288 1571 1761 2142 1832 2464 5297 2671 2132 2421 1528 1127 2105 2427 3310 4816 5009 5211 6952 6606 
4326 2361 2380 2703 1787 2228 2354 1964 1825 2478 2629 2275 959 2326 2545 2209 2425 2535 1928 2679 5034 2444 2674 -9999 8617 
2767 3030 1918 2202 1994 1844 1481 1255 1496 1585 1533 1822 2008 1524 1746 2314 2679 3454 1911 2565 4354 3744 1777 5068 8483 
2300 2177 2081 1839 1471 1652 1707 1631 1099 926 1495 2082 1573 1587 1545 2842 1917 2408 2499 2451 2972 4574 3179 3283 5139 
2414 2091 485 1394 1382 1585 835 2635 1992 1422 2388 1885 2187 1858 2392 2345 2781 2422 2243 2751 5637 5438 5454 7620 6844 
2182 1244 1865 1836 1493 1019 1715 2627 1135 6107 3362 1918 698 2316 2648 3358 4123 2930 4394 1537 4786 4531 2765 3817 4212 
737 1875 1324 1712 3337 2708 3291 992 1556 1073 1731 2467 1938 2365 2997 5573 2419 2563 2428 2268 2402 2894 6161 3386 2667 
1809 1448 1759 1733 1885 3121 1185 1194 1765 2547 2257 2995 2826 1789 3488 2645 3306 4124 5030 2787 3638 3339 5431 1855 4221 
1821 1519 1742 518 2902 1525 965 1237 2414 2381 1967 3757 3253 1462 1695 2879 2716 4140 2798 5136 3444 2996 2692 1876 3470 
2286 1820 2241 1922 1558 1842 3485 2051 1606 3063 3369 3324 2370 2578 2941 2996 4945 5133 4565 4962 4156 3685 2571 3257 2679 
1720 1983 2148 3392 2441 2470 1909 4993 1054 339 813 4871 8128 6724 4239 1743 2328 1139 5066 3582 3405 2408 2013 4909 1890 
2070 2239 3347 3502 4241 1955 1901 506 331 6124 2938 355 6132 7035 3957 1604 3593 5651 1700 3087 4326 2419 3377 3791 1940 
