includes/gis/ASCII_5k/mod13q1_ndvi_2005_273.tif.txt
ncols         25
nrows         20
xllcorner     257482.3972
yllcorner     9670060.6647
cellsize      5000
NODATA_value  -9999
2369 2391 2839 2937 2935 2093 3314 1618 2497 1798 1830 2555 3068 2785 1194 1283 1589 2455 2201 2487 2209 2219 2231 1935 1913 
2250 2409 2191 2855 2811 2186 2727 2185 1722 2192 1855 2399 2405 2429 1546 2057 2321 2383 2262 2064 2080 2641 2103 2943 3201 
2602 3252 2769 1997 2365 2163 2539 1937 2244 2049 1846 1961 2358 2209 1697 2136 1949 1839 1942 2043 3544 2673 2640 2514 2743 
2913 3629 2603 2959 1965 2271 2256 2495 2202 2964 2199 2185 2318 1956 1837 1734 1934 1643 1805 4232 2322 2049 2465 2102 2802 
2454 3039 2717 2731 2969 3087 2207 2153 1789 2262 2399 2315 1949 2810 1819 1874 2115 2095 1634 3513 2300 2863 1831 2336 2466 
2059 2643 2828 2921 2635 3039 2053 2050 2142 2241 2947 2267 2024 1996 1770 1990 2114 1830 2091 3390 3275 2745 2978 2230 2154 
2167 2693 2986 2677 2327 2151 2069 2161 1965 2081 2099 1960 2129 2033 2166 2194 1947 1963 1968 2316 2163 4472 1928 2288 2632 
2271 2159 2372 2942 2281 2082 2130 2112 2092 1992 2650 2059 2090 2132 2014 1795 1965 1684 2000 1997 3701 5066 3760 3299 3393 
2217 2467 2576 2403 2665 2004 1778 1793 1919 2145 1929 1848 2156 2148 2004 2024 1753 1810 2112 2368 4645 3757 4692 4731 4319 
2341 1941 2481 2203 2284 2340 2208 1832 1943 1741 1746 1873 1946 1896 1833 1814 1997 1792 1805 2185 3096 3423 5654 4998 3916 
2252 2545 1912 2167 2013 1992 1772 1297 1693 1702 1637 1836 1754 1808 2046 1838 2059 1877 1633 1764 2293 4179 3305 4734 4455 
2044 1892 1933 1691 1823 1590 1470 1277 1104 1650 1500 1607 1789 1619 1879 1551 1775 1929 1523 1516 1976 5085 3650 3535 4344 
2063 1736 1620 1835 1827 1399 1401 2428 1783 1439 2013 987 1632 1470 1732 1820 1482 1926 1812 1521 2617 2643 3010 6970 3735 
2013 1445 1627 1857 2045 1427 1263 1941 1411 4617 2211 1543 1731 1639 1460 1410 2000 1744 2244 1180 2022 2074 3277 3020 4573 
1996 1858 1415 1561 2942 2036 2217 1674 1621 1523 1576 1648 1726 1880 1859 4473 1662 1706 1695 2071 1512 1469 3876 2707 4104 
1933 1608 1642 1468 1575 1601 2144 1741 1799 1883 1777 2045 1705 2184 1932 1907 2213 1740 1530 1812 2040 1689 3684 2200 2523 
1642 1673 1358 1898 1743 1883 1977 2072 2184 2117 2250 2287 2407 2287 1867 2256 1888 2134 2165 1393 1875 1687 1914 2518 3703 
1784 1326 2063 2063 2252 2358 2645 2764 6346 5883 3235 2254 2092 2338 1934 1667 1776 1725 1950 2506 1875 1572 1872 2325 2410 
1547 1775 2022 2385 2551 2744 3282 7814 5723 8162 8000 8140 7716 5616 2815 2132 1965 1601 1897 2423 2381 1714 1572 2520 3669 
1830 1890 2370 2361 1935 2901 7704 2315 1169 4551 3374 4243 -9999 6226 4281 5757 1936 2354 1834 2349 2705 2001 2254 1796 2375 
