includes/gis/ASCII_5k/mod13q1_ndvi_2013_065.tif.txt
ncols         25
nrows         20
xllcorner     257482.3972
yllcorner     9670060.6647
cellsize      5000
NODATA_value  -9999
4204 3269 1221 1068 4488 2173 4553 2303 2839 2657 699 2897 3503 3772 775 2334 705 1557 3510 3042 2020 2558 3549 2457 2457 
3937 4392 1725 4761 5227 618 2119 6176 1404 4477 678 2442 2791 3611 2218 1894 1163 3231 -9999 625 1277 2434 1328 3172 968 
4901 4462 4054 2446 1739 1491 1803 2488 2997 2490 1130 2143 2491 3001 1543 872 1604 2494 1046 1823 3369 2507 2329 2034 3856 
3960 3587 3185 5049 4348 3484 3677 3512 3202 2652 1287 2879 3476 2147 1196 1948 3593 1690 1617 4595 2071 1357 3257 2660 2123 
4628 2876 4676 4370 3290 3186 2395 2879 2269 4084 1896 3664 3113 3536 2396 1801 2486 2293 2081 2674 4793 2171 2471 2715 3936 
3487 2315 3924 4186 1769 2860 2981 2261 3414 2143 4102 3269 2905 1667 1611 2269 2844 2278 781 3371 2223 2775 2531 3506 2943 
4320 5073 3158 4995 1677 2245 4651 2538 2829 2810 2510 3055 3099 2436 4274 3068 2992 2195 2604 3461 2645 3173 1695 1839 4264 
4915 3930 5002 4121 2801 3034 2575 3766 2094 1239 3213 2106 2533 1730 2346 2662 2426 479 2129 2438 1041 760 1820 1447 1046 
2549 4027 3982 1559 4574 2252 2968 1481 2121 1727 1810 2263 1879 2614 2108 1416 1979 1568 2431 1571 5365 5548 4762 3129 5677 
1759 2684 3188 1498 2083 2496 2832 1577 2006 1534 1951 2354 2627 1732 1089 1931 2458 2254 2305 2260 2895 5343 7123 5298 7146 
2750 2669 1400 3420 2896 2825 2092 1329 1995 1187 1855 2354 2177 2144 1131 1438 2109 2809 1530 2771 2806 5912 5544 3176 7176 
2355 2897 2679 1976 2525 1758 1831 1373 911 1554 1555 2071 1630 1989 2463 1842 941 2953 1796 1740 2318 7247 6425 6177 7507 
2977 2217 2267 2641 2293 2360 1431 2865 2512 1669 2652 1326 901 1714 2230 1555 2113 1337 2025 1669 -9999 3652 5096 5910 5251 
2121 1737 2312 2145 2989 1465 1252 2438 1750 6774 4038 2141 3085 2427 1293 1093 2514 1734 5531 1579 3073 3476 4555 5112 6364 
2633 1645 1370 1890 3345 2220 3047 2184 1655 2006 1841 2440 2360 2389 2291 6988 1676 2306 1747 4224 1718 1872 5336 4150 6182 
1802 1585 1943 2173 1503 1946 2404 1744 2149 2350 2188 2513 3022 4382 1366 929 3442 1861 1552 933 2887 2181 5218 2697 4621 
2030 1873 1369 2435 2473 2642 2754 2723 3110 3615 2538 1729 2661 2236 3794 3253 2302 2211 1308 1721 3575 2745 3102 3744 3400 
838 1220 2452 645 2909 1988 1854 2437 4448 3524 5270 4048 3610 4652 2554 2319 3592 1308 2566 1392 2998 2228 2339 2641 3062 
766 2773 2497 2863 938 3538 3790 6290 3601 7874 8295 8596 8606 7227 6637 3837 2214 2055 3574 3975 3784 2510 1378 2883 4261 
2216 2731 3691 3847 2523 3052 5300 7748 6230 5471 5077 5284 5856 6414 8524 7595 2926 2871 3191 5260 5841 2545 3742 2679 3022 
