includes/gis/ASCII_5k/mod13q1_ndvi_2008_305.tif.txt
ncols         25
nrows         20
xllcorner     257482.3972
yllcorner     9670060.6647
cellsize      5000
NODATA_value  -9999
2546 2302 2892 2608 2955 2488 3724 1971 2146 2167 1940 2818 2813 2876 1891 2027 1984 2557 3062 2949 2542 2680 2650 2264 2280 
2280 2515 2279 2955 3109 2455 2909 2665 1814 2302 2133 2502 2592 2646 2066 2303 2754 2929 2770 2714 2695 3033 2536 3279 3667 
2546 3234 2878 2224 2746 3269 3161 1860 2287 2024 2097 2265 2676 2788 2344 2278 2458 2332 2860 2642 3993 3254 3047 3034 3141 
2701 3609 2540 2767 2386 3277 3146 2445 2187 2901 2274 2204 2768 2186 2250 2425 2755 2512 2255 4459 3055 2536 2916 2349 3107 
2499 3038 2715 2702 2903 3263 2423 2286 2180 2336 2370 2607 2371 3442 2075 2075 2557 2330 2262 3925 2938 3317 2290 2569 2746 
2325 2876 2871 2749 2890 2960 2280 2111 2253 2264 2767 2571 2086 2329 2027 2211 2493 2055 2351 4285 3935 3287 2514 2698 2413 
3201 3214 2834 2854 2554 2329 2561 2235 2103 2172 2118 2150 2478 2641 2315 2461 2276 2451 2330 2868 2841 4759 2295 2659 2921 
3065 2300 2417 2969 2540 2358 2275 2231 2264 2209 2533 2400 2297 2561 1993 2184 2228 1967 2082 2257 3876 5125 4706 3610 4002 
2598 2633 2805 2641 2976 2128 2227 2082 2306 2300 2289 2132 2435 2281 2097 1915 1689 2029 2356 2496 4904 4223 5064 5361 4924 
2612 2173 2718 2391 2154 2357 2064 1983 1820 2026 1974 2196 2421 2122 1991 1803 1998 1811 1800 2163 3293 4651 4544 5362 4054 
2809 2666 2124 2476 2157 2016 1701 1166 1675 1732 1816 2049 2039 2045 2150 1803 2074 2170 1821 1964 2312 4604 3361 5041 4114 
2122 2076 2289 1830 2020 1530 1512 1334 988 1586 1661 1773 1774 1788 2042 1752 1735 2015 1639 1770 2190 6083 3900 3457 4821 
2209 2087 1834 2176 1978 1527 1384 2688 1818 1512 2183 1008 1722 1591 1844 1767 1694 1966 1712 1565 2750 2919 3487 7755 4281 
1881 1664 1934 1992 2270 1771 1345 2094 1379 6373 2298 1616 1649 1520 1469 1561 1990 1805 2710 1127 2317 2253 3791 2754 5292 
2156 1818 1310 1587 3119 1859 2589 1729 1534 1664 1704 1801 2072 1884 1773 4144 1797 1942 1956 2386 1485 1447 3976 2738 4260 
1959 1514 1553 1566 1599 1679 1940 1988 2154 2097 1922 2263 1942 1998 1911 1813 2028 1876 1664 1952 2239 1797 3836 2264 2622 
1784 1665 1317 3402 2178 2562 2359 2164 2274 2298 2459 2534 2906 2472 1921 2133 1865 2407 2256 1414 2137 1799 2032 2815 3919 
1886 1486 1745 2395 2879 2946 2065 2198 4797 6318 3403 1991 1998 2757 2138 1843 2112 1890 2057 2478 1794 1623 1828 2191 2650 
1384 1469 2228 2645 2355 3327 5077 6030 7995 -9999 7867 8315 8490 7093 2881 2250 2263 2011 1898 2288 2327 1539 1466 2369 3616 
1912 2120 2196 2363 2260 5322 4085 1537 540 555 701 1922 4840 7059 5739 6405 2769 2609 1775 2314 2476 2063 2337 1742 2245 
