includes/gis/ASCII_5k/mod13q1_ndvi_2006_113.tif.txt
ncols         25
nrows         20
xllcorner     257482.3972
yllcorner     9670060.6647
cellsize      5000
NODATA_value  -9999
8153 7197 6519 5891 6577 7025 7686 7745 7643 1595 5858 4587 6050 6417 6954 7727 5947 4784 6043 5570 4001 3528 5404 3134 4111 
7230 7267 7598 6126 6541 5842 7432 9286 5079 6848 6136 5173 6530 7011 7855 7404 6958 6363 5662 5028 3550 4548 3954 6915 5357 
6143 7885 7092 4652 5672 6244 5950 7188 7499 7323 5642 6085 5414 6593 7335 6736 6408 4557 5630 4863 7174 6307 5366 4349 5136 
5404 8341 5925 6876 4934 5999 5420 6485 5086 7756 6127 6122 6490 6121 7110 7325 7497 4058 3992 7789 5248 3971 4467 2714 4906 
7465 5707 6340 5822 6158 7532 5775 3771 4272 6271 5752 6687 5709 6129 5382 6350 6487 4702 2902 7203 6816 5109 2876 5565 3514 
6206 6055 7402 5796 7048 7214 4401 5495 7107 5337 7693 6627 4504 4435 4312 4577 6067 3619 3569 6837 6540 4060 4458 3275 4376 
7014 7179 6471 6660 5798 5122 6023 4227 3810 4246 2770 5314 5122 4892 5099 5997 5019 4156 5011 3661 6610 5252 4563 4181 4787 
6473 5042 6633 6994 5192 5574 5767 6705 5387 3964 4657 6104 6031 6053 3605 4376 6255 4140 3549 6284 6291 5671 7837 6831 7675 
5825 6126 7553 4335 7152 6219 6807 5941 4196 4562 3854 5787 5946 5482 3871 3320 2747 5598 5172 6719 4995 4938 5453 7088 7737 
6874 5062 3653 5884 5645 5217 4912 4579 4231 4836 3424 3760 5054 4626 5030 4032 3497 3441 5423 5083 7257 3743 3726 5649 8211 
5412 5225 3789 4983 4946 4848 2601 1371 2582 1873 2663 5504 3319 4089 4805 4929 4475 4994 3208 3891 6470 7282 3884 5760 8559 
5282 6535 5090 4275 5452 2875 4236 1524 1225 2401 3869 4711 6118 5827 7505 5600 4042 3754 4545 3465 5697 7739 2227 3467 6569 
5212 5667 3524 5018 5588 3493 2021 3722 3540 2372 4377 1830 2396 6235 5856 6021 4744 5727 5009 2919 6710 7456 6484 7112 6802 
4187 3763 3821 4982 6195 5309 1334 4055 2660 7823 5651 1999 3404 4819 4913 5592 5954 3899 7054 1534 6136 6913 7675 7206 7518 
5372 4960 3076 3177 4995 3143 6971 5659 6397 3887 2372 4459 4634 3443 5737 8684 4551 3589 3736 5788 3883 3613 7007 6988 7680 
5305 3156 4677 3069 6209 6123 4855 6546 6984 6546 6510 5995 5387 6543 6132 5999 6568 5654 4816 3456 1512 4193 6983 5983 7776 
4066 3515 2541 6673 2798 1743 7687 6929 7588 6450 1543 6875 3386 3230 7164 6304 4817 5686 5373 4206 5912 4754 4900 6889 6148 
3085 4090 6525 5118 7712 4100 2531 8028 8797 4007 2667 5985 6307 7159 7084 7028 7640 5447 4200 5150 2370 2682 3549 5684 4114 
3653 5276 7158 7164 7867 4243 3641 -9999 355 728 329 3108 9217 8269 6869 6993 7621 6787 6543 6665 4385 3752 2490 7277 8001 
6193 6202 5955 8073 8036 7449 977 331 247 563 242 1094 6428 7599 7690 8295 6309 6537 6729 4909 2598 4707 5630 5197 5467 
