includes/gis/ASCII_5k/mod13q1_ndvi_2012_033.tif.txt
ncols         25
nrows         20
xllcorner     257482.3972
yllcorner     9670060.6647
cellsize      5000
NODATA_value  -9999
2806 2584 3521 3086 4743 3262 3082 2186 2315 2741 2431 3119 2907 3435 2365 2450 1993 3311 3782 3845 2742 3103 3049 3346 2577 
3604 3414 2579 3209 3883 2724 3026 2636 2064 2381 2372 2645 2208 2676 2969 2668 3151 3050 3328 3181 2828 3194 2917 3210 4885 
3512 3738 3225 2390 3313 2834 2839 2226 2775 2189 1887 2234 2818 3197 2858 2401 2728 2570 3679 3293 4415 4513 3520 3064 3836 
3339 4426 3335 2977 2416 2722 2987 3223 2704 2980 2319 2331 2852 2556 2833 2713 2828 2777 2511 5349 3457 3670 3648 3052 4109 
2981 3593 3479 2802 2728 3099 2738 2619 2163 2400 2487 3002 2689 3460 2523 2249 3261 2735 2897 5527 5097 4227 2875 3569 3768 
3455 3836 2885 2847 2942 3311 2598 2622 2438 2468 3159 2454 2242 2496 2067 2230 2649 2293 3061 5854 5843 4485 3548 3803 3670 
3268 3376 3395 3722 2598 2806 2598 2421 2171 2208 2158 2285 2544 2648 3047 2666 2702 2429 2988 3863 4271 6278 4235 3738 3618 
2957 2710 2861 3224 2658 2257 2447 2602 2284 2099 3061 2532 2180 2586 2199 2334 2189 1853 2392 2708 4800 6335 6226 6640 5719 
2785 3059 3080 2656 3770 2299 2362 2194 2061 2107 2389 2263 2624 2162 2078 2039 1822 2279 2584 2608 5968 5383 5286 7708 6579 
2987 2335 2828 2934 2541 2533 2299 1982 1817 1908 2144 2260 2197 2181 2074 2050 2108 2237 1917 2445 3745 5773 6851 7614 6966 
2941 3567 2267 2449 2220 2160 1939 1260 1631 1733 1902 2247 2153 1998 2134 1955 2325 2319 2121 2100 3050 5786 7400 7669 6859 
2227 2137 2154 1798 1899 1581 1861 1285 1004 1537 1737 1921 1824 2033 2260 1916 1916 2251 2181 2154 2785 7025 6504 7119 7497 
2526 2547 1707 2482 2022 1940 1396 2904 1774 1589 2392 1281 2002 1737 2350 2185 1891 2162 1938 1905 3171 4235 5237 8475 7575 
2670 1992 2001 1861 2768 1502 1182 2388 1421 6347 3594 1866 2355 1789 1653 2068 2615 2433 4391 1509 3122 3018 5340 5110 7801 
2436 2077 1369 1625 2844 1875 2567 1719 1691 2128 2036 2316 2326 2214 1954 5885 2236 2588 2201 3627 2229 2594 5811 4883 5977 
2261 1428 1555 1447 1772 1782 2092 2153 2774 2245 2671 3167 2711 2703 2739 2384 3893 3587 2084 2326 2442 2440 5975 5002 5848 
1700 1602 1133 1800 1772 2716 2916 2953 3159 3165 3929 4730 5148 4397 3949 3538 3083 3817 2805 1949 3233 3076 3648 3131 4553 
2264 1337 1771 1973 2203 2758 4032 3501 7824 8380 5917 4379 4822 5187 3445 3914 4622 2653 2676 3346 3022 2869 2675 2572 3406 
1516 1735 1788 2502 2366 3066 2874 8807 8505 8381 8422 8656 8810 6827 6539 5272 3744 3089 3113 3458 4013 2366 1869 2857 4178 
2662 2072 2252 2565 2298 3811 7066 8247 6036 4987 5302 5434 5553 7398 8589 7661 4832 4805 3252 3586 4073 2729 2680 2279 3191 
