includes/gis/ASCII_5k/mod13q1_ndvi_2011_033.tif.txt
ncols         25
nrows         20
xllcorner     257482.3972
yllcorner     9670060.6647
cellsize      5000
NODATA_value  -9999
3357 3146 3915 3187 4201 2910 3326 2224 2946 2959 2468 3334 3527 3863 2475 2000 1863 3031 3341 3450 3032 2868 2815 2928 2796 
3167 3433 3344 3632 4000 3039 3169 2515 2220 2920 2406 2878 3075 2733 2387 2805 2885 3109 2951 2753 2864 3016 2883 3425 3446 
3559 4397 3782 3116 3340 3111 3055 2624 2555 2276 2401 2267 2857 3001 2376 2349 2620 2418 2915 2848 4366 3311 3352 3316 3590 
3792 5389 3851 3972 2914 3108 2912 2900 2733 3409 2352 2356 3009 2442 2328 2305 2656 2523 2480 4856 3049 2806 3451 3014 3764 
3759 4289 4403 3621 3432 4550 3011 3251 2477 2795 2515 2852 2761 2997 2139 2315 2958 2658 2365 4338 3408 3146 2420 3186 3324 
3123 4616 4124 3744 3931 4342 2599 3257 3725 2634 4070 2511 2159 2327 1914 2265 2555 1987 2740 4523 4666 3412 2848 3043 2884 
3235 4194 4519 4298 3297 3123 3639 3149 2377 2301 2195 2379 2577 2415 2406 2254 2221 2309 2383 3184 3116 5055 3152 3246 3967 
3451 3714 3516 3636 3855 3190 3117 2613 2290 2084 2763 2062 2479 2285 2101 2251 2246 1972 2029 2487 4857 5542 5336 5302 5384 
3457 3971 3907 2908 3767 3328 2519 2326 2185 2253 2059 2071 2395 2197 2040 2145 1840 2275 2403 2315 5036 4754 5244 6907 5684 
3336 3203 3409 2834 2694 2805 2587 2118 1783 1897 2030 2162 2000 2116 2072 2177 2259 2101 1669 2048 2916 4997 6230 6605 5461 
2711 3463 2562 2670 2441 2355 1664 1258 1629 1756 2081 2232 1976 2082 2345 2009 2288 1928 1951 1992 2686 5329 6584 7020 5738 
2137 2309 2448 1819 1895 1728 1672 1307 1110 1779 1813 1884 1855 2020 2440 2084 2111 2212 1888 1858 2555 6370 6376 7146 7274 
2485 2037 1946 2557 2068 2269 1228 3084 1922 1868 2062 1102 1708 1907 2073 2300 2081 2039 1883 1584 2836 3423 5098 8319 6937 
2179 1661 1695 1723 3519 1528 1153 2365 1579 6091 3393 1627 2527 1766 1754 2586 3800 2442 4789 1579 3078 2524 4677 4573 7447 
2082 1774 1280 1438 3217 2039 2763 2143 1717 2097 1820 2202 2149 2226 1978 5553 2531 2250 2106 3438 1768 1911 4783 4524 6891 
1882 1343 1618 1494 1659 2002 2174 1995 2334 2077 2393 2383 1995 2603 2407 2474 2575 3128 2193 2180 2653 2164 4621 2978 4865 
1927 1781 1211 1971 1980 2469 2619 2162 2492 2746 2743 3693 3724 3231 3384 2626 2424 2823 2603 1725 2503 2398 2397 3050 4071 
2340 1514 1839 2085 2223 2684 3055 3800 7190 7768 5157 3562 2683 3435 2724 2677 2646 2266 2440 3046 2386 2218 2300 2355 3068 
1882 1995 1981 2421 2232 2851 3601 8477 8346 8145 8206 8485 8579 7543 5711 3804 3399 3313 3306 3330 3248 2285 1837 2830 3497 
2123 2339 2381 3053 3083 3766 7262 8238 5952 5483 5942 5915 6365 7100 8570 7856 5272 5566 4484 4031 3586 2721 2599 2166 3246 
