includes/gis/ASCII_5k/mod13q1_ndvi_2007_033.tif.txt
ncols         25
nrows         20
xllcorner     257482.3972
yllcorner     9670060.6647
cellsize      5000
NODATA_value  -9999
7248 6175 6208 6852 6175 6963 6356 5851 4741 6700 4948 6276 6504 6554 6020 5734 5452 5881 7201 6567 6109 6099 5893 5391 5044 
6533 6050 7163 6320 7005 5750 5428 5778 4349 6006 5717 5430 6698 6779 5893 6496 6548 6172 6380 6692 6606 6149 6319 6661 7045 
6607 7125 7671 6675 6455 6333 5666 5523 6346 5568 5886 4976 5502 7653 6258 5700 6810 5486 7007 7534 6620 7480 7427 6665 6828 
7290 7142 6773 7253 6176 6540 5806 5915 5428 5520 5988 5911 5950 6467 5898 6034 6936 7481 5849 6825 7544 6699 6639 6048 6771 
6681 6092 6166 6286 7398 7823 5992 5259 4897 5729 4919 6792 6129 5403 5144 6324 6947 6557 5868 5992 6388 5987 5961 6803 6206 
6655 5473 6453 5880 7272 6082 5447 6372 7028 4842 6882 6387 4592 4101 4794 4755 5889 4842 5465 5946 6547 6916 7464 6200 6168 
6451 5616 6029 6432 6794 5660 7095 6427 5551 4287 3941 5306 4923 5913 5274 5835 5685 5353 4738 4175 5661 6637 6135 6498 5576 
7166 6413 6076 6847 6404 5555 4900 5622 5051 6451 5922 5962 5053 4909 4598 4557 5742 6016 5253 4542 5926 6328 6504 6535 8073 
6258 6981 7455 6633 6451 5090 4877 5809 7026 6889 5750 5090 5478 5136 3384 3464 3295 6012 4822 4640 6809 7201 5652 7796 7676 
6816 5808 6684 5746 5133 5874 4972 4705 4590 5231 4169 4800 5903 5345 5664 3734 4215 5374 4753 5727 5716 6631 6979 7611 7665 
5524 6701 4850 5020 4597 3941 3872 1535 4085 4603 4336 6179 5344 5264 4615 4302 4843 5474 4826 5077 6188 6533 7338 8320 7760 
5195 4749 5981 4198 5278 3660 3186 1986 1088 2844 2724 4597 5753 4555 4807 5035 4311 6172 5729 5440 6142 7158 6453 6975 7820 
5698 6465 5556 4723 3638 4941 581 3619 4160 2998 5483 3419 4606 5437 6105 5399 4161 5234 5255 6049 6023 7108 5985 8668 8102 
6636 5752 5060 4658 6462 3256 1392 5978 4690 8054 5712 1963 3642 5064 4041 7361 6629 5670 7613 3746 6270 5845 7343 5758 7938 
5899 5275 3064 4001 5117 2587 7676 5084 4587 7319 5472 6622 5464 5782 4614 8151 4850 4327 3941 6018 4482 5416 7232 6174 6885 
4601 3286 3990 3478 3980 5709 6789 6228 6845 7116 6330 6981 6565 6283 7214 5832 4777 4656 4284 4917 5876 5386 6859 6049 6528 
4579 3744 3187 4935 4680 5865 6262 7003 7069 7336 6912 7014 7528 6559 7246 6004 5541 6371 4187 6015 6603 6216 5601 6573 5019 
5018 4657 4688 4901 4929 5938 6940 6045 8359 8648 8053 6369 6792 7689 7062 6594 7131 5742 5247 5453 4995 5779 4984 4162 5258 
2860 4119 4708 5036 4972 6023 7112 8702 8541 8307 7660 8808 8938 7910 7053 6677 6463 6568 6466 6367 6430 5299 3367 6512 4782 
3070 3118 3794 4375 5497 5515 8447 9044 6092 4851 5709 5148 6658 7464 7215 8312 6816 6989 6870 5972 5884 4981 4044 4593 4948 
