includes/gis/ASCII_5k/mod13q1_ndvi_2008_113.tif.txt
ncols         25
nrows         20
xllcorner     257482.3972
yllcorner     9670060.6647
cellsize      5000
NODATA_value  -9999
6681 5421 5515 6945 5581 4409 5495 4288 4150 3452 3427 6409 2816 5679 4967 5580 5790 6391 4871 6355 4890 5944 5904 5020 4599 
7012 6499 6030 5314 5869 4395 5549 4523 3606 2384 4325 4926 5914 5630 5741 6691 5925 6427 5843 6406 5921 5689 5583 6600 6659 
6483 7119 5932 4146 2907 5479 4391 2624 3370 3132 4971 5211 5494 6545 5485 5612 6565 5678 7134 6720 7145 6744 8028 6246 5965 
6131 7866 5600 6203 4330 5920 5244 4797 3907 4542 4044 4277 5897 5910 5845 5720 6988 6285 6026 7801 7615 6032 5952 4851 6147 
5016 6603 4890 5582 5035 6773 5265 4340 4289 4819 4475 4799 4262 5761 4191 5265 5801 6767 5453 7488 6628 5266 4742 4520 4819 
6061 6736 7313 5607 6896 6156 4148 3771 3578 4612 5570 5340 3573 4272 4185 5365 4925 5549 6536 8076 7263 6572 5322 5895 5034 
3578 6192 5895 7029 6114 4847 5415 3413 3331 3839 3680 3729 5149 5603 4903 5597 4015 6421 4784 6274 6077 7221 5263 6186 5709 
6501 5480 5062 5780 5887 4469 4409 4380 3645 4321 4983 4304 4224 4577 3316 4261 4753 5378 4883 6021 3211 6840 7577 6967 7049 
4882 5097 4418 4775 1447 4414 5736 4449 4932 4265 5218 4181 4641 4460 4071 4181 3611 6565 6643 6685 6272 5516 6056 7998 8080 
4954 3621 4497 5111 4801 4552 4788 5797 4423 5160 3724 3748 4863 4697 4260 3586 3984 5992 5614 4466 6991 4685 7831 7775 5540 
5161 6740 2219 3886 3707 3167 3054 1701 2527 3011 3036 5471 3884 4092 4037 3338 4227 5735 5503 5078 6395 7135 7785 7218 6532 
3354 4495 4276 3248 2929 2172 2057 1881 1134 2474 3297 3226 3334 3094 3284 3349 3750 5618 7043 4778 6073 7434 8257 5763 6994 
3850 3903 3144 4306 2360 1883 1522 3606 2861 2001 4002 1901 3817 3550 3671 3994 4387 5053 4432 5270 6595 7407 7014 8163 7315 
3822 2817 3808 2623 5470 2731 1468 2347 2079 6908 4364 1996 3498 3062 3418 4629 6602 5231 7831 2993 5515 6257 7752 6874 7545 
4222 4300 1697 2171 4308 2607 3216 2702 2165 2731 2240 2925 4182 5970 3402 5702 4066 3552 4413 6872 4445 2563 5763 6358 7062 
3318 2506 2295 2136 2458 3137 1568 891 4589 2620 3655 5439 4250 5043 5379 3648 5081 5754 5541 4678 5509 3771 6117 3911 7135 
3678 3079 2564 2607 4095 3760 3227 1948 2836 1876 4127 6563 6088 5748 6348 5277 4635 5704 5090 5466 4821 4814 3761 4738 5339 
3512 3320 2204 3145 5709 3874 6398 1085 6270 2716 3808 2088 5181 6446 5441 6027 7360 4754 4644 5415 4725 3674 3863 3335 4823 
2907 3892 4221 3869 -9999 3253 1082 577 1155 503 622 2346 3005 8273 6612 5785 6744 6597 6091 6405 5958 3984 3111 5319 6382 
4822 4037 4418 4660 5281 918 1047 1091 2353 2015 358 847 6087 7458 7930 8092 6713 6450 6678 6452 5438 3398 4695 4696 5063 
