includes/gis/ASCII_5k/mod13q1_ndvi_2015_353.tif.txt
ncols         25
nrows         20
xllcorner     257482.3972
yllcorner     9670060.6647
cellsize      5000
NODATA_value  -9999
7275 5509 6549 5944 5906 6042 6945 4970 4031 5852 4630 5183 6209 6656 5679 3950 4460 5250 6077 7101 5848 6102 5768 5416 5443 
6637 6385 6571 5864 5620 5194 5848 6092 3432 5201 4018 3405 4491 7947 4698 6965 7374 6366 6054 6434 5908 6059 5483 6527 6073 
5736 6018 7141 5185 5367 5440 4748 4312 4331 3586 4771 3908 5259 6212 6871 5177 5556 4128 4879 3892 7155 5940 5985 5379 5984 
5636 7675 6986 4923 4384 5580 5279 4319 3011 3566 3367 5167 5310 4931 5008 5200 7514 4137 4053 7552 4831 5294 5033 4758 7032 
5857 6282 6330 6081 6193 7339 5441 3641 2870 3693 3770 4155 4328 5040 2884 3685 5092 3652 2450 5820 3811 4754 3468 5825 6047 
6364 6439 6491 5467 6143 5700 4367 3199 2624 3705 6498 3094 2882 3347 2863 3827 4792 3417 3275 6252 6976 6878 6213 5005 6479 
6393 6079 6634 5953 4805 4542 4307 2660 4066 2878 3403 2535 3499 3772 4046 4416 3423 4776 3688 5728 6576 7375 6251 6348 6406 
7282 6608 5207 6470 5705 4691 3706 4862 3612 2456 5869 2650 2825 4276 2893 3407 3311 3048 4219 6026 6876 7356 8359 8261 8678 
6280 6450 6785 5820 7004 5571 4691 3725 2575 4161 3335 3235 3594 3127 3227 3678 2966 3333 4791 5360 6497 7299 6479 8054 8326 
5945 4599 5377 6519 4640 4675 4575 3545 2483 3737 3138 3721 3959 3732 3512 3602 3400 4134 2508 2944 5625 7089 7916 8349 8457 
4293 6295 3579 3724 3043 3056 2613 1424 4039 3059 3847 2460 2530 3015 3324 3749 4721 4114 3345 2510 3204 7148 7782 8225 8420 
3637 4379 3732 3028 3563 2061 1765 1548 1557 3464 2690 2417 2297 2582 3721 3184 2961 4091 2700 3913 4658 7895 7547 8132 8419 
4391 5527 4038 4471 3187 2178 1860 2920 3452 2842 4670 1817 2154 2341 2829 3054 2937 4350 3227 4288 6564 6971 7067 8847 8215 
4346 3228 4401 6336 7079 3239 1519 6884 4947 7978 5776 2012 2671 2429 3098 5143 5463 3580 7357 2891 6250 6301 7770 6864 8368 
3098 3463 3107 4726 6549 2865 7199 5130 5491 7797 4835 6753 5577 4637 4683 7995 5233 3489 3453 6493 2598 2948 7135 6867 7556 
3123 3444 3596 4021 4191 5789 6458 6298 6463 6998 7381 6034 5972 5124 5276 4432 4999 5167 3746 3787 4602 3864 6854 5516 7667 
3595 5303 3304 6099 3821 5485 7437 7015 7069 6916 7383 7005 7208 7484 5992 5155 3988 5315 4467 3650 5490 5858 4628 5258 6053 
4794 2255 3718 4752 4519 6423 7886 5609 8478 8626 7712 5875 6544 7566 6357 5996 7068 4683 4797 5932 5750 5434 4261 3541 5657 
2969 3586 3959 4891 5889 7070 7515 8819 8716 8702 8565 8809 8773 7927 6686 6673 6754 6999 6989 6417 6538 5822 3593 3396 5483 
3309 3712 3864 4090 4384 7421 8287 8656 5754 5357 5778 6123 6416 7610 8621 7680 7335 6628 6031 6625 6235 4817 4025 3599 4660 
