includes/gis/ASCII_5k/mod13q1_ndvi_2001_273.tif.txt
ncols         25
nrows         20
xllcorner     257482.3972
yllcorner     9670060.6647
cellsize      5000
NODATA_value  -9999
2444 2534 2830 2745 3105 2387 3307 1839 2057 2127 1892 2667 3377 2790 1801 2261 2199 2582 2962 2862 2639 2804 2853 2522 2561 
2469 2704 2342 2894 3005 2376 2726 2296 1936 2335 2127 2520 2620 2350 2160 793 2788 2761 2593 3072 2881 3539 2654 3294 3244 
2378 2995 3069 2226 2695 2459 2480 1897 2372 2126 2211 2117 2392 2606 2161 1227 2149 2250 2590 2552 3720 3278 3057 3344 2944 
2984 3817 2661 2646 2344 2464 2492 2386 2322 2696 2334 2262 2695 2264 2083 1667 2306 1981 2078 3947 2836 2648 3015 2496 3112 
3041 3296 2695 2633 2882 3177 2484 2341 2251 2511 2659 2367 2674 2610 1834 2138 2251 2110 1980 3592 2577 3330 2447 2664 2931 
2298 2895 3033 2796 3078 2832 2228 2196 2688 2378 3301 2866 2256 2230 1824 1956 2388 1964 2454 3653 3870 2741 3511 2739 2658 
2490 2740 3126 3189 2465 2286 2420 1973 1990 2269 2558 2543 2394 2199 2145 1966 1975 2059 2132 2613 2323 4466 2793 2818 3041 
2774 2620 2546 2781 2311 2214 2108 2430 2264 2376 3262 2449 2317 2215 1977 2097 1905 1677 1818 1798 3336 4494 3757 3240 4025 
2417 2685 2917 2582 2757 2347 2181 2042 2160 2280 2302 2051 2367 2120 1871 1865 1579 1636 1855 2291 4750 3475 4227 4427 4588 
2542 2204 2554 2308 2336 2524 2407 2126 1830 2357 1996 2166 2045 1965 2189 1813 1824 1653 1847 2052 2968 2885 5147 4829 3728 
2493 2463 2148 2309 2191 2115 1866 1265 1881 2202 1814 2170 2123 2036 2121 1799 1879 1660 1748 1831 2206 3884 3361 5235 4449 
2325 2171 2335 2047 1912 1717 1656 1628 1168 1907 1798 1877 1845 2042 2084 1832 1716 1956 1733 1861 1942 5055 3596 3064 4359 
2511 1867 2044 2232 2087 1897 1240 3960 2110 1505 2189 1357 1854 1889 2074 1906 1680 1794 1822 1603 2530 2499 2776 7590 3651 
2207 1947 1825 1927 2149 1490 1473 2244 1592 5004 2649 1739 2022 1692 1571 1722 2128 1902 4440 1273 2106 2293 3446 2783 4849 
2175 1991 1528 1572 2691 1969 2363 1720 1671 1673 1848 1765 1987 1956 1766 5281 1884 1981 1912 2552 1528 1539 3942 3076 3835 
1959 1504 1370 1548 1672 1670 1957 1950 1819 1843 2024 2263 1931 2159 1940 1796 2070 1910 1705 1944 2083 1750 3783 2608 3142 
1754 1547 1298 1764 1899 2168 2397 2185 2415 2282 2171 2234 2396 2507 2142 2316 1835 2491 2244 1613 2098 2027 2004 2518 3583 
1771 1311 1652 1669 2078 2363 2530 2005 6105 6454 3157 2233 2065 2581 2313 1919 2063 2050 2102 2547 2259 1805 1877 2417 2444 
1670 1781 1858 1874 1850 2801 3991 7615 7663 6143 4253 8044 8150 4601 2879 2099 2497 2035 2265 2643 2428 2097 1820 2435 3265 
1880 1826 2343 2228 1937 2824 6614 1878 4272 3597 3021 2256 2861 6314 5531 4329 2281 2914 2516 2271 2676 2281 2361 1957 2402 
