includes/gis/ASCII_5k/mod13q1_ndvi_2014_113.tif.txt
ncols         25
nrows         20
xllcorner     257482.3972
yllcorner     9670060.6647
cellsize      5000
NODATA_value  -9999
5997 5250 6208 6312 6430 6162 5824 4478 5205 5221 5164 5788 6082 6179 3242 4241 3517 5237 4930 6148 4383 4108 4390 4574 3785 
5257 5569 5495 5359 6162 5570 5186 4384 5032 6780 5019 5215 4306 4135 2554 3410 3908 4905 4854 4368 6602 4950 4559 6356 5217 
4395 5718 5615 4332 5805 6329 5662 5274 6446 4660 3580 3268 4187 5095 3380 3832 3427 3244 4695 5175 6659 6143 6174 5129 5697 
5029 6623 5265 4365 4535 4886 6754 6368 4380 4385 3414 3719 4143 3730 3939 3388 5053 4131 3799 7449 5292 4204 5876 4534 5246 
4324 4957 5103 3026 4555 6391 6276 5408 4026 4586 3068 3706 4164 4434 3005 3303 4525 3721 3653 6487 5927 5350 4350 5668 6318 
4820 4733 4836 4814 4837 4059 4758 5040 5216 4549 6199 4443 3674 3421 2659 2675 3546 2976 3815 6350 6772 6207 5737 5794 5492 
4178 6316 6224 5508 4540 4194 3794 3767 3473 3048 3546 3758 3736 4246 4211 3931 3906 3470 3703 5033 3704 7040 4289 5392 5942 
5398 4199 5022 4944 3758 4418 3413 3807 2986 2757 5599 4007 4603 4942 3023 4453 4163 3514 3545 4948 5513 6784 7642 6498 7534 
4687 4677 3998 4495 4691 3487 4278 3890 4374 3922 3977 3785 4375 5227 3624 3450 3405 3988 3648 3719 6175 5606 5935 8181 7934 
5813 4133 4077 4343 3691 3295 3878 3682 3661 3594 3641 3623 4545 5305 5700 4769 3763 4113 4380 4289 4622 6621 6456 7650 7721 
5085 5065 3922 3472 3688 3406 2475 1908 4245 3614 3584 4885 4903 5845 4950 4281 4468 5562 3977 3877 5389 6811 7102 8068 7780 
4214 4030 4292 3437 3950 3114 3361 2839 1183 2461 3724 3406 4239 5480 5903 4832 4702 5507 5593 4482 4780 7559 5815 7619 7508 
4953 3413 3442 3622 3739 3730 1541 3419 4915 2682 6065 2977 3712 3707 4080 4588 4178 4815 4234 3682 6276 6078 7011 8585 7565 
3841 2875 3329 2794 4210 2080 1505 3857 4077 8036 4522 2461 3106 3609 2696 4389 5434 5190 6994 2554 5488 5110 7432 6876 7700 
3543 3014 2182 2789 4335 2856 5467 3925 3871 5621 3562 4054 3415 3908 4267 7887 4493 4316 3427 5566 2561 2571 6657 6589 7106 
4109 2421 2671 2426 2911 3521 4526 4492 5229 5838 4557 5278 4978 4947 4984 4415 4311 4398 2811 3216 4320 4124 6888 6339 7572 
3259 3564 2446 4794 3635 5330 5432 5630 5733 6178 5785 6252 6486 6199 5321 5877 3667 4708 3876 2333 4355 5062 3963 5726 5472 
5389 3725 3711 4612 5451 5482 5861 6674 8005 7901 6934 5834 6206 6626 4231 5818 6329 4432 3885 4829 3801 3483 3460 2663 5619 
4491 5124 5037 4860 6434 3056 4538 8892 7926 8642 8181 8601 8271 7377 6955 7051 7256 6410 5122 5677 6473 3952 2766 3429 5643 
5722 6684 6310 7009 6779 6168 7890 7927 5007 4987 3815 5257 6373 7725 9050 8514 6919 6277 5327 5597 6199 4326 5126 2768 5389 
