includes/gis/ASCII_5k/mod13q1_ndvi_2011_273.tif.txt
ncols         25
nrows         20
xllcorner     257482.3972
yllcorner     9670060.6647
cellsize      5000
NODATA_value  -9999
2627 1852 3159 2834 3219 2469 3254 1963 2431 2345 2132 2756 2775 2869 3274 1672 2082 2307 2661 2748 2330 2554 2284 2112 2020 
2287 2440 2366 2516 3114 2465 2645 2474 1716 2366 2148 2550 2554 2385 1984 2393 2330 2873 2629 2697 2758 2794 2509 1528 2901 
2627 2807 2803 2142 2874 2849 2320 1873 2518 2236 2080 2054 2455 2567 2191 2059 2361 2303 2368 2556 2778 1941 2163 2850 2932 
2738 3608 2632 2674 2244 2648 2626 2679 2246 2967 2251 2332 2638 2089 2091 2085 2392 2209 2318 1540 2608 2462 1737 2129 2734 
2545 2818 2821 2405 2911 2977 2544 2316 2272 2433 2582 2546 2379 2760 2042 2051 2392 2253 2267 3860 2904 3178 2127 2563 2919 
1772 2780 2491 1608 2930 2774 2356 2446 2561 2413 2825 2297 2241 2111 1922 2115 2241 1926 2400 3478 4200 2908 2277 1626 1996 
2303 1928 2956 2698 2417 2261 2305 2455 2178 2149 2061 2101 2284 2277 2290 2090 2065 2196 2248 2590 2721 4114 2488 2326 2740 
2741 2418 1539 3060 2439 2222 2316 2250 2211 2204 2799 2080 2265 2273 1907 2068 1832 1891 2022 2548 3622 4599 3676 1830 3943 
2479 2648 2658 2305 3101 1989 2136 2066 2079 2020 2078 1934 2209 1993 1888 1859 1773 2140 2377 2406 4890 4043 5002 5519 5165 
2287 1508 2641 2429 2310 2238 2674 1841 1774 1785 1871 1730 1801 2102 2084 1813 2045 1901 1828 1965 2877 3179 4950 5353 5422 
2413 1689 2051 2270 2180 2083 1597 1136 1561 1538 1820 2070 1862 1942 1822 1893 1836 2104 1765 1921 2407 4805 3554 5037 4862 
2096 1998 2018 1664 1808 1628 1641 1500 1061 1566 1581 1771 1838 1698 2151 1763 1657 1970 1749 1764 2316 5442 1747 3335 4840 
2036 2412 1690 2001 1837 1797 1342 2866 1833 1458 1959 1081 1560 1712 1607 2032 1830 2109 1728 1795 2661 3085 1454 1536 4745 
1787 1532 1799 1699 2404 1447 1276 2012 1408 5186 2757 1683 1786 1845 1671 2005 1993 1904 3939 1355 2380 2166 3283 3341 2414 
1966 1735 1390 1662 2940 2090 2385 1733 1506 1742 1421 1866 2116 1914 1465 4733 1921 1700 1827 2554 1778 1629 3792 1381 4610 
1810 1513 1322 1572 1800 1810 2095 2000 1930 1972 1882 2259 1821 2199 2158 1793 2121 2154 1814 2025 2369 2029 3734 2704 515 
1701 1695 1270 1890 1885 3021 2591 2312 2186 2306 2313 2546 2507 2460 2342 2629 1889 2329 2249 1715 2541 1949 2293 4142 1526 
1959 1518 1844 1946 2070 2553 2595 1754 5077 5894 3975 2412 2166 2646 2033 2077 1926 2093 2088 2784 2180 1399 1336 1820 1786 
1739 1657 1977 2297 2183 3058 3604 7009 4009 5987 1433 2913 5059 5253 2954 1874 2135 2189 2440 2745 2753 1365 2375 2289 1254 
1518 1837 1897 2357 2116 3146 6198 6131 4053 1485 957 166 1621 4119 6522 5929 2420 2846 2150 2658 2522 2402 1416 1449 1856 
