includes/gis/ASCII_5k/mod13q1_ndvi_2016_161.tif.txt
ncols         25
nrows         20
xllcorner     257482.3972
yllcorner     9670060.6647
cellsize      5000
NODATA_value  -9999
4679 4760 6537 6308 5848 5721 6255 4600 4859 5507 3844 4559 4820 4824 2678 2822 2580 3763 3117 3053 2736 2649 2749 2919 2930 
5260 4468 5502 5269 5857 4088 5110 4056 2673 4341 3325 3410 4551 5411 1942 2836 3626 3629 3800 2588 2588 3329 2788 4268 4093 
5790 5362 5229 4920 5207 4572 3340 2555 3489 2823 2787 2924 3367 3558 2866 2911 2484 2893 3083 2359 3807 2977 3082 2914 3517 
4862 6345 4820 5382 4673 4593 3689 4391 3256 3815 3017 3031 3455 3244 3062 2844 3706 2505 2536 4543 2921 2819 2709 2924 3991 
3980 4237 4176 5765 4937 6489 3613 3307 3500 4508 3838 3895 4506 3814 2600 2795 2977 2435 2603 4173 2883 3080 2242 4567 3955 
3453 4068 3641 4175 3916 3968 3825 3493 3393 3407 4618 4198 3377 2649 2342 2552 2817 2597 3612 4991 5182 3911 2638 2929 3378 
3697 4604 4508 4525 3982 3532 3692 2921 3170 2861 3239 3105 2695 2675 3388 3095 2834 2486 2852 4927 5000 5541 3126 3173 3538 
4156 4977 4697 3806 4191 3300 3080 3263 2892 2771 4369 2708 2503 2782 2263 2334 1957 1886 2281 3789 5842 6307 5675 4085 4526 
3298 3881 4311 4024 4539 3665 2767 2289 2542 2877 2591 2681 2753 2114 2274 2146 1905 2231 2492 3070 5756 6007 5539 5698 5330 
4300 3333 3714 4753 3166 3363 3251 2539 2204 2274 2411 2785 2659 2471 2348 2160 2577 2347 1901 2332 3833 6332 6944 5793 4710 
3196 4454 2742 3222 3195 3233 2175 1404 2272 1980 1821 2663 2445 2750 2718 2345 2977 2706 2314 2511 3060 6233 6872 6492 6408 
2819 3401 3593 2727 3008 2236 2066 2022 1205 2250 2217 1992 2602 2151 2298 2026 1872 2215 1903 2674 2750 6220 6980 6825 6702 
3198 2854 2760 2957 2299 1889 1203 3039 2964 1787 2542 1195 1959 2117 2137 2226 1905 2584 1895 1821 3585 4360 5125 8133 6530 
3011 2267 2367 2492 4668 1479 1402 2345 1677 6520 3806 1672 2146 2550 1692 1989 2865 2130 4116 1394 3340 3098 4935 5583 6839 
2766 2907 1595 2060 3287 1858 3365 2502 1972 2283 2077 1786 2277 2607 2484 5624 2391 2038 1928 3952 1657 1563 4288 4305 6429 
2424 1533 2103 2008 2052 2205 2828 3435 4147 3060 2281 2829 2349 2713 2379 2048 2454 2404 2017 2083 2637 2162 4304 2903 5682 
2164 2094 1647 3187 2296 3747 4519 5059 5321 4692 4208 3667 4268 3346 3027 2885 2026 2794 2399 1556 3147 2391 2587 3037 4431 
2538 1363 2277 2872 3036 3795 6288 6574 7642 7271 7025 5660 5811 4278 2747 2608 3100 2828 2653 3813 2843 2370 2269 2558 3274 
1559 1730 2104 2672 3207 5927 6884 8243 7997 8154 7911 8182 8157 7588 5440 4431 3638 3929 3114 2993 2963 2277 1882 2951 4121 
2093 2302 2893 2879 2553 4797 5954 8612 6381 5816 6129 6523 5622 7006 7973 6678 5617 4420 4644 4757 3350 3057 3231 2580 3011 
