includes/gis/ASCII_5k/mod13q1_ndvi_2007_353.tif.txt
ncols         25
nrows         20
xllcorner     257482.3972
yllcorner     9670060.6647
cellsize      5000
NODATA_value  -9999
4002 3068 4495 4645 5422 4698 4046 3473 4493 4244 5454 6287 6155 6892 6197 6553 5654 6748 7135 6359 5700 5768 5535 4739 4652 
3603 3286 3303 3522 4657 3515 3590 2998 3967 5811 5865 5284 6401 5054 5557 6022 7161 6809 7118 6796 5914 5795 5022 5768 6132 
3434 5874 4617 2773 4094 3465 4053 3067 3815 4367 4194 4703 5504 6292 5861 6429 7143 5464 6990 7017 7530 6644 6488 6054 6175 
4580 6182 3531 3518 2849 4764 3649 3803 3386 4067 3700 3513 4485 5280 6413 6665 7500 6900 4974 7451 6811 6263 6541 4809 5827 
4197 4290 3961 3684 3149 3886 2882 2597 3559 3944 3215 4307 4689 6110 5588 6052 6388 6365 5416 7189 6410 7220 5693 6215 5401 
3414 4078 3680 3354 3256 3367 2977 2618 2828 3168 4201 4310 4133 4482 4495 5970 5340 3408 4510 7147 8329 8110 7841 7033 7122 
3815 4850 3744 3762 2814 2992 2857 2619 2622 2662 2683 4019 4516 4963 4686 5217 4767 4100 4483 6291 6836 7711 6694 7701 6997 
3266 2296 2579 3605 3243 2725 3412 3294 2239 2390 2836 3437 3817 3105 2856 3161 4045 4487 3848 5494 7029 7407 8257 8431 8746 
3076 3032 3595 3031 3442 2233 2973 1921 2311 2580 3051 3116 3145 2339 2792 2912 3778 3761 4267 4680 6143 6956 6497 8166 8207 
3869 2301 2887 2327 2175 2338 2084 1881 1751 1889 2087 3155 2987 2283 2524 3727 3457 3037 3658 4780 6501 6617 6742 8483 8383 
3289 2861 2125 2951 2494 1908 1911 1152 1526 1498 1662 1966 2751 2253 2422 3483 3191 2685 3526 4667 4814 6971 7534 8225 8182 
2588 2349 2607 1938 1819 1570 1622 1352 1023 1609 1715 1646 1957 2071 2687 2091 2535 3276 2358 3932 5258 8063 7140 7889 8413 
2748 2080 2109 2550 1925 1612 1284 2894 2017 2118 2215 1050 1788 1890 2472 2234 2570 2907 3836 2390 5454 7226 6681 8631 7836 
1942 1874 2150 2109 2251 1785 1261 2128 1554 7590 4109 1883 2558 1933 1756 2361 3333 2596 4745 1596 4664 6604 7415 6525 7617 
2137 1759 1596 2024 4390 2297 2748 1837 1856 3722 2873 3986 2636 2449 2196 7777 3581 2728 2596 5014 2748 3163 7003 5861 7658 
2332 1642 1575 2299 2129 2329 3292 4613 4718 5030 3922 5299 4559 4899 4214 4248 3551 3179 3149 3572 4750 4491 6123 5827 6833 
2304 2044 1906 4099 3955 4698 6054 5673 6238 5855 5757 6062 6324 6702 5929 5388 4124 5657 5460 5178 4136 2334 3289 5646 5357 
1727 2394 2934 4343 4982 5017 6862 7072 8364 8409 7011 5582 6358 7176 5551 6937 4949 3804 5349 5470 3106 2233 2965 3736 4697 
1958 2321 2572 2982 3295 4777 3762 8906 8671 8560 8435 8908 8923 8190 6627 6719 5492 4749 4888 5399 4096 2468 2322 3632 4556 
1718 2361 2806 3147 3323 6501 8669 8825 6026 5611 5773 5878 6286 7446 7069 8630 7607 5874 4105 5138 5174 4984 4262 2562 3196 
