includes/gis/ASCII_5k/mod13q1_ndvi_2010_065.tif.txt
ncols         25
nrows         20
xllcorner     257482.3972
yllcorner     9670060.6647
cellsize      5000
NODATA_value  -9999
7502 6036 6670 6674 5359 5540 5033 4334 5083 5010 4771 5429 6068 4486 5131 5594 3492 4264 5578 6612 2152 3960 6055 4352 3655 
7595 7090 6039 6214 6777 5840 6066 6142 5096 6610 4912 5292 2454 4048 2860 1103 1769 4613 3576 1943 4936 5298 3159 6820 4713 
6487 7370 7530 6404 5712 6190 5455 5079 4396 -9999 5681 5794 4930 5013 5262 3364 3195 3906 1831 4184 3410 4539 6998 6031 6298 
7274 7728 7754 7502 5873 6211 4715 4141 3690 4787 3880 5305 4299 5858 3596 1790 3661 5507 2645 3914 5513 5003 5316 3623 1226 
7188 7678 6861 7403 6396 7925 5107 6084 3707 4290 3367 5397 5425 4932 2462 5413 5432 3894 5415 6859 4265 3360 5468 4276 5405 
5819 6765 7620 6651 6281 7128 3987 5148 6030 4662 7332 4545 4123 4271 3782 6520 5681 3353 6104 6388 4087 7204 6727 3822 4911 
6308 6482 6382 6585 5534 4054 5455 3980 3434 3045 2798 3524 3726 3333 4783 3645 5447 3487 4884 5721 4433 4411 2624 6502 2805 
7026 6516 6516 6448 4751 4795 3684 3075 3394 3494 5775 3262 2588 5701 2824 2576 5546 4302 5884 5336 6838 7384 4158 7486 4097 
7335 7607 6914 5491 5789 4542 3028 2331 2659 5077 4880 4696 4203 1436 2523 3769 2946 4228 2430 6359 5399 4202 5128 7040 4388 
6864 6022 6356 6098 4725 4537 2719 2281 2326 3552 4127 3222 3715 3562 3659 3550 2706 2948 3042 5416 7125 5729 7751 6744 6644 
5005 6470 4723 5564 4030 3848 2693 1944 2724 3437 3812 6185 4007 4089 4949 3061 4929 4096 4408 4215 6313 7154 7886 5166 6756 
3575 4017 4663 3377 3749 3663 4913 2138 1232 2406 3440 3971 3019 4828 4432 4349 1611 3975 4421 4279 5174 6922 8111 6819 7333 
4668 3656 3422 3234 2674 3923 1256 3521 3628 2592 3498 1661 2274 2640 4992 3690 2947 4828 2656 2242 7321 7349 6760 8586 4145 
4439 2821 2720 2844 6626 2198 1830 6057 4551 7899 4064 1754 2825 2891 4592 5306 4540 5151 5780 2429 7139 7402 7646 7124 6057 
3559 3087 1537 2560 4728 2792 4803 7251 4695 5141 2315 4292 2773 3954 3799 7706 5062 4326 3736 6229 3633 4480 6860 6653 8923 
2138 1948 2662 2612 3507 4554 6470 6468 6283 6726 4504 4903 4591 5858 7039 4956 6214 5734 3104 4308 5821 3365 6268 6640 7765 
3364 5023 1845 2978 2894 4027 5145 5636 5078 6277 4584 6247 6876 6809 7459 6010 5459 6296 4719 5282 6222 6556 4290 5555 4476 
5029 2064 2519 2710 2801 3953 5359 3936 7613 8708 7871 6453 7254 7286 6330 5643 7657 4261 4002 5394 4910 5372 3701 4066 6002 
2625 3558 2868 2849 3743 3285 5981 8325 3553 8640 8629 9063 9116 8453 6940 5676 5253 4663 5989 5550 5665 4805 3520 5265 6528 
3326 3307 2920 3549 4322 4545 7971 7995 6051 5609 6231 5885 6418 7824 8688 8218 5060 6010 5864 5168 6318 5240 4843 5034 4307 
