includes/gis/ASCII_5k/mod13q1_ndvi_2016_001.tif.txt
ncols         25
nrows         20
xllcorner     257482.3972
yllcorner     9670060.6647
cellsize      5000
NODATA_value  -9999
7309 4319 6620 6347 5330 4878 5869 4856 4546 5771 4221 5333 4073 6866 5724 5385 2587 5833 5420 7003 5019 5458 4921 4820 4604 
6339 5440 5186 5235 4550 5174 5690 5795 3995 5046 3761 3284 4365 6636 2687 6965 7313 5349 5864 6439 4993 5569 4089 5217 4971 
5446 5940 6710 4523 4953 5525 4307 4089 4271 3579 4525 3981 5068 6425 6750 5502 2347 4108 4785 3349 6274 4569 4993 4406 5508 
5216 7178 6371 4628 4292 5213 4570 4098 2703 2828 3058 5126 5431 4944 5149 5344 3969 2942 3638 7206 4403 4451 4531 5067 6503 
6164 5813 6304 5457 5832 7876 5123 3546 2580 3213 4050 3891 4442 4282 2876 3390 5366 3295 2577 2392 3838 4109 3139 5494 4983 
5778 6764 5324 5123 5341 5277 3835 2767 2517 3143 6420 2654 3183 3545 2607 3071 3959 2018 3384 4315 4522 5492 5392 3981 5930 
6201 5779 5858 5586 4385 3863 4048 1336 3053 2582 3055 2999 3063 3316 3028 3878 2927 3946 3312 5204 6349 6223 5249 3692 6507 
6564 5932 5007 4490 5347 4478 3266 4245 4163 2319 4913 2478 2633 3635 2611 3255 2904 2719 4074 5350 7070 4460 8338 6830 8214 
5807 5177 6103 5243 4141 4820 4012 3385 2507 4255 3023 3194 3057 2672 3407 2819 2566 3282 1995 5203 6033 7281 6039 5434 8533 
5694 4141 4583 6002 4246 4455 3623 2541 2361 2676 2970 3277 3168 3471 3304 3029 2928 2840 2536 3401 4912 7424 8105 8307 8111 
4934 3397 3250 3653 2906 2671 2435 1427 3365 2629 2823 2391 2409 2803 3124 2988 4404 4322 3064 2608 2984 7266 5207 6624 7642 
3142 3446 2033 2469 3175 1985 1785 1627 1448 3059 2551 2029 2396 2409 3238 3035 2779 2775 2651 3945 3797 7825 7557 4495 8026 
3981 4739 3518 3739 2950 1950 1203 2974 3196 2498 4564 1755 2177 2246 2665 2789 2771 3812 2811 3155 7534 6855 7470 7457 6991 
3969 3008 3495 4609 6899 2788 1943 5721 3912 7180 5077 2347 2906 2446 2617 3999 4510 3402 6832 2355 4268 5663 7605 7091 7776 
3259 3091 2540 4076 5931 2303 6243 4025 4148 6543 4074 5748 4315 4001 3648 7757 3952 3260 3257 5539 2294 3432 6882 5763 7341 
2785 2736 3467 3639 3600 4644 5825 5912 6399 6678 6052 5369 4886 4791 4536 3806 4281 4037 3522 3288 4618 3398 7263 5465 7065 
3128 4767 3361 5180 3220 4593 7204 7090 7046 6981 7222 7062 7158 7065 5216 4129 3871 4973 3507 2846 5643 5606 5028 4785 5774 
4303 2137 3278 5095 4239 5558 7199 5255 8245 8386 7554 5867 6682 7316 5231 4071 6333 4634 3884 5901 5397 5277 3396 3551 6068 
2372 2792 3479 4396 5199 6631 4973 8672 8175 8181 8187 8465 8433 7716 6848 6638 6137 6716 6198 6023 6099 5546 3198 3153 5318 
2599 3233 3671 3718 3932 6559 8080 8691 5720 2338 3234 1690 6026 7369 8357 7363 7325 6685 6022 6447 5358 4293 3949 3547 4138 
