includes/gis/ASCII_5k/mod13q1_ndvi_2017_097.tif.txt
ncols         25
nrows         20
xllcorner     257482.3972
yllcorner     9670060.6647
cellsize      5000
NODATA_value  -9999
3951 3148 5663 5380 4459 914 3160 1530 2022 2086 3029 3177 -9999 4122 2096 1819 2442 2922 2773 3158 2690 2561 2503 1699 2086 
4326 5071 4970 5338 4219 2471 1310 1906 3087 2825 2672 2460 3282 2612 1866 2701 2676 3311 2838 2970 2455 3202 2949 3491 3167 
4557 4319 3238 2486 4148 3374 3418 2056 2760 2152 2126 2284 1962 2539 2008 2170 2427 2623 2845 3187 4151 3220 2890 2629 2865 
5334 7153 5330 3635 3212 3638 3833 3196 3337 3196 3356 2422 2646 2053 2303 2524 2422 1948 2305 4635 2734 2496 2811 2088 3412 
3686 3805 2650 2833 3111 2206 2844 2875 3287 3573 2640 2964 2703 3621 2093 2307 4012 2527 2090 4733 2714 3065 2402 3218 3567 
2750 3527 2553 2887 3257 2454 3369 3710 2848 3699 3303 3414 2752 3216 2283 3342 4053 2201 1665 4484 4727 4146 2805 3056 3147 
2945 3460 4402 4387 2803 2971 1846 2393 2828 3030 2345 2352 3444 3478 3490 2710 2747 2905 2814 3938 3774 5918 3026 3340 3796 
2590 2973 3150 4017 3396 1015 2530 2746 2411 2241 4072 2113 2913 2956 2155 2688 1868 1913 2103 3246 4885 5873 6444 5123 6122 
2360 2030 2482 2909 3533 2929 1390 2057 1654 1736 2187 2358 2396 2161 2910 1806 1735 2157 2629 3311 7649 5081 6252 7235 7185 
3595 2367 2892 2582 2219 2493 2199 1363 1796 1739 2004 2045 1985 2568 2189 2464 2398 2122 1950 2785 4198 5945 6570 7170 7303 
3538 3301 1989 2218 2217 2309 1895 1309 1918 1655 1677 1925 2378 2370 2189 2096 2451 2146 1935 2562 3739 4220 6076 6953 7597 
2254 2154 2145 1919 2031 1924 1560 1529 979 1908 2665 1654 2101 2683 2510 2536 2459 2424 1818 2916 3101 6839 6842 7095 7598 
2192 2167 1795 2777 2097 1537 1433 2718 1691 1382 2221 1208 2073 1893 1472 2023 1862 1942 1865 1698 4540 4885 5588 8349 7059 
2408 1662 1998 1945 4012 1528 1542 2157 1492 6214 3329 2064 2120 1886 1738 1737 2927 2235 2131 1800 4258 3513 5869 6089 6826 
2052 1789 1166 1685 3143 1937 2486 1764 1717 1633 1526 1622 1944 2169 3454 6171 2137 1975 2665 2672 1796 2146 4964 5203 6332 
1878 1442 1559 2010 1663 2024 2613 2477 2544 2351 1906 2412 2029 3430 2728 3148 3528 3215 2771 3225 2875 2544 4324 3287 5461 
1864 2029 1294 2549 2668 3104 4613 3308 3519 3481 3377 4138 4641 4083 3719 3538 2304 4462 3439 2166 3580 2934 2420 3785 4486 
3408 1799 2210 3022 2609 3972 3496 2917 3471 8379 5610 3790 4862 4717 2661 2002 2729 3213 2148 5062 3969 2992 2418 3331 4287 
2990 3067 2682 3677 3300 2540 6078 7693 8818 8775 8654 9201 9105 7933 4973 3324 2657 4880 3403 4279 4745 3267 1887 2657 3216 
2782 2987 3060 818 2597 1386 1569 7166 6056 6604 2558 6878 6973 8122 8921 7405 4978 5113 3898 5478 5328 4932 3555 2537 3211 
