includes/gis/ASCII_5k/mod13q1_ndvi_2007_001.tif.txt
ncols         25
nrows         20
xllcorner     257482.3972
yllcorner     9670060.6647
cellsize      5000
NODATA_value  -9999
7760 7149 7344 7943 7595 7586 7765 7093 5650 7134 6768 7166 7679 7106 3590 7686 5579 5951 7807 7338 7135 7066 7076 6864 7033 
6952 7851 7437 5914 6515 7448 6871 7230 6087 6746 6610 7338 4174 8024 7449 6753 6860 7548 7443 7746 7245 7290 7394 7904 8023 
7486 8182 7763 7518 5164 6937 6639 6338 6537 7384 6715 6573 6958 7849 5975 2919 7650 6334 7417 7845 7829 8292 8056 7842 7710 
7474 8157 7531 8176 5726 6385 6096 6020 5853 7466 5881 7609 7222 6770 7803 7002 6081 5029 6378 7996 8281 7953 7715 7205 7739 
7210 7576 6901 7599 7607 7039 6304 6167 4863 7241 6135 7464 7228 5029 5832 5129 3917 5137 6381 7696 7215 6359 6982 7617 7377 
7410 6935 6870 6559 7179 6505 4974 5678 6509 5013 7860 7281 4645 4711 4374 4864 5802 5108 6704 7116 8018 7905 8120 7310 7370 
7546 7156 5085 7207 6880 5370 6747 6440 5546 5033 4771 6329 5779 6489 5608 3303 6290 2441 6092 5438 6959 7589 7331 7315 6818 
7376 7629 6902 4217 6478 5740 4974 5649 6584 6590 6836 7521 6059 4874 6672 5988 5934 6157 4564 8034 4714 7569 8174 8147 8369 
7568 7065 7422 6254 6654 4624 5466 4716 4908 5387 6219 5778 5329 6924 4648 6890 5097 4097 5882 5624 6636 7469 6082 7971 7794 
7974 7604 7257 6815 5411 6114 5211 4451 5208 6347 5670 5965 6683 6173 5620 4894 6037 5106 4006 6742 6852 6863 7933 8165 8303 
6948 7703 6992 5404 6189 4722 5148 97 5155 5179 5771 7500 6273 6200 5761 5471 4984 5570 6208 6318 6741 7079 7651 8104 8314 
7146 6439 7262 5830 6089 4995 3817 757 499 4944 2291 5665 5743 5353 5809 4951 5027 6246 5578 6209 6391 7754 7576 7863 8136 
7018 7702 6014 5294 7280 6061 778 3728 4680 4228 4763 4250 6729 6845 6767 5464 5467 6291 6190 8051 7379 7321 6867 8568 7957 
7522 6485 6946 7237 6117 2661 1193 6958 6445 7465 6816 2616 5086 6613 6045 7114 7517 6606 7238 2956 6934 6713 7556 6624 8035 
7377 6357 4230 5367 6653 4257 7867 6653 6732 7067 6172 5045 6470 7069 6139 7940 5833 5926 6091 7607 7392 5440 7386 6487 7070 
6856 4416 4472 4504 4397 5940 6030 6608 7218 7359 6783 7276 7077 7256 7884 6981 7137 6660 6526 6288 6857 7202 6825 6824 7749 
5728 5357 3979 6935 6624 7041 7808 6616 7696 7714 7593 6749 6913 7574 7765 7693 6939 6822 6545 6610 7467 7093 6705 7295 1662 
6932 5077 5450 5975 6434 6675 8026 7228 8304 8432 8196 6716 7070 6734 7255 7419 7502 6038 6412 6628 6216 7020 5815 6674 7276 
5987 6055 5840 6030 6403 7482 5607 8640 8400 8270 8284 8442 8576 7393 6384 6670 7241 7313 6839 6616 6850 5702 4895 7771 5997 
5554 6402 6162 7669 7001 7311 8450 8231 5589 5071 5981 5288 6008 7365 7614 7521 7359 6653 7295 5824 5956 5935 5432 5354 6223 
