includes/gis/ASCII_5k/mod13q1_ndvi_2001_225.tif.txt
ncols         25
nrows         20
xllcorner     257482.3972
yllcorner     9670060.6647
cellsize      5000
NODATA_value  -9999
2940 2769 3243 3197 3391 2497 3369 2133 2334 2440 2273 3330 3760 3499 2253 2945 2489 3102 3382 2822 3032 2879 3146 3034 2928 
2784 2985 2597 2809 3613 2773 2916 2681 2059 2447 2508 3056 3165 2674 2520 2651 2699 3173 3265 3257 3194 3649 3004 3685 3691 
3196 3865 3200 2523 3139 2299 2876 2253 2844 2425 2446 2308 2715 2922 2478 2668 2332 2506 3033 3061 4214 3591 3333 3607 3194 
3455 4368 3126 2943 2785 2770 2931 2614 2644 2967 2550 2468 3062 2475 2324 2185 2587 2106 2246 4886 3133 2814 3280 2811 3533 
3126 3672 2429 2915 3316 3521 2852 2634 2560 2874 2994 2845 2708 3010 2120 2180 2426 2384 2120 4072 2805 3639 2801 2864 3096 
2740 3331 3308 2977 3473 3123 2699 2597 2534 2627 3971 3145 2481 2311 2096 2199 2601 2215 2599 3636 5968 2928 3755 3072 3022 
3017 3402 3577 3734 3082 2740 2663 2294 2222 2492 2431 2513 2426 2569 2223 2133 2152 2373 2144 2558 1732 5125 3042 3086 3282 
2993 3100 2910 3484 2552 2589 2583 2602 2788 2339 3101 2820 2729 2233 2157 2321 2140 1927 2254 2516 3199 5148 4606 3532 4201 
2751 2776 3146 2951 3432 2847 2714 2279 2715 2740 2583 2528 2924 2497 2176 2137 1808 1989 2346 2436 5217 2183 4567 4856 4205 
3039 2463 2868 2856 2405 2989 2584 2266 2167 2518 2396 2718 2293 2246 2305 1791 2014 1747 2009 2261 2979 3583 5466 5856 3984 
3004 3326 2274 2533 2453 2541 2266 1486 2278 2398 2178 2454 2652 2418 2302 2026 2081 1865 2084 2175 2452 4340 4077 5730 4834 
2756 2855 2867 2226 2457 2038 2009 1847 1397 2046 2032 2120 2036 2397 2400 2011 1879 2313 1967 2056 2193 5857 4336 3086 5196 
3226 2702 2508 2606 2097 2214 1276 4037 2489 1996 2371 1881 2127 2198 2426 2164 1907 2119 1925 1821 3108 2721 3064 7737 4570 
2385 2485 2023 2273 2461 1629 1488 2510 1883 5833 4020 1863 2209 1828 1785 1845 2344 2086 4781 1466 2266 2325 3657 4271 4585 
2302 2109 1514 1637 3506 2149 2939 2016 1983 1940 2069 1841 2226 2372 2103 5644 2129 2054 1886 2981 1662 2152 4032 4143 5278 
2008 1750 1570 1632 1945 1883 2193 2401 2350 2271 2471 1841 2299 2485 2618 2081 2297 2165 1783 2041 2255 2239 4286 3029 4080 
1834 1847 1507 1978 2077 2221 3362 2543 3177 2941 2591 2739 2754 2839 2761 2643 2140 2690 2342 1823 2494 2199 2265 2522 4259 
1934 1399 1726 1886 2419 2562 3421 2741 6959 7787 4860 2955 2890 3410 2866 2131 2355 2212 2323 2645 2394 2007 2059 2344 2738 
1802 1956 2148 2061 2252 3540 5065 8740 8509 8247 8403 8563 8585 5719 3309 3015 2891 2488 2550 2958 2715 2210 1944 2555 3367 
2646 2331 2647 2352 2188 3991 6500 8158 5523 4214 4385 5249 5697 7079 6215 4887 3037 3067 2756 2615 2838 2402 2569 2072 2458 
