includes/gis/ASCII_5k/mod13q1_ndvi_2004_241.tif.txt
ncols         25
nrows         20
xllcorner     257482.3972
yllcorner     9670060.6647
cellsize      5000
NODATA_value  -9999
2685 2522 2990 3100 3007 2491 3288 1670 2040 1912 2206 3338 3445 2951 2070 1897 2149 2759 2838 2805 2520 2590 2591 2238 2155 
2446 2598 2535 2740 3154 2620 2949 2602 1914 2186 2298 2731 3209 2481 2234 2191 2454 2768 2339 2362 2586 2801 2796 3247 3279 
2704 3323 2805 2155 2868 2663 2615 2041 2588 2242 2069 2156 2817 2727 2083 2177 1977 2259 2474 2464 3809 3017 3116 2916 3041 
2745 3712 2638 2674 2533 2649 2750 2733 2461 2891 2456 2426 2672 2144 2093 2040 2344 1967 2113 4087 2530 2331 2858 2437 3185 
2545 3222 3014 2875 2942 3436 2581 2483 2342 2541 2554 2557 2552 2783 1958 2014 1915 2212 2024 3665 2456 3273 2489 2661 3016 
2288 3005 3358 3054 2979 2892 2419 2267 2258 2372 3445 2427 2276 2349 1963 2058 2396 2052 2242 3307 3018 2850 3572 2812 2714 
2538 2971 3858 3384 2815 2459 2393 2300 2206 2199 2098 2134 2303 2396 2223 2153 2092 2205 2118 2644 2766 4651 2828 2871 3250 
2846 2648 2741 3460 2849 2412 2357 2385 2284 2058 2754 2180 2300 2198 2302 2149 2135 1887 2197 2284 3973 5198 4031 3543 3889 
2683 2845 3117 3027 3105 2547 2164 1983 2114 2131 2148 2046 2359 2166 2148 2016 1828 1904 2269 2273 4845 3986 4721 5693 5339 
2734 2469 2732 2584 2520 2676 2436 2134 1968 1902 1866 1950 1847 1977 2043 1966 2034 1955 2089 2414 3068 3555 5497 5843 4481 
2665 3022 2202 2352 2282 2047 1855 1276 1937 1858 1786 1976 1963 2116 2088 1963 2269 2098 1997 2044 2415 4417 3606 5220 5163 
2297 2161 2216 1889 1901 1785 1631 1368 1099 1628 1603 1732 1886 2030 2155 2021 1896 2224 1834 1955 2351 5887 4429 3377 5467 
2443 2132 1891 2246 2006 1695 1316 2866 1832 1391 2021 1063 1686 1856 1976 1973 1794 1958 2080 2016 2706 2356 2982 7980 3992 
2270 1777 1768 1867 1834 1607 1439 2064 1356 4642 2565 1663 1835 1710 1689 1529 2257 1959 3068 1106 2285 2121 3341 3411 5504 
2058 1844 1443 1553 2738 2110 2350 1781 1638 1690 1634 1669 1933 2033 1581 4647 1740 1528 1874 2474 1637 1482 3701 2803 3833 
2074 1578 1325 1546 1832 1842 2067 1800 1818 2118 1914 2284 1870 2258 2210 1945 2212 2315 1842 1865 2165 1842 3850 2681 3226 
1723 1538 1149 1795 1948 2181 2299 2395 2455 2392 2381 2441 2491 2391 2255 2525 2086 2733 2235 1578 2117 1980 2034 2426 4095 
1764 1382 1831 2030 2252 2389 2377 2346 6716 6625 3775 1909 1957 2199 2121 2065 2279 2277 2267 2675 2247 1698 1941 2092 2305 
1536 1634 2012 2007 2031 2535 2908 4072 3223 8344 5115 8219 8103 5324 2856 2497 2360 1895 2250 2739 2690 2372 2046 2462 3318 
1709 1847 2692 2380 2010 2342 3265 6923 5176 3989 4442 5347 5236 7022 4144 5375 2788 2819 2314 2762 2814 2418 2398 2145 2768 
