includes/gis/ASCII_5k/mod13q1_ndvi_2017_065.tif.txt
ncols         25
nrows         20
xllcorner     257482.3972
yllcorner     9670060.6647
cellsize      5000
NODATA_value  -9999
3465 3359 4049 3466 4335 2761 3361 2054 2558 2305 2198 2875 3083 3170 1610 1567 2401 3208 2894 3287 2479 2702 2661 2321 2353 
3338 3442 3406 4112 3906 2723 3049 2902 2057 2326 2167 2481 2668 2711 1941 2426 2838 3340 2906 2652 2449 3031 2732 3301 3135 
3747 4860 3452 2749 3949 3012 2744 1835 2792 2028 2104 2107 2784 2748 2075 2005 2050 2403 2265 2202 4058 3025 2788 2679 2999 
4686 6354 3269 3161 2851 3523 3351 2746 2332 2880 2324 2623 2623 2253 2082 2006 2391 2033 2102 4844 2559 2367 2588 2378 3256 
4390 4233 3620 2905 3167 3969 2941 2591 2546 3510 2750 2706 2608 3132 1898 1788 2430 2279 2049 4105 2846 2932 2365 3397 3485 
3546 4329 2847 2877 2788 2955 2609 2582 2244 2505 2528 2324 2093 2377 1988 2069 2203 1904 2382 3636 3811 3411 2792 3080 3015 
2963 3331 3113 2741 2479 2499 3143 2355 2186 2227 2176 2217 2529 2419 2584 2186 2119 2121 2330 3243 3504 5618 3040 3453 3568 
3224 2695 2709 2582 2570 2679 2793 2897 2405 2077 2814 2110 2060 2225 1956 2189 1882 1710 2028 2451 4307 5575 4985 4107 4863 
2686 2771 2927 2299 3043 2466 2716 2405 2111 2200 2424 2112 2182 1940 1933 1800 1541 1997 2156 2523 5124 4455 5566 7082 5744 
3610 2403 2653 2598 2206 2417 2550 1830 1824 1970 2010 2173 2003 1973 1912 1908 2043 1985 1699 2391 3086 4599 5848 6786 6477 
3111 3230 1901 2283 2124 2149 1912 1371 1997 1760 1877 1899 1949 2023 2088 1736 2528 1849 1747 2044 2361 5849 4993 6902 6974 
2414 2180 2272 1846 1794 1636 1816 1501 1123 2185 1665 1598 1828 2021 2047 1888 1803 2194 1751 2021 2225 6036 5281 5741 7257 
2800 2099 2088 2957 2020 1662 1485 2734 2481 1736 1969 1184 1654 1640 1934 1900 1716 2236 1822 1742 2911 2976 5033 6732 6847 
2324 1561 1952 1847 3386 1557 1344 2746 1664 6598 3605 1775 1899 1752 1592 1659 2239 1867 2829 1419 2572 2299 4780 4375 7495 
1931 1793 1266 1924 2583 2126 2703 1972 2136 2182 1809 2153 2202 2380 3174 5171 1851 1653 1960 2788 1772 1698 4367 4335 5648 
2198 1516 1921 1605 1753 1965 2392 4142 3419 3040 2340 2681 1975 2623 2309 2223 2306 2247 2046 1998 2370 1954 3767 2598 4673 
2113 1895 1515 2319 2569 3750 4741 4085 4817 4072 4363 4422 3817 2865 2737 2583 1936 2618 2784 1580 2782 2237 2328 3387 4073 
3269 1822 2159 2663 3578 3814 3604 3098 8202 8358 6309 3967 3565 4257 2452 2292 2519 2150 2702 3583 2347 2063 2074 2278 2783 
2131 2567 2274 2970 3241 3800 4690 9022 8892 8690 8670 8989 9122 7592 5827 3503 2285 2962 2785 3129 2623 2122 1764 2204 3577 
2877 3565 3541 3870 3233 3526 7984 8787 5343 4688 5181 5574 6237 7827 8541 6841 3983 5399 2635 3722 2848 2473 2517 1951 2450 
