includes/gis/ASCII_5k/mod13q1_ndvi_2010_177.tif.txt
ncols         25
nrows         20
xllcorner     257482.3972
yllcorner     9670060.6647
cellsize      5000
NODATA_value  -9999
4429 3832 5105 4900 4649 4317 4428 3620 3585 4676 3827 4987 5504 5793 3164 1182 4225 4282 5014 3652 3392 3584 3771 3185 2879 
4857 4554 4967 5030 4667 3610 2448 3398 4405 3918 4403 4256 4548 4472 4291 4492 4290 3585 3544 3233 4342 3940 3679 3954 4018 
3935 5591 5370 4258 5152 5024 3607 2666 5179 4048 4395 3648 3251 4508 3884 4066 3478 2594 2862 3311 4468 3913 3759 4001 3074 
4959 5359 5323 5118 4887 5093 2842 3530 4864 4887 4440 3141 1820 3624 3484 4054 4161 3696 2789 5284 3465 3222 3440 3050 4110 
4321 4571 5245 5111 4206 6189 3382 3259 4119 3435 3554 3937 3349 4490 3018 2757 3522 3032 2997 4419 3541 3436 3265 3799 3795 
3203 3916 4293 4177 4477 4238 2854 3557 3275 2806 4651 3306 3420 3207 2957 2486 2574 2333 2894 4152 4841 4298 4218 4674 3940 
3294 4009 4446 4286 3573 2870 2662 3001 2463 2057 2861 3359 3419 3141 3325 2586 2166 2451 2540 3541 3518 5542 4714 4713 3939 
3410 2993 3395 4780 3758 3491 2992 3117 2806 3064 4867 2360 3108 3025 2480 2289 2354 2331 2178 3012 4924 5793 5475 5487 4887 
3421 3601 3402 3569 4329 2872 3241 2191 2321 3046 2263 2409 2215 2445 2133 2156 1952 2283 2429 2705 5471 5446 5588 6693 5495 
3190 2788 2926 3333 3173 3147 2789 2450 2387 2313 2247 2305 2540 2138 2020 2084 2113 2183 2037 2691 3349 5430 5903 5648 5649 
2743 3473 2217 2440 2297 2298 2205 1550 1835 1852 2269 2625 2110 2042 2157 2231 2494 2002 2083 2250 3083 5636 5867 6463 6100 
2083 2261 2442 2056 2467 2349 1732 1754 1203 1745 2217 2346 2261 2181 2572 2178 1905 2283 2227 2347 3035 6512 6248 6145 6658 
2689 2093 1881 2283 2306 2169 1284 2927 2409 1958 1918 1788 1824 2197 2410 2329 1856 2026 1946 1903 2899 3495 4914 8381 5444 
2054 1836 1788 2006 3265 1772 1340 2609 1952 5743 2442 1773 2200 1933 1985 2049 2497 2264 4051 1634 2715 2703 4683 6010 6219 
2170 1892 1376 1670 3479 2214 1863 1873 2204 2136 7288 2242 2402 2272 2385 2656 2148 1871 1834 3158 1844 2283 5261 4790 5544 
2065 1628 1942 1963 1999 1589 1960 2130 1943 2627 1712 2756 2982 2108 1750 2470 2501 2480 1930 2213 2805 2829 5157 3898 5645 
1926 2369 1280 1873 2650 2141 1628 2125 2659 2483 2707 2700 2159 2438 2332 3678 2636 2653 2353 1862 3032 3558 3250 3979 4213 
2271 1661 1896 2140 2592 2764 2932 3038 3235 2837 3381 3619 3947 2124 3091 2467 3882 2765 2305 3161 2691 3175 2816 2519 3267 
2047 2250 2217 2489 2431 4551 3675 5459 4964 5993 4747 3038 2603 4040 3468 3332 3720 3372 2699 3019 3131 2660 2181 3458 3792 
2027 2375 2506 2857 3159 5482 7807 4475 6076 6011 6067 5964 6469 5532 4264 3688 4654 4265 3334 3216 3247 2841 2580 2529 3617 
