includes/gis/ASCII_5k/mod13q1_ndvi_2016_049.tif.txt
ncols         25
nrows         20
xllcorner     257482.3972
yllcorner     9670060.6647
cellsize      5000
NODATA_value  -9999
5653 4799 5971 5448 6060 4458 4777 2446 3137 3882 3202 3866 4038 4099 1291 3593 4247 2199 3198 4457 2068 3656 3225 3247 1140 
5765 4851 5866 4699 6143 4557 5305 3898 3076 1942 3419 2142 3063 1832 661 4741 4811 5335 3983 4594 1623 1372 2664 3835 3807 
4498 5820 5745 3792 6034 5351 4250 4197 4216 3299 4015 2606 3637 3843 4101 3249 3976 3866 2291 2889 2051 4266 2710 3093 3487 
5010 7715 5519 4808 5371 5585 4580 4893 4002 4089 3031 2989 3106 2679 2107 3291 4441 2606 2648 6774 3182 2562 2905 1613 3939 
5123 6076 5651 3586 4945 6891 5727 6030 2522 3044 3639 2489 3051 1992 1725 1542 3762 2534 2409 5119 3985 4162 3415 3761 4009 
4885 5615 4479 5530 5792 4738 3795 5786 3821 3654 4682 3240 1806 2654 2218 1928 2950 2038 3318 1340 6637 3638 3343 4383 4670 
4960 4519 5300 5172 4755 2235 5469 3477 669 3883 3441 3538 3235 3018 3022 3464 3307 3137 2889 3457 3464 5372 3296 3021 4661 
5052 4645 4793 6311 5566 5668 4138 4202 4868 4014 4526 3218 3143 3730 2356 2812 2799 1512 2634 3934 7135 7045 7323 5348 5203 
4631 5426 4831 4044 6659 6382 5914 5742 4432 4471 3781 2912 2917 2546 2764 2687 2410 2592 1898 2913 1905 6946 6427 5021 5405 
5806 3447 3754 4864 4046 4794 6043 3855 3394 4912 3339 2333 3532 3783 3107 1334 2473 4036 2415 2845 2224 5606 935 6853 3027 
4258 5112 3390 3349 2919 4572 3121 1492 3993 3524 3313 4639 2632 2735 2763 2837 3287 3497 3163 2565 2587 6913 2534 5917 7713 
3524 4110 3759 2625 3295 2473 2385 2835 1264 2743 4101 2843 3115 2896 2600 2169 2055 3531 3187 1451 2830 4303 3359 2103 6675 
4097 4863 3987 3216 3090 2468 1471 3082 3591 2362 3930 2777 2250 2520 2921 1317 2078 2776 1416 2200 2610 4749 3374 4509 6013 
3718 4309 3325 3783 6787 2508 1721 4062 2724 7336 4645 1954 2506 3013 2474 4328 2571 2518 6624 1801 3413 3740 5245 3816 4668 
3536 3447 1663 2495 5020 3051 4620 2546 2873 3785 3180 4018 3358 3610 3896 7559 3264 2789 595 3792 2018 1425 6022 5915 2444 
2934 2055 2474 2430 2644 3820 3752 4708 4429 5138 3884 3753 3474 4519 4467 3873 3081 3306 1965 1379 1712 2619 2045 3453 5985 
2565 3685 2257 3606 3021 4392 5216 5861 6972 6366 6981 6846 6833 5531 5006 4291 3162 4057 1759 1431 2074 3623 2881 4747 5350 
3573 1946 2582 3316 3221 3642 4473 5114 8449 8862 7919 6643 7105 6630 5044 3511 4297 4237 1221 4499 3608 4220 2688 2379 1531 
1917 2538 2974 2496 3147 4196 4731 8112 5848 9107 9098 9301 9283 8343 7706 6513 4275 5516 3424 4572 4362 2722 2230 1966 4375 
2759 2591 3772 2325 1940 1961 1294 7284 4095 480 6968 7476 7402 8322 9220 7649 6578 6872 5161 2793 3729 1869 2895 2498 2741 
