includes/gis/ASCII_5k/mod13q1_ndvi_2003_177.tif.txt
ncols         25
nrows         20
xllcorner     257482.3972
yllcorner     9670060.6647
cellsize      5000
NODATA_value  -9999
6390 4985 6497 7373 6845 5781 6023 3760 3827 4244 4644 6234 6462 5605 3588 3264 3417 3892 3741 3210 2950 3131 3247 3231 3814 
6504 6019 6099 5651 6480 5860 5739 5028 3934 5693 4818 5717 6666 4649 3741 4200 3101 3622 3109 3420 3040 3598 3199 4093 4745 
6401 6932 6605 5733 6086 6694 6544 5084 4763 5352 5407 4917 5178 4648 3284 3702 2600 2875 3308 3472 4640 3528 3857 3857 3832 
6576 7712 7043 7335 5878 6083 5643 4807 4650 4964 5608 6269 4983 4525 4211 3188 3886 2610 3023 5075 3160 2953 3743 3244 4331 
6338 6762 6002 6126 5988 6188 4752 3895 3880 5710 4661 5142 4888 5227 3536 3856 3660 4370 2745 4469 3186 3969 3133 3704 4684 
5518 5535 6439 6260 7193 6057 4179 3802 4373 4922 6897 4761 3535 4081 3504 2927 3550 2453 4148 4440 4284 4007 4761 4782 5033 
5843 5838 6144 6050 6156 4917 3730 3595 4189 2944 3498 4236 3841 3233 3407 3163 2898 2590 4063 4140 5073 5980 4909 5141 4150 
6455 6320 5404 6248 6572 5600 4279 4272 3032 2474 4511 3399 3368 4361 2811 3216 2581 2098 2402 3951 5359 6319 5473 5077 4851 
5196 5306 6146 6339 6644 5944 5140 3079 2959 2814 2409 2877 3494 3033 2408 2522 2073 1978 3024 3177 5840 5684 5510 6314 5965 
5330 4233 5172 5927 4940 4700 5246 3910 2995 2591 2499 3098 2859 2793 2923 2192 2933 2000 2593 2680 4620 5778 6951 5997 4812 
4408 7105 4685 4348 4104 3874 3569 1980 2773 2689 2563 2669 2735 2625 3065 2173 2523 2362 2026 2249 2969 5538 6039 6250 5450 
4051 5000 4062 2675 3144 4231 3038 2785 1381 2277 2036 2651 2266 2319 2764 2223 2253 2898 2185 2097 2867 5885 6462 5957 5524 
4904 4558 4350 3895 2753 3696 1295 3987 2870 1820 2853 1549 2460 2102 2738 2623 2776 2954 2481 1821 3384 3886 5041 7944 5169 
3251 3377 3271 3154 4518 2372 1591 3451 2166 6937 4571 1916 2686 2068 2075 2051 2822 2404 4104 1328 2697 3256 5084 5988 7167 
3140 3558 2157 2422 3787 2687 3673 4495 3435 2432 1912 2087 2621 2540 2367 6482 2304 2182 2241 3766 1951 1924 4837 6002 6877 
3277 2733 2101 2464 3083 2744 3946 5108 3985 3081 3140 3843 2767 3324 2902 2373 3213 2805 2589 2900 2841 2740 5772 4451 7071 
2958 2986 2661 4199 3776 5769 5121 5913 5902 3966 4954 3828 4323 3586 2847 3169 2693 3631 2912 2017 2912 3147 3841 3638 4625 
2928 2537 3897 5018 5292 6266 7440 8227 7706 7990 7079 5484 5076 3241 2944 3170 3517 3257 3047 3870 2941 2265 3419 3025 3199 
3018 2747 3777 4628 5067 7142 8507 5192 3825 8522 3260 4590 8204 7461 5578 4598 4756 3689 3615 3839 4027 2670 2282 2973 4616 
3444 2982 3723 4318 5203 6943 8659 2584 3833 3982 826 762 2328 7533 4490 6795 4946 4647 3698 3765 4085 3099 3222 3161 2939 
