includes/gis/ASCII_5k/mod13q1_ndvi_2000_353.tif.txt
ncols         25
nrows         20
xllcorner     257482.3972
yllcorner     9670060.6647
cellsize      5000
NODATA_value  -9999
7946 5061 5937 5375 5616 4259 4733 3906 4371 5905 4750 7127 7339 7756 5973 7780 6867 7144 7497 7238 6684 6951 6977 6432 6597 
7951 7176 6314 4585 5589 3551 5253 3971 5356 7504 5551 6606 7268 7898 7122 7650 8098 7150 7173 7182 7033 7253 7151 8103 8227 
5111 7245 7310 5999 4052 5090 6622 3641 6677 5315 7188 4905 5294 5878 6897 7433 7545 5964 7441 7492 7823 8095 7753 7519 7308 
7761 7812 7811 5736 3904 5437 5408 4959 4229 5310 6683 5552 5858 7129 7228 7201 7585 6832 6348 7439 7844 6625 7550 6389 7560 
7458 7264 6225 5047 6991 6095 5691 4817 3954 5069 6178 5420 6510 6199 4723 7223 7504 7040 7070 7382 7247 7288 5684 6837 7001 
4655 5791 6472 6710 6541 6345 4870 4153 3897 5677 7659 6955 5678 4454 3940 7101 7166 5889 6807 7547 8050 7621 8181 6562 7202 
4923 6033 6160 6352 7485 4408 4653 3750 3756 4034 4520 5292 4826 4803 4520 5547 6189 6197 5634 6434 7202 7678 6786 7597 6707 
5807 6462 6791 6664 5693 4872 3240 4248 4210 4163 6637 5059 5208 5007 5268 5418 5967 4744 5353 6242 7320 7468 8205 8282 8042 
5579 6454 7229 5789 6381 5434 5411 5413 5363 4172 4628 3985 5594 5421 5207 6048 4553 5036 5246 6370 6230 7223 5715 7557 8028 
5749 4189 6493 6971 5169 5586 6104 5412 5238 5365 5735 5276 4588 4768 5305 4789 4180 3959 4016 5539 6759 6096 6466 7661 8397 
4163 5461 5767 4862 4653 4578 4774 1351 3871 4547 4817 2573 3665 4908 4730 4791 3991 3709 3087 3535 4181 6731 6851 7980 8233 
3932 4836 4268 5601 4527 4418 4654 3628 963 3720 2521 2771 3914 4109 6481 4998 4890 4055 3157 3635 4684 7384 7138 7439 7944 
4115 4601 3248 4621 4191 5898 1035 4619 5374 2535 5147 3108 3844 4639 4844 5348 4615 5562 5594 3448 5818 6452 6572 7609 7695 
4332 2243 2195 2583 3973 2855 751 6200 5551 7668 5607 2082 3178 3871 5239 6867 7105 6672 7630 2850 5654 5912 7505 6744 7932 
4500 2931 2240 1837 4642 2730 3291 3126 2967 3276 3084 4740 4797 5863 6093 8211 6159 5621 5665 6723 3681 3184 6967 6169 7561 
2823 1861 1357 1573 2754 2863 2880 2896 2680 3887 6394 5706 5571 5996 6931 7042 7037 6344 5157 3696 5574 4837 6008 5625 6824 
2399 1911 1811 2261 3663 5765 6074 5708 6932 6104 4785 5918 5812 7721 7627 7605 7177 7882 7038 6641 7412 6722 5621 6264 5154 
2237 2252 2888 2587 3989 4024 5524 8768 8749 8280 7690 7500 7221 6898 8322 8361 7713 6300 7151 7205 7619 6897 6440 5388 4786 
4059 3537 2847 3326 4222 5365 7132 9070 8795 8046 8569 8397 9194 6755 6525 7204 8467 7975 7149 7416 7829 6680 4922 7146 5740 
5168 4993 4236 5113 5426 6923 8554 8793 6238 4119 1693 1116 4216 6884 4395 7765 7304 7325 7211 6615 7397 6242 5779 5297 4876 
