includes/gis/ASCII_5k/mod13q1_ndvi_2011_049.tif.txt
ncols         25
nrows         20
xllcorner     257482.3972
yllcorner     9670060.6647
cellsize      5000
NODATA_value  -9999
4472 3370 4811 4331 5177 3789 4623 3214 3844 2530 2518 4466 5197 5676 3885 3387 1833 2981 5020 4828 3582 3687 3890 3242 3567 
4324 4283 3540 4094 4672 4314 4152 3792 3554 3573 2765 3779 4989 3846 3857 4526 2983 3344 3523 3545 3223 3843 3615 4869 5426 
4982 5199 5172 3737 3706 3648 3819 2742 3877 2765 3783 3583 4269 4377 3949 3234 2561 2500 3387 4121 5419 5489 4439 4466 5052 
4946 6336 4777 3736 3920 4093 4162 4087 3393 3693 2927 3458 3465 2639 3106 3016 3110 2757 2858 6295 4587 4433 4450 3383 4494 
4842 5481 5271 4491 4179 4908 4326 3464 3014 2892 3124 4279 3410 3264 2327 3136 4348 3572 2559 5963 5090 4959 2914 3707 3523 
4735 5700 5021 4621 4816 4012 3566 3648 4171 3453 4353 3714 2383 2601 2011 2866 3613 2825 3839 5427 6170 5580 4318 3802 3389 
4766 5462 5416 5223 4340 3412 3469 3465 3202 3100 2765 3121 3336 2291 2767 2392 2589 3346 3449 4944 4841 6209 4292 4143 4229 
5406 5395 5145 6080 3815 3844 3298 3059 2853 2416 4551 2661 3189 2490 1946 2422 2339 2337 2863 4336 6429 6522 7048 6505 6390 
4527 5262 5600 4115 4986 3586 3710 2717 2659 3182 3219 3041 3147 2697 1766 2001 1774 2221 3024 4426 5519 5981 5842 7700 6776 
4964 4010 3938 4719 3238 3911 3873 2136 2319 3063 2185 2568 3178 2951 2046 2197 2574 2392 2181 3714 5776 5890 7423 7708 6534 
4530 3880 3166 3459 3561 2742 1900 1217 1579 1900 1930 2787 2794 3014 3268 2799 3699 2945 2954 3546 3811 6315 7153 7653 7195 
3012 3680 3032 2479 2263 1725 2273 1352 1042 1737 1783 2725 2655 3349 3921 3453 2919 3529 2802 3183 3735 7161 6855 7539 7711 
3338 3408 2419 3130 1923 2102 1361 3146 2251 1946 2492 1255 2085 2585 3239 3592 2944 2884 2540 1957 5571 6001 5849 8609 7480 
3307 2207 1852 1710 3070 1622 1433 2287 1520 6902 3338 1737 2363 2027 2566 3526 4287 3282 5283 1627 4921 4889 6615 5649 7787 
2941 2258 1401 1686 3210 2043 2882 2096 1971 3175 1876 2193 2313 3238 2980 6732 2952 2730 2930 4764 2062 3346 5905 5159 7068 
2359 1729 1653 1628 1715 1922 2717 2992 2771 2175 2964 4080 2874 4385 3478 3604 3312 4123 2766 3501 4138 3730 5462 3965 5678 
1978 2149 1376 1991 2268 2793 3726 2530 3038 3431 4233 4427 4684 3858 4247 3187 2906 4059 3392 1819 4341 4305 3872 5490 4970 
3176 1686 2271 2105 2283 2646 3363 3085 7944 8125 5832 4245 3165 3988 3085 2836 3030 2527 2849 3797 3492 3118 3471 3163 5312 
2673 2251 2635 2668 2580 3587 4435 8787 8488 8391 8363 8725 8792 7803 6039 4372 3199 3649 3356 4585 4765 2639 1972 4140 4868 
2538 2357 2585 2663 3401 4096 7417 8699 6361 5051 5363 5395 5628 7239 8342 7872 4916 5274 4185 4219 4144 3221 2839 2503 4266 
