includes/gis/ASCII_5k/mod13q1_ndvi_2008_033.tif.txt
ncols         25
nrows         20
xllcorner     257482.3972
yllcorner     9670060.6647
cellsize      5000
NODATA_value  -9999
2961 3520 4403 4400 4809 3201 3947 3075 3149 3093 3228 5106 5004 5899 4595 5528 5516 4647 5773 5859 5380 5782 5761 4146 3618 
3430 3390 3461 4001 5110 3334 3183 3129 2920 3768 4519 4353 5148 4478 3705 4124 4734 5083 5684 6603 6236 6278 5198 6010 5423 
3768 4437 3450 2728 3884 4274 3778 2500 3432 2808 3821 3397 4124 4692 3628 4039 4621 4352 5852 5894 6676 5685 5211 4722 4522 
4585 5737 3683 3789 4183 4580 4495 4535 3859 3781 3477 3652 4292 3790 4397 4820 5143 4410 4387 7138 5153 4610 4575 4306 5784 
3996 4366 3737 3744 4186 3922 2812 2350 2458 2911 3201 3385 3551 4447 3844 4037 4707 4511 3436 5507 4273 6071 5048 4988 5230 
3471 4319 3577 3385 3737 3425 2414 2495 2449 2628 4838 4445 3603 4175 3262 5645 5924 3287 4010 5990 7564 7448 6808 6633 6699 
2995 3366 3257 3571 3076 2286 2772 2469 2373 2385 2518 3633 3614 4432 3821 4441 3587 4455 3943 5539 6541 7645 7345 7379 6775 
2774 2281 2382 1990 2613 2236 2395 3171 2245 2155 4151 4006 4045 3214 2726 3104 3127 2632 3199 5547 6885 7041 7892 8175 8405 
2983 2608 3005 2308 2970 1950 2361 2009 2182 2166 2745 3400 3762 3609 2885 2961 3333 4635 4645 5483 6617 7221 6337 8194 7623 
3476 2271 2662 2275 2074 2413 2023 1895 1934 2734 3011 3713 4435 3940 3663 3878 3430 4026 4101 4021 5611 6507 7050 8279 8065 
2929 2777 1985 2561 2363 2230 2072 1189 1916 2481 2353 2837 3294 3432 3394 3705 4150 4470 3870 3583 5262 7045 7403 8295 8207 
2522 2180 2452 1908 1871 1601 1784 1398 1109 1635 1412 1918 1781 2411 3076 2985 2800 3530 2672 3859 4953 7698 6858 8016 8284 
2608 2126 1879 2433 2058 1646 1484 2814 2069 1841 2302 1106 1855 1893 2388 2769 2554 2565 2635 2349 5651 6231 6622 8360 7925 
1941 1825 2098 2044 2926 1793 1326 2185 1684 7303 3889 1689 1984 1871 2086 1997 3214 2366 4028 1676 4772 5318 6988 6422 8151 
2056 1955 2054 1699 3040 2339 2617 1818 2134 2116 2453 2872 2307 2298 2288 7079 2595 2141 2618 5113 2277 2935 6330 6004 7623 
2739 1574 1481 1876 2069 1946 2530 3042 2988 3654 3043 3733 2902 4091 2747 2810 2887 3431 3184 3283 4040 3313 6238 5560 6797 
1862 1657 1512 2738 2807 2738 3592 4019 4896 4769 4867 5248 5626 5994 4925 3905 3369 5716 4237 4051 4223 3261 3761 5559 5398 
1937 2445 3434 4034 4554 3913 3731 5579 8264 8362 5725 5365 5662 6499 4860 4968 5819 4507 4453 5623 3872 3718 3812 4158 5137 
1761 1904 1947 2578 2423 2994 4857 8551 8528 8571 8442 8947 9096 8339 6896 5779 5918 4838 4564 5232 4937 3194 2521 4067 5307 
1865 2285 2593 3149 2786 3416 7882 8147 5737 5674 5615 5962 6209 7850 7254 8235 6295 5679 5151 5113 5340 3401 3861 3159 4333 
