includes/gis/ASCII_5k/mod13q1_ndvi_2000_321.tif.txt
ncols         25
nrows         20
xllcorner     257482.3972
yllcorner     9670060.6647
cellsize      5000
NODATA_value  -9999
4886 4064 4569 6089 3449 3518 6818 3018 4137 3573 4002 5569 5214 5237 2152 2399 2809 4679 4872 6021 4110 4547 5092 3710 1788 
3970 4164 3795 3301 3457 3388 3348 4360 4893 3130 4605 2759 6128 2559 3749 2557 4680 2463 5796 6878 4517 5895 4695 5670 6957 
3327 1336 1839 3600 4104 3719 2953 4255 5674 3127 4424 2994 4096 3926 2203 3664 4381 3809 2909 5998 7282 7619 5452 5849 5896 
4437 3610 2448 3879 3390 4281 4638 4518 4432 4812 4389 2459 5030 3753 2485 4502 3862 4370 -9999 6770 6247 5387 6522 4064 6167 
2540 3759 3445 4180 4560 3286 3671 3630 3566 4740 3870 5014 6294 5797 3684 4946 3672 5436 4476 7175 4861 5491 3458 2777 5706 
3195 4762 5558 4011 4091 4117 3472 3903 4632 3833 4123 4699 5269 4770 3278 4778 4534 3980 3846 5497 3149 5013 8092 4439 4923 
2658 3787 4892 3495 4876 4142 3552 3110 3840 2806 2285 3739 4681 4357 3765 4051 4263 4372 3297 4554 2363 6673 3865 6043 5528 
4914 3972 3966 2999 3937 3563 4412 3606 4625 4181 457 4377 4696 4089 1018 4418 1430 3344 2916 3331 2809 3095 7096 7111 5263 
4436 4287 3691 4726 4645 3556 6230 3464 3585 3010 4150 3503 2949 5264 4071 2985 1755 5087 4642 3174 6299 3384 1878 6392 7239 
5538 3377 4212 3289 3430 3085 3722 3551 3854 4010 3357 3237 3258 3123 4563 2540 3877 2373 3225 4564 6340 4694 2302 5345 4139 
3149 2077 4575 3453 3354 2827 1746 1628 3820 3171 2317 3477 2866 4045 3643 3407 4031 2384 1321 3451 3534 5900 4468 5703 7086 
4094 3932 3844 3499 2509 2405 2139 1828 1079 2570 1768 1959 1594 3408 3380 3053 3009 2150 2276 1857 3469 7328 3621 3502 6853 
3355 3481 2786 3624 2407 2186 520 3575 2512 2177 2285 1623 2230 1996 2908 3422 2616 4179 2731 3386 6797 5280 4928 3726 2689 
2323 2237 2218 1967 2421 1995 1236 2619 1980 5932 3785 1802 2401 1373 2919 3910 2729 2366 6077 2409 4095 3418 7064 5083 3027 
2577 1881 1960 1096 3797 2373 2958 1818 2560 2845 1633 1995 2485 2293 577 6652 3189 4618 4270 3474 3780 3286 1208 5024 4636 
2103 1554 1253 1706 1816 2176 2693 2470 2348 2583 3557 3281 2963 4117 2570 3880 4237 5314 2634 3864 4754 5040 4448 4161 5105 
1708 1619 1823 1814 2969 3849 3858 3496 3316 3509 1161 1467 3605 4401 1477 4404 5594 5587 3380 3065 2855 3369 3331 4936 2751 
1834 2544 2732 2987 5633 3276 4127 3460 2127 4380 1147 3346 3309 4046 3305 3133 4383 -9999 1719 5486 3613 3331 3489 3784 3612 
2455 3828 3309 3713 4594 4078 3442 9020 2541 1038 1573 5499 2899 2554 3378 3390 5037 3852 1317 4407 5226 2696 2176 4011 2478 
2207 3405 2969 4908 4935 5019 7622 2832 1549 1134 227 2111 1927 943 6959 3741 3663 860 4686 4213 1891 2861 4753 3995 3770 
