includes/gis/ASCII_5k/mod13q1_ndvi_2017_033.tif.txt
ncols         25
nrows         20
xllcorner     257482.3972
yllcorner     9670060.6647
cellsize      5000
NODATA_value  -9999
3334 3100 4617 3654 4651 3122 3387 2274 2705 2673 2674 3370 3560 3596 1799 2294 3510 4194 3678 3897 3069 2987 2959 2402 2398 
3223 3188 3816 4153 4534 2844 3151 2677 2108 3154 2691 3042 3085 3279 2280 3039 3185 3845 3343 2977 2832 3468 2740 3323 3308 
3700 4523 3605 2955 3707 3088 2872 2220 2767 2182 2417 2175 3153 3120 2420 2205 2154 2847 3215 2627 4313 3250 3033 2760 3005 
4029 6135 3594 3109 3380 3336 3414 3196 2595 3075 2544 2890 2969 2505 2595 2368 2739 2001 2414 6159 2859 2706 2701 2487 3461 
3614 3966 3550 3179 3394 4369 3000 2865 2636 3080 2865 2920 3061 3912 2025 2000 2613 2302 2150 5698 3043 3784 2454 3860 4112 
2771 3842 2772 3208 3155 3246 2613 2764 2479 2514 2720 2561 2162 2487 1997 2271 2465 2020 2727 5290 5147 4388 3135 3343 3309 
3027 3503 3241 3127 2657 2540 2811 2365 2134 2193 2184 2211 2165 2492 2553 2444 2260 2622 2730 4070 4664 6103 3319 3910 3819 
2668 2676 2630 2757 2627 2642 2565 2646 2413 2302 2844 2308 2153 2216 2033 2182 1723 1760 2138 2664 5103 5995 6476 4603 5935 
2948 2809 2541 2481 3436 2507 2683 2357 2095 2299 2556 2298 2429 2032 2016 2066 1580 2100 2367 3066 5711 4631 5675 6584 6558 
3784 2608 2730 2878 2301 2614 2502 1835 1991 1921 2066 2242 2118 1985 1983 2095 2308 2095 1715 2586 3922 5080 6779 7185 7259 
2960 3392 2162 2297 2256 2306 2243 1192 1928 1646 1786 1917 1939 2130 2179 2110 2590 2210 1954 2672 2654 5728 6791 7658 7703 
2351 2599 2070 1888 1826 1529 1730 1500 1075 1723 1730 1677 1938 2189 2044 1921 1937 2393 2134 2471 2480 6718 6941 7047 7899 
2451 2113 1839 2557 1882 1596 1326 2481 2066 1628 2132 1145 1712 1807 2095 2075 1924 2419 1994 1950 2964 3471 5583 8541 7691 
2122 1680 2128 1907 2635 1647 1443 2339 1502 5750 3266 1606 2010 1765 1642 2011 2717 2160 3540 1428 2680 2669 5205 5713 6933 
2072 1889 1258 1642 2774 1911 2659 1709 1645 1759 1678 1942 1997 2158 3086 5730 1968 1725 1880 3442 1640 1729 5059 5130 5571 
2025 1416 1633 1629 1632 1879 2309 2296 2664 2173 1971 2332 2017 2819 2412 2370 2532 2555 2138 2014 2978 2068 4296 2911 3992 
1752 1802 1445 2384 2104 3039 3536 3132 3542 3364 3345 4141 4543 2806 2773 2784 2318 2871 2443 1614 2944 1981 2509 4093 4519 
2346 1817 2041 2511 2817 3196 3117 4572 7742 8403 5624 4067 4747 4442 2494 2445 3509 2558 2511 3207 2690 2072 2191 2379 3152 
1805 2003 1961 2581 3053 3359 4271 9051 8766 8573 8618 8869 8982 8168 6885 4287 3594 4091 3600 2965 2989 2214 1610 2114 4862 
1890 2607 2591 3125 2617 3138 8062 8842 5280 4678 5055 5821 6279 7781 8575 8109 5068 4998 3767 3945 3036 2711 2424 2228 2631 
