includes/gis/ASCII_5k/mod13q1_ndvi_2013_129.tif.txt
ncols         25
nrows         20
xllcorner     257482.3972
yllcorner     9670060.6647
cellsize      5000
NODATA_value  -9999
6991 6756 7098 6637 5432 7071 6119 4474 6796 6657 5838 6505 7324 6862 4957 5838 4603 5728 6791 5291 4730 4674 4440 4257 3719 
6796 5852 6524 6668 7265 6242 6337 5611 4295 6377 6309 6285 6700 6630 5416 5976 5909 5297 5035 4418 4941 5087 3785 5615 3918 
6784 6391 6246 6065 7086 6639 6198 5189 5776 4883 6067 4071 5646 6924 6625 5522 5151 3586 4779 6175 7156 5732 5404 4725 4591 
7516 8075 7110 6474 5460 6667 6595 6038 4860 4922 4044 5574 6019 5057 6164 6117 7670 5301 4748 7315 6658 4453 5788 4666 4972 
7066 7622 6876 6891 6056 7649 6588 5907 4669 4829 4367 5513 6198 5725 3990 5466 6820 6305 4627 6758 6357 5852 4194 5095 4572 
5911 7496 7266 6572 6187 6659 6112 5837 5654 5327 6891 5834 4808 4666 3962 4116 4532 4067 6239 6902 7524 7165 4587 6154 4983 
6801 7208 6870 7088 6382 5052 5786 4654 3640 3612 3480 4342 4710 3826 5083 6146 4048 5248 5835 6067 6875 7345 5242 6068 5954 
7094 6564 6721 7433 5631 5968 4304 3800 4166 3649 6790 3958 4178 5208 3189 4412 4734 6802 4079 5950 6693 7205 7311 7210 8346 
5091 5113 5689 6682 6395 5317 3992 3583 4421 5362 4424 4358 6072 5242 3536 3841 3676 4986 3742 4685 6714 7071 6002 7667 7288 
5984 4699 4366 4733 5465 4966 5291 4389 5692 5266 4501 3756 4912 4514 2814 3198 3293 4961 3811 3987 5516 7091 7853 7729 7226 
4885 6520 3910 4102 3551 3592 3150 2247 4672 3809 2690 4110 3962 4120 3506 3325 3452 2949 4040 3381 4830 6662 7629 7649 7574 
3458 3865 3913 3101 3193 2572 2195 2745 1285 2495 3073 3554 3871 3586 2527 2291 2252 3868 5124 3900 4636 7285 7021 7729 7262 
5295 4009 4391 2804 2523 2414 1485 3415 4772 2515 3627 1901 2983 3280 3632 2868 2824 4210 2720 2057 4699 5608 6738 8259 7025 
4235 3370 3225 2824 7131 1895 1560 3336 3592 7582 6069 2018 2730 2422 2586 4326 5577 3101 7335 1950 3778 4666 6652 6820 7716 
4616 3543 1824 2414 4964 2543 4789 2509 2755 3733 2878 2370 3243 3650 2552 7151 3518 2838 2499 6647 3895 3024 6563 6972 7510 
3094 2012 3361 2437 2943 3177 4165 4519 5453 6394 3495 4388 3948 3667 3816 3758 5347 4506 2693 3027 4883 5041 6282 6704 7500 
3129 4790 1731 3398 3200 5414 7343 6743 6641 5977 6471 6345 6227 4597 3834 4970 4099 5740 5246 3332 5945 6175 4878 6654 5784 
4996 2078 2824 3515 4772 6902 7065 7455 8161 8084 7306 5701 5796 5756 3378 4025 6277 4455 3879 6278 6216 6065 5600 6211 6483 
2626 2476 3401 5264 6089 7923 7696 3197 7664 7244 7401 8517 8935 7578 5716 5914 6300 6475 5529 6251 6594 5508 4211 5431 6137 
2433 2414 3574 4363 6506 7036 2550 4871 5198 5446 5622 5975 6458 7947 8789 8211 6544 6251 5742 6222 6000 5459 6067 4443 6082 
