includes/gis/ASCII_5k/mod13q1_ndvi_2009_113.tif.txt
ncols         25
nrows         20
xllcorner     257482.3972
yllcorner     9670060.6647
cellsize      5000
NODATA_value  -9999
4534 3667 4539 1206 1752 3602 4252 1667 1384 1459 3755 4619 4506 2626 2116 1040 2197 2739 2642 2573 2328 2875 2525 2106 1999 
3143 3188 894 4287 3220 3157 3371 3544 3608 4256 3086 3302 3691 2989 2204 1513 3242 2555 1448 2588 2460 2546 2344 3624 3401 
3775 3788 2666 1964 3159 2954 3658 2254 4214 2718 3192 3040 2862 3422 3265 1535 2322 2148 2787 2378 3968 2630 3025 2933 3562 
2968 2916 1393 1595 2879 4541 4339 2061 3203 3491 3273 2869 2079 694 846 1465 1977 2366 2005 4412 2683 2445 3202 2557 4525 
2442 4317 2912 3334 3371 5449 3833 2734 3371 3555 3127 3561 2736 945 1155 979 2552 2302 1826 5106 3812 3123 2167 3058 2688 
2328 4642 965 2180 5022 2167 4079 2711 2334 1473 2065 1548 2563 2790 2304 2818 2926 1804 2512 -9999 4854 3905 2323 2660 2351 
490 3999 4075 3693 2557 2821 2440 2444 2824 2449 2189 1691 3117 -9999 2657 2263 2297 2802 3012 3789 2537 4730 2351 2647 3212 
3821 1760 2928 2763 2980 2392 2183 2457 2243 2712 3065 2045 2215 2801 2190 3352 2760 1578 2431 3169 3499 4448 4857 4131 6089 
3084 3086 4311 4603 3490 1891 1920 1956 2369 1680 2115 1931 2561 2107 1929 2038 1902 2539 2737 2653 5500 5084 4297 5364 6409 
4437 2688 3673 1777 2238 2545 2259 2077 1737 1711 1746 2071 1225 2161 1793 1701 2737 2173 1644 2444 5131 5524 7451 6142 5926 
2588 2272 2397 3419 2551 2504 2483 1190 1538 1515 1654 2018 1878 1984 1940 2232 2421 2108 1728 1913 3099 5829 5764 6751 7359 
3030 4468 4255 2621 2851 1501 1547 1270 879 1256 1644 1883 1490 1794 1979 1348 1913 2664 1533 1884 2639 6766 5943 7048 7049 
2637 3578 2468 3575 2451 1725 1272 3226 2063 1576 1763 1053 2007 1757 2257 2246 2151 2936 1636 1585 3010 3237 5620 6749 4713 
1344 1800 2193 2212 2789 1623 1402 2164 1366 6335 3124 1787 2058 1763 1758 1908 2175 1852 3707 994 3968 4457 5987 5064 6219 
2898 2481 1724 1844 2170 2227 2712 1671 1488 1607 1706 1870 2156 2368 2003 5195 2007 1772 1937 2950 1868 1823 5164 4169 5806 
2436 1553 1326 2107 2076 1935 2105 2628 3200 2710 2276 2555 1949 1376 2219 2063 2277 2565 2218 2284 2364 1909 4670 3579 3796 
1676 1724 1347 2793 2427 1772 3074 2513 3557 4222 4142 4231 3166 2856 2282 2546 2052 2604 2737 1813 3300 3009 2615 4149 4324 
2135 1646 2191 2623 1217 4300 3254 1780 3492 7354 5675 2625 1775 2607 2212 1885 2224 2611 3313 3277 2651 3209 2542 3552 3835 
1399 1431 2428 2907 1510 2411 2639 3088 961 4169 6324 8793 8979 7682 3097 2350 2035 2613 3707 5232 4257 2533 1801 2868 6029 
2136 2153 2223 2629 3909 6186 5849 4521 3255 1429 1006 5810 6217 7769 8755 7554 4052 3990 4533 4487 4698 4063 3694 2691 3031 
