includes/gis/ASCII_5k/mod13q1_ndvi_2017_289.tif.txt
ncols         25
nrows         20
xllcorner     257482.3972
yllcorner     9670060.6647
cellsize      5000
NODATA_value  -9999
2575 2374 3045 2736 3544 2389 3034 1776 2221 1932 2136 2375 2605 2673 1415 1254 1869 2405 2168 2612 2108 2302 2441 2132 1926 
2367 2520 2653 3061 2819 2171 2695 2531 1732 2215 2047 2558 2432 2545 1724 2384 2551 2819 2403 2039 2154 2709 2235 2819 2463 
2591 2776 2767 2159 3145 2887 2338 1802 2559 1957 1903 1938 2628 2338 2069 1898 1901 2001 1942 2038 3544 2826 2372 2505 2273 
2642 3462 2685 2850 2450 2311 2653 2561 2381 2932 2105 1947 2264 1916 1937 1879 2022 1618 1850 3986 2343 2149 2371 2068 2575 
2589 2788 2489 2473 3077 2935 2657 2457 2531 2865 2548 2814 2466 2993 1812 1810 2278 1995 1784 4524 2472 2662 1927 2674 2616 
2114 2686 2171 2707 2531 2703 2553 2396 2348 2748 2415 2329 2036 2313 1875 2410 2110 1802 2260 3603 3718 2808 2064 2253 2288 
2213 2780 2595 3134 2668 2759 2617 2239 2196 2220 2437 2122 2356 2492 2568 2521 1934 2041 2192 2551 2566 4519 2119 2454 2838 
2102 2835 2503 2758 2429 2608 2571 2536 2156 2181 2301 2318 2553 2769 2068 2216 1619 1713 2057 3022 3847 4732 4213 3340 4182 
2174 2514 2446 2335 2840 2040 2359 2129 1930 2043 2126 1875 2402 2146 2397 1849 1556 1841 1979 2471 5101 3338 4446 5100 4930 
3117 2070 2358 2356 2181 2342 2290 1858 1800 1744 1820 1870 1891 2217 1977 1984 1908 2068 1596 2371 4110 3566 3819 5163 4950 
2257 2641 1933 2315 2093 2104 1607 1169 1584 1517 1602 1775 1980 2330 2013 1858 2091 1876 1570 1747 2432 4967 3528 4196 5157 
2026 1904 1967 1732 1773 1445 1483 1363 1082 1608 1486 1489 1728 2037 2237 1786 1668 1807 1560 1811 2154 5352 4131 3876 5147 
2000 1888 1640 2721 1866 1514 1341 2416 1787 1341 1777 981 1670 1555 1769 1987 1570 1974 1648 1513 3308 3454 3740 7812 4167 
2039 1546 1672 1659 2162 1597 1327 2032 1376 4734 2295 1473 1742 1549 1580 1629 1985 1605 2898 1324 2067 2141 3643 3366 4959 
2281 1761 1178 1687 2802 2084 2527 1624 1532 1591 1489 1593 1878 1781 2692 4742 1775 1587 1847 2193 1605 1438 4107 2928 4636 
1763 1324 1448 1511 1625 1742 2006 1979 1998 2039 1730 2030 1833 2263 2098 2266 2229 1917 1900 1805 1986 1831 3729 2393 3006 
1642 1740 1071 1954 1808 2427 2551 2269 2171 2353 2432 2578 2632 2573 2230 2234 1807 2221 1963 1388 2466 1836 2136 2562 3986 
1956 1104 1603 1954 2265 2553 2631 3252 6417 7024 4232 2195 1846 2096 1912 1798 1882 1965 1932 2562 2160 1839 1799 2384 2529 
1122 1341 1726 2061 2251 2382 4004 8618 8387 8149 8101 8116 8389 6022 2918 2141 1997 2005 2181 2181 2441 1786 1517 1936 3206 
1877 1731 1966 2236 1959 2755 6050 8301 3878 5001 5659 5878 6059 6927 7744 5383 1923 2651 1433 2370 2447 2289 2364 1857 2246 
