includes/gis/ASCII_5k/mod13q1_ndvi_2003_241.tif.txt
ncols         25
nrows         20
xllcorner     257482.3972
yllcorner     9670060.6647
cellsize      5000
NODATA_value  -9999
3692 2927 4006 4651 4716 3531 3830 2298 2590 2521 2681 4173 4071 3362 2074 2084 2379 2796 2985 2902 2499 2649 2668 2358 2725 
3684 3576 3396 3635 4104 3197 3617 3022 2321 3034 2924 3656 3749 2817 2192 2502 2568 2867 2670 2693 2651 3371 2570 3245 3365 
3963 5368 4154 3233 3900 3823 3794 2880 2899 2928 2882 2905 3004 2856 1946 2299 2224 2216 2587 2637 3792 3221 3075 3211 2833 
4342 6262 4607 3905 3713 3582 3197 3100 2967 3299 3102 3422 2961 2713 2273 2165 2565 2325 2273 4562 2911 3017 2945 2600 3261 
3477 4589 4253 3777 3780 4657 2763 2635 2613 3163 3092 3030 3021 3627 2225 2273 2549 2516 2401 4043 2759 3908 2497 2832 3408 
3008 3513 4459 3991 4073 3294 2673 2484 2836 2983 5195 2864 2373 2771 2304 2287 2471 1948 2828 3794 3908 3443 3464 3576 3573 
3950 3681 4167 4389 3484 3090 2515 2469 2637 2405 2581 2576 2563 2453 2366 2246 2203 2150 2484 3357 3276 5384 3364 3226 3228 
3344 3516 3337 4040 3682 3497 2661 2564 2326 2139 3179 2566 2540 2510 2083 2331 2129 1912 2137 2782 4226 5362 4356 3591 4003 
3054 3437 3530 3425 3971 3141 2838 2242 2255 2513 2308 2405 2648 2358 1982 1983 1728 1796 2242 2292 5387 4237 4863 5325 4763 
3189 2562 3067 3175 2973 2890 2656 2527 2128 2112 2030 2347 2275 2263 2260 1933 2056 1878 2008 2224 3149 4167 6463 5203 3940 
3077 3631 2841 2804 2542 2409 2281 1384 1900 2084 1894 2105 2255 2258 2187 1981 2064 1994 1793 1949 2308 4920 4342 4452 4204 
2572 2690 2544 2034 2345 2363 1784 1797 1133 1827 1623 1926 2007 2012 2312 1947 1773 2232 1753 1703 2260 5366 4419 3316 5084 
2835 2599 2530 2512 2119 2052 1210 3247 2159 1521 2315 1262 2008 1923 2175 2020 1930 1983 2025 1591 2631 2655 3506 7995 3887 
2380 2223 2085 2060 2689 1763 1357 2327 1615 5321 3151 1639 2119 1766 1810 1745 2122 1951 3435 1157 2261 2160 3601 3530 5644 
2269 2222 1618 1729 3087 2040 2700 2423 2076 1842 1759 1809 2127 1972 2042 4991 1860 1897 2027 2954 1521 1628 4145 2504 4251 
2264 1960 1828 1922 2059 2000 2318 2338 2047 2325 2286 2499 2124 2382 2196 1773 2297 2274 1755 2127 2125 1932 4092 2727 3644 
2063 2035 1659 2330 2219 2858 2985 2997 3055 2842 3040 2914 3109 2739 2420 2359 1993 2647 2388 1586 2037 2149 2468 2769 4097 
2252 1755 2326 2837 2957 3338 3839 3448 5643 6940 5400 3428 3294 3123 2399 2145 2369 2268 2258 2287 2079 1803 2172 2318 2849 
2078 1910 2482 2803 2666 3463 4303 6707 6555 6686 7755 8048 8033 6337 3294 2826 3292 2351 2334 2654 2841 1920 1686 2503 3479 
2065 1936 2557 2752 2986 4042 7643 6828 3889 5021 5755 6115 5345 6692 3981 6052 3258 3454 2560 2552 2873 2467 2533 1593 2319 
