includes/gis/ASCII_5k/mod13q1_ndvi_2013_241.tif.txt
ncols         25
nrows         20
xllcorner     257482.3972
yllcorner     9670060.6647
cellsize      5000
NODATA_value  -9999
3083 2909 3759 3254 3575 2919 2854 2163 2338 2329 2463 2877 3281 3025 2113 2484 2384 2803 2788 2887 2400 2350 2191 2041 1953 
2633 2763 2846 3148 3192 2610 2795 2534 1910 2508 2245 2486 2869 2861 2181 2497 2608 2929 2614 2391 2439 2750 2174 2526 2751 
3112 2985 2875 2579 3037 2950 2678 2299 2443 2139 2192 2122 2733 2693 2450 2227 2259 2149 2384 2513 3712 2722 2475 2533 2517 
3637 3994 3025 2850 2519 2766 2846 2795 2531 2809 2541 2543 2584 2161 2175 2365 2774 2061 2235 4204 2558 2146 2628 2168 2765 
3050 2961 2960 2764 2728 3596 2798 2614 2411 2722 2661 2721 2815 2994 2272 2315 2533 2348 2357 3801 2607 2858 1908 2574 2597 
2583 3282 2841 2802 2757 3089 2617 2527 2576 2587 3501 2901 2398 2537 2125 2355 2344 2128 2416 4018 3765 2836 2353 2670 2537 
2912 3020 3059 3274 2503 2671 2915 2520 2255 2309 2295 2294 2546 2479 2610 2742 2206 2288 2319 2649 2737 4406 2544 2814 2960 
2625 2690 2765 3040 2563 2494 2356 2231 2313 2599 3083 2437 2388 2646 2150 2425 2185 2196 1993 2290 3263 5030 4097 3402 3864 
2530 2583 2500 2648 3072 2385 2380 2155 2179 2614 2400 2315 2664 2558 2090 2072 1950 2191 2209 2241 4987 3691 4725 5305 4157 
2745 2252 2488 2433 2327 2618 2429 2360 2247 2096 2231 2286 2438 2308 2060 2002 2087 2158 1972 2328 2680 3032 4689 5264 4005 
2550 2606 2045 2232 2214 2197 1940 1387 2019 1810 1715 2266 2204 2262 2109 1969 2099 2011 1852 1952 2472 4330 4082 5354 4660 
2183 2089 2106 1755 2057 1701 1632 1613 1053 1920 1783 1927 2022 2147 2022 1802 1771 2056 1854 2010 2401 5461 3404 3302 5055 
2446 1989 1799 1997 1978 1796 1302 2553 2320 1616 2112 1236 1817 1860 1998 1935 1811 1991 1716 1476 2473 2723 2976 7015 3730 
2169 1862 1761 1855 2739 1491 1381 2138 1662 5803 3167 1623 1973 1748 1753 1930 2201 1731 3833 1155 2281 2174 3390 3134 5314 
2241 1876 1416 1604 3074 2126 2616 1775 1649 1913 1745 1751 1995 1941 1901 4517 1933 1498 1574 2525 1641 1582 4117 3336 3362 
1995 1471 1646 1545 1723 1745 2106 1984 2161 2339 2041 2171 1928 2301 2195 1926 2195 2035 1589 1802 2276 2080 3925 2771 2473 
1828 1979 1250 1840 1958 2360 2568 2456 2710 2647 2813 2897 2808 2572 2413 2438 1671 2452 2080 1461 2585 2097 2372 2780 4065 
2112 1233 1758 1879 2235 2479 2754 3155 6970 7381 4656 2658 2472 2783 2095 2077 2143 1960 1838 2797 2133 1939 2134 2214 2748 
1403 1384 1811 2192 2093 2966 3741 8050 6475 7805 7706 7837 7905 5521 3014 2770 2352 1954 2377 2461 2574 1910 1566 2313 3354 
1615 1562 2079 2233 2219 3530 6553 7849 4078 3341 4684 4742 4806 7074 7652 5979 2965 3058 2472 2601 2616 2117 2270 1853 2448 
