includes/gis/ASCII_5k/mod13q1_ndvi_2008_193.tif.txt
ncols         25
nrows         20
xllcorner     257482.3972
yllcorner     9670060.6647
cellsize      5000
NODATA_value  -9999
3089 2736 3487 3288 3344 2691 3399 2241 2473 2174 2278 3519 3427 3462 2459 2841 3121 3479 3544 3257 2863 3185 3330 2988 2894 
2879 3243 2710 3339 3665 2735 3026 2617 1985 2567 2542 2875 3296 3000 2753 3188 3260 3502 2947 3131 2849 3569 3212 3612 3887 
3731 4118 3200 2531 2874 2928 2723 1978 2505 2137 2412 2389 2976 3060 2805 3031 3112 2773 3327 3116 4315 3707 3806 3434 3358 
3460 4469 2996 3351 2564 2936 2791 2672 2409 3023 2464 2691 2980 2461 2813 3159 3517 2888 2728 4934 3579 3049 3324 2763 3526 
3272 3745 3157 3049 3119 3872 2764 2646 2324 2669 2844 2807 2686 3196 2260 2432 2924 2640 2536 4429 3532 3539 2895 2930 3005 
2658 3311 4114 3317 3537 3477 2419 2457 2430 2488 3495 2825 2286 2609 2300 2304 2675 2232 2980 4139 4432 3670 3106 3320 3122 
2960 3300 3954 3641 3111 2659 2840 2423 2202 2239 2270 2404 2743 2894 2741 2667 2482 2657 2481 3810 3523 5459 3149 3343 3741 
3103 2643 2821 3299 3066 2649 2559 2613 2375 2385 2860 2646 2504 2633 2094 2506 2510 2213 2338 2728 1941 5582 4973 3906 4472 
2679 2794 2908 2741 3371 2300 2521 2358 2556 2579 2689 2421 2673 2490 2236 2139 2025 2664 2841 2801 4909 4521 5159 6038 5409 
3028 2418 2674 2888 2367 2684 2511 2433 2264 2341 2214 2283 2425 2474 2399 2025 2369 2305 2382 2494 3307 3527 4707 4809 4540 
2941 2966 2285 2482 2349 2221 1967 1305 1862 1987 1935 2441 2265 2461 2284 2044 2328 2509 2398 2560 2950 4572 4055 5033 4897 
2383 2459 2547 1985 2050 1645 1583 1387 1033 1722 1717 2017 2046 2083 2203 2076 2066 2471 2331 2450 2985 5695 5371 4799 4922 
2479 2344 2140 2285 2022 1616 1437 2883 1895 1575 2788 1342 2013 1935 2144 2189 1974 2335 2089 1879 3273 3512 4038 7370 4332 
2399 1984 2300 2111 2776 1685 1475 2046 1421 6119 2924 1728 2197 1809 1826 2129 2586 2239 3563 1382 2436 2739 4420 4414 5070 
2652 2106 1436 1653 3697 2331 2638 1789 1680 1759 1812 1843 2219 2355 1974 5667 2278 2076 2114 2872 1788 1634 4696 3853 5514 
2220 1732 1370 1687 1825 1857 2152 2057 2262 2223 2165 2551 2262 2490 2355 2138 2420 2481 1993 2320 2549 2020 4191 2687 3548 
2282 1882 1324 2149 2188 2439 2933 2353 2692 2835 2883 3040 3454 3175 3011 2657 2183 3099 2355 1781 2392 2131 2174 2854 4426 
2081 1728 1905 2162 2812 2664 2661 4996 6956 6725 4311 2854 2861 3570 2966 2616 3372 2348 2167 3171 2218 1834 2087 2199 2724 
1663 1605 2094 2388 2235 2979 5956 8476 2276 6042 7279 4950 6874 5269 3441 3332 2950 2952 2497 3055 2761 1872 1746 2254 3574 
2309 2156 2482 2652 2495 4257 8381 8249 4095 6130 2922 442 3141 1677 3600 4450 4305 3366 3320 3000 2847 2292 2516 2170 2846 
