includes/gis/ASCII_5k/mod13q1_ndvi_2008_209.tif.txt
ncols         25
nrows         20
xllcorner     257482.3972
yllcorner     9670060.6647
cellsize      5000
NODATA_value  -9999
2879 2631 3203 3413 3413 2703 3263 2221 2923 3477 2340 3179 3190 3290 2374 2683 2884 3184 1641 3071 2720 2997 3055 2836 2718 
2684 3064 2630 3188 3392 2686 3044 923 1031 2429 2414 2860 3129 2856 2491 2576 2464 3246 2399 2408 3009 3136 3072 3221 3548 
3525 3484 3186 2609 2961 2932 2636 2049 2117 2182 2357 2378 2998 2925 2580 2688 2160 3030 1681 822 3997 2982 3654 3079 3224 
3148 4056 2813 3076 2637 2904 2759 2585 2583 3287 2506 2592 2927 2396 2673 2562 3269 2783 2280 4180 3251 2850 3117 3167 3279 
3051 3475 3168 2997 3048 3496 2520 2273 2451 2835 1935 2148 2763 3201 2318 3792 2707 2154 1601 4114 3306 3373 2847 2185 2864 
2725 3201 3477 797 3274 3235 2399 2533 2105 2689 3222 2830 2358 2693 2326 2279 2392 2309 2716 2980 4163 3426 2662 2876 3003 
2772 3030 3602 2898 2924 2629 2675 2355 1300 676 2458 2251 2766 2914 2664 2364 2340 2582 2536 3482 2912 4988 1879 2320 3390 
2959 2652 2840 3218 2078 2558 2022 2527 2407 1049 1262 2647 2563 2440 1436 2483 2227 830 2783 2758 4996 4987 4212 3208 4560 
2654 2736 2937 2697 1320 2338 2377 2244 2134 2374 1864 2179 799 785 2120 1750 1345 2492 2596 2598 4455 4451 5023 5654 4864 
3112 2493 2527 2545 2405 2480 2064 1571 1081 1701 1697 1324 545 2498 2247 922 2086 2127 2093 2242 3276 4315 5281 5748 4476 
2391 2685 2348 2530 2334 2229 1417 1120 1490 1235 1814 2248 981 2211 1158 1733 2069 2293 1562 2349 2555 4687 4521 4858 4628 
1866 2338 2384 2040 2058 1694 1426 1446 1067 1626 1590 2017 1963 2060 2463 1405 2422 2116 1701 2100 2681 4986 4472 4247 4933 
2580 2352 2073 2316 2075 1621 1095 2719 1913 1440 2345 1207 1874 1395 1480 1536 2139 2604 1823 1784 2616 3151 4099 8009 3446 
920 1879 2058 1977 2535 761 1446 1860 1319 4918 2824 2149 2021 1305 1452 739 2885 1727 3357 1985 2353 2488 3925 3976 5009 
2501 2048 1644 1747 2899 1987 686 1133 1456 988 1315 2242 1972 1979 1748 3025 1564 1254 2515 2402 1450 1629 4300 3434 4961 
2209 1652 1379 1725 1894 1628 1698 2153 1078 499 1329 2054 2587 1224 372 2258 1741 2374 1816 2231 2414 1989 3905 2560 3085 
2156 1772 1564 2123 2233 2428 3197 1732 2096 2322 3313 1837 522 673 1936 1360 2493 2776 2452 1668 2289 1970 2095 2687 4219 
2030 1634 1821 2150 2532 1350 2440 2700 2008 3789 3426 560 962 479 1279 1402 3385 2598 2388 3374 2101 1682 1893 2132 2179 
1727 1616 2010 2278 2005 2739 1829 844 5899 5222 1780 407 1155 1201 1640 3532 2920 2859 2515 2904 2703 1764 1656 2307 3491 
1925 1903 2239 2464 2423 3255 8171 5988 1673 5419 3863 567 3182 7304 606 559 2887 3444 2691 2752 2694 2235 2397 2044 2336 
