includes/gis/ASCII_5k/mod13q1_ndvi_2009_065.tif.txt
ncols         25
nrows         20
xllcorner     257482.3972
yllcorner     9670060.6647
cellsize      5000
NODATA_value  -9999
2727 2445 2921 2946 3036 2323 3177 1879 2472 2820 2670 3213 2945 3030 1892 1979 2046 2930 3583 3523 2654 2655 2744 2149 1994 
2627 2566 2355 3139 3400 2425 2862 2555 2518 2931 2359 2590 2531 2630 2026 2538 3025 2460 2792 2585 2348 3160 2824 3109 3742 
2911 3650 2758 2156 2643 2603 2774 2005 2442 1989 1988 2066 2676 2599 2174 2166 2395 2487 2918 2617 3897 3343 2984 2706 3420 
3021 4189 2609 2608 2186 2478 2398 2434 2133 2928 2182 2119 2358 1947 2121 2173 2368 2242 2105 4551 2676 2395 2895 2110 3185 
2677 2779 2644 2608 2727 2851 2304 2225 2153 2415 2433 2422 2256 2810 1789 2008 2735 2459 1964 3993 3054 2755 2237 2586 2900 
2173 2977 2863 2759 2830 2889 2161 2110 2111 2233 2629 2407 2090 2163 1892 2033 2297 1796 2037 4017 3527 3594 2579 2810 2458 
2528 2680 3100 2652 2347 2221 2285 2008 1987 2105 2177 2033 2390 2291 2264 2073 1807 2164 1939 2718 2324 5471 2663 2564 3735 
2618 2186 2483 3041 2413 2121 2086 2294 1967 1882 2337 2326 2192 2148 1999 2081 1774 1564 1952 2224 3916 5297 4655 3927 5164 
2479 2711 2781 2298 2697 1925 1987 1829 1954 2041 2044 1969 2312 2098 1932 1864 1562 1900 2294 2216 4953 3942 5398 7249 5057 
2931 2212 2597 2253 2039 2214 1956 1746 1766 1899 1844 1998 1941 2028 1962 1784 1923 1894 1690 2249 3998 4798 7038 7684 5730 
2690 2581 1975 2245 2074 2073 1682 1106 1589 1555 1656 1893 1898 1903 1909 1737 2132 1771 1649 1834 2596 5382 5651 6548 7420 
2112 2189 2167 1782 1919 1543 1490 1240 974 1592 1378 1671 1746 1852 1926 1622 1687 1842 1465 1652 2400 6703 6453 6603 7182 
2113 2021 1709 2220 1831 1384 1247 2502 1770 1397 1932 942 1712 1625 1903 1796 1707 1861 1661 1527 3327 4919 5207 8292 6124 
1865 1610 1899 1845 2196 1569 1298 2107 1356 5178 2385 1486 1768 1741 1601 1490 2096 1913 3035 1316 2816 3195 5987 4497 7292 
2154 1695 1244 1445 2826 1898 2437 1680 1545 1608 1570 1665 2077 1919 1929 4591 1742 1630 1811 3337 1639 1438 4473 4863 5477 
2066 1554 1273 1452 1556 1707 2077 1837 1899 1896 1878 2294 1887 2334 2041 2067 2184 2141 2286 2623 2389 1891 3804 2623 3839 
1678 1462 1107 1881 1763 2086 2510 2234 2333 2313 2487 3031 3364 2884 2224 2554 2062 2985 2686 2042 3333 1835 1745 2698 4244 
1785 1374 1727 2002 2183 2382 2249 2321 6259 6695 3325 1908 1938 3118 2123 1996 2237 2743 2945 4914 2989 2142 1813 2171 2410 
1453 1588 1829 2236 2233 2517 2849 8379 8520 8325 8257 8210 8590 7425 4700 2388 2265 3059 4368 5174 4522 2005 1510 2858 3098 
1897 1924 2190 2615 2341 2949 7763 8182 5159 4929 4925 5215 5665 7536 8113 7700 3748 4185 3772 4896 4822 2674 2587 1944 2692 
