includes/gis/ASCII_5k/mod13q1_ndvi_2017_049.tif.txt
ncols         25
nrows         20
xllcorner     257482.3972
yllcorner     9670060.6647
cellsize      5000
NODATA_value  -9999
3174 3211 3718 3387 3875 2731 3097 1925 2370 2153 2297 2732 2976 3272 1501 1588 2470 3646 3080 4047 2520 2844 2561 2257 1736 
2720 2885 3360 3595 3936 2688 2931 2607 2134 2656 2303 2616 2587 2715 1817 2491 2611 3327 2879 2673 2727 3252 2931 3306 3187 
3772 3558 3441 2520 3459 3032 2783 2149 2409 2193 1956 2004 2770 2706 2028 1881 2093 2616 2452 2539 3870 3025 2929 2792 2971 
3544 6002 3119 2758 2850 3057 3178 3023 2073 2722 2423 2770 2687 2196 2023 1966 2166 2224 2152 5262 2375 2337 2474 2376 3175 
3734 4586 3430 3202 3443 4451 2938 2867 2571 3020 2733 2761 2560 3072 1950 1790 2263 2400 2000 4213 2705 2975 2278 3309 3386 
3727 4089 2741 2751 2806 3571 2729 2604 2402 2595 2682 2465 2135 2521 2024 1970 2034 2582 2187 3791 4073 3319 2761 3334 2970 
2927 3356 3368 2733 2476 2469 3303 2191 2004 2131 2178 2174 2444 2566 2562 2274 2190 2322 2138 2929 3426 5257 2955 3227 3515 
2419 2519 2512 2551 2360 2628 2828 2649 2017 1976 2584 2058 2163 2300 1879 2065 1943 1803 1854 2258 4021 5291 5293 4688 5093 
2950 2695 2627 2440 3141 2513 3031 2435 1928 2049 2444 2106 1971 1954 2034 1823 1600 1988 2250 2452 4877 4116 4958 6404 3600 
3540 2312 2538 2602 2269 2298 2554 1746 1714 1867 1956 1999 1888 1920 1863 1983 2210 1853 1595 2224 3147 4350 6196 7744 6280 
3339 3090 2100 2382 2122 2079 1960 1427 1847 1662 1784 1962 1847 2030 2153 1819 2478 2086 1718 2037 2284 5421 5504 7117 7913 
2455 2341 2222 1832 1856 1691 2038 1533 1054 1986 1634 1543 1604 1933 1851 1795 1741 1940 1879 2113 2211 5896 5732 5527 7060 
2455 2090 2079 3380 2080 1606 1436 2526 2404 1821 2189 1078 1551 1617 2104 1802 1659 2130 1775 1664 2830 3087 4831 7778 6796 
2205 1642 1957 2063 3702 1693 1537 2208 1650 5894 2937 1660 1946 1644 1587 1609 2102 1868 2741 1502 2402 2394 4484 4676 4441 
2072 1805 1324 1710 3041 2092 2559 2145 2409 2354 1912 2248 2352 2485 3185 4076 1758 2015 1972 2626 1605 1736 4310 5407 5401 
2080 1556 1856 1675 1739 2289 2804 4499 4141 3369 2485 2730 2124 2814 2442 2173 2202 2500 2264 1852 2386 1864 3871 2722 4191 
2360 1885 1403 2595 2547 3677 4993 5177 5493 4413 4861 4648 4092 2596 2930 2758 2069 2840 3122 1702 2614 1828 2156 3393 4017 
3123 1478 2125 2588 3702 3957 3714 4130 8354 8659 6375 4587 3207 4348 2526 1979 2318 2533 2992 3414 2370 1959 1945 2380 2846 
1986 2452 2288 2834 2750 3476 3873 9123 8481 8821 8259 9113 9232 6929 5838 3622 2496 2624 3494 3302 2745 1957 1809 2145 4083 
2614 3284 3580 3914 3121 2990 7602 8630 5933 5145 5614 6441 6600 7215 8644 6857 3379 4413 3965 3609 2705 2257 2192 1741 2266 
