includes/gis/ASCII_5k/mod13q1_ndvi_2001_305.tif.txt
ncols         25
nrows         20
xllcorner     257482.3972
yllcorner     9670060.6647
cellsize      5000
NODATA_value  -9999
3027 2825 3038 4485 4241 3399 3714 2134 3257 2198 2163 3114 4021 4421 1888 2035 2077 2872 3582 3293 2922 4075 3078 3417 2704 
2447 3040 2625 3604 3368 3063 3154 2687 2943 2470 2481 3050 3030 2473 2256 2287 3201 3009 3097 3533 3036 3118 3885 4944 4479 
2882 2992 3502 3101 3368 3006 3005 2453 2961 2232 2222 2374 2787 2918 2369 2305 2710 2290 2250 3944 3430 4184 3719 3661 3576 
3528 4365 2790 3378 2967 3099 3177 3323 2733 4172 2761 2497 3018 2394 2482 2208 2366 2036 2626 5009 3860 2998 3624 2676 3790 
3567 3979 3082 2930 3588 3238 3016 2623 2646 3409 2946 3136 2778 3357 2158 2534 2892 2458 2439 4672 2846 3470 2451 2867 3037 
2831 4062 3762 3200 3434 3197 2679 2950 3275 3606 3252 3504 2414 2678 2249 2734 2846 2169 1327 4433 4362 2910 4411 3064 3020 
2850 4028 3637 3529 2961 2936 2566 2419 2438 2583 2371 2817 3198 2944 2581 2378 2355 2311 1682 3355 2612 5040 2604 2870 3641 
3182 2814 2737 3300 2738 2520 2592 2440 2632 3043 3799 2639 3730 2625 2339 2551 2175 2201 1354 2912 4079 4649 4268 3665 5284 
3049 3169 3753 3517 2861 2531 2704 2625 2344 2451 2617 2426 2791 2791 2412 2512 2021 1927 1947 1858 4603 4651 4561 4946 5268 
3595 2708 3144 2151 2260 2464 2721 2116 2336 2454 2461 2572 2401 2061 2438 2151 2077 1848 2100 2173 3723 2643 5442 5553 4327 
3253 2825 2269 2611 2039 2095 2214 1409 2026 2166 2148 2343 2545 2583 2439 2433 2222 1995 1873 2062 3415 4978 3941 5236 4663 
2948 2548 2369 2336 1948 1671 1710 1799 1108 1829 1741 1910 2023 2235 2482 2857 2846 3607 2232 1870 2358 6437 4692 4775 5265 
2913 2149 2729 2856 2202 1863 1266 3508 2027 1742 2023 1354 2048 2250 3015 2960 2189 2265 2529 2648 3021 2982 4236 8011 5942 
2075 1823 1794 1875 2164 1651 1249 2640 1610 5427 3041 1727 1961 1776 2001 1874 2715 2829 4880 1515 2987 2755 3843 4243 6009 
2747 1914 1463 1675 3153 2073 2618 1780 1794 1724 1810 1985 2107 2251 2274 5964 2004 3308 2673 2757 1789 2034 4359 3133 5902 
2069 1998 1805 1726 1807 1893 2396 2086 2199 1924 2399 2457 2122 2421 2317 1989 2443 2328 2206 2687 3452 1933 4328 2367 3802 
1850 1658 1699 1921 2244 2547 2544 709 2577 2047 1498 2335 2345 3101 3154 2547 2181 4118 3962 2736 3042 2284 2181 3481 3848 
1918 1781 1751 1853 2412 2441 1685 3318 2228 4558 2855 2429 2389 2735 2314 1958 2453 2504 3978 3045 2487 2696 2789 2673 2792 
2011 2547 2267 2394 2117 1598 1351 1934 659 700 692 1704 8427 4818 3678 2335 3081 2529 4115 5135 2884 2226 2207 2579 3908 
2248 2353 2729 2808 2227 1553 1040 644 384 509 351 912 4767 5989 5290 5073 2900 2924 3699 4396 3890 2651 3372 2214 2433 
