includes/gis/ASCII_5k/mod13q1_ndvi_2009_241.tif.txt
ncols         25
nrows         20
xllcorner     257482.3972
yllcorner     9670060.6647
cellsize      5000
NODATA_value  -9999
2407 2203 2631 2307 2629 2177 2593 1725 1865 2011 1763 2391 2515 2191 1318 1480 1620 2059 2446 2392 2131 2054 2118 1861 1757 
2166 2328 2113 2569 2681 2117 2457 1756 1553 1902 1715 2208 2338 2235 1669 2235 2313 2755 2428 2113 2141 2511 2041 2533 2718 
2390 2862 2394 1922 2316 2148 2087 1680 2067 1994 1627 1878 2218 2216 1813 1919 2074 1996 2293 2118 3291 2591 2255 2523 2601 
2399 3200 2278 2375 1940 2236 2135 2288 2131 2783 2012 1872 2363 1688 1920 1784 2138 1921 1853 3493 2107 1997 2348 1910 2607 
2407 2561 2386 2364 2688 2880 2192 2000 2108 2251 2337 2254 2182 2493 1743 1694 2102 2098 1875 3521 2323 2497 1799 2155 2196 
1956 2514 2461 2364 2658 2640 1976 1908 1941 2049 2367 2012 1784 1881 1834 1945 1957 1730 2167 3411 3098 2578 1849 2029 1898 
2145 2523 2764 2669 2247 2058 2072 2177 2006 2066 1940 1822 2037 2078 2109 1992 1668 1922 1909 2366 2118 3626 1776 2270 2477 
2277 2117 2247 2724 2331 2049 1982 2143 1874 2116 1953 1893 1942 2014 1888 2204 1875 1675 1899 1914 3137 3958 3232 2711 2990 
2280 2616 2475 2327 2661 1829 1914 1857 2050 2002 1980 1860 2138 1956 1875 1818 1567 1816 2118 2140 3954 3164 3705 4013 4370 
2558 2118 2565 2340 2016 2146 1740 1796 1632 1741 1719 1775 1798 1870 1821 1798 1836 1861 1457 1944 2677 3260 3981 4235 3265 
2274 2443 1929 2257 2072 1931 1638 1089 1419 1550 1577 1727 1716 1701 1771 1686 1884 1780 1508 1628 2162 3826 3177 3867 3621 
2088 2102 2086 1663 1780 1337 1421 1252 1001 1476 1314 1419 1517 1560 1707 2002 1634 1786 1335 1500 2014 4826 3769 2903 3937 
2176 1955 1753 2033 1947 1532 1326 2141 1641 1328 1713 899 1495 1447 1588 1646 1466 1867 1479 1417 2348 2515 3141 7356 3289 
1839 1578 1864 1645 1985 1483 1286 1879 1256 4596 2260 1446 1551 1437 1367 1331 1752 1596 2277 1056 2000 1691 3100 2942 4478 
1953 1694 1297 1523 2441 1882 2305 1511 1381 1397 1693 1464 1955 1767 1539 3270 1575 1435 1691 1938 1358 1345 3521 2537 3689 
1781 1503 1267 1492 1614 1610 1775 1688 1742 1722 1767 1907 1663 1988 1777 2226 1829 1846 1509 1862 1808 1523 3211 2226 2536 
1635 1477 1144 1691 1675 1885 2146 2119 2085 2204 2173 2419 2324 2158 1748 2064 1660 1956 1855 1326 1878 1428 1716 2461 3473 
1713 1257 1622 1787 2046 2233 2050 2022 4525 4826 2568 1690 1567 2169 1680 1383 1964 1762 1897 2333 1652 1390 1573 2070 2394 
1206 1453 1681 2103 1925 2248 3737 7971 7493 7561 7339 7149 7118 5641 2450 1919 1701 1568 1841 2378 2218 1460 1454 2052 3101 
1736 1706 1978 2236 2024 2301 6976 7710 4481 4803 4968 4807 4832 6288 5311 5724 2054 2261 1550 2054 2283 1802 2017 1615 2002 
