includes/gis/ASCII_5k/mod13q1_ndvi_2010_113.tif.txt
ncols         25
nrows         20
xllcorner     257482.3972
yllcorner     9670060.6647
cellsize      5000
NODATA_value  -9999
5341 5222 5668 6844 6808 2570 6227 1820 5943 7248 2511 3743 6242 5460 5439 6250 6965 7728 8117 5486 2964 6237 6704 6376 5499 
6815 6872 6717 5435 6089 5560 6494 4815 4665 2952 3844 3801 1869 5933 6415 8510 5035 6132 6320 3064 3492 4526 6093 6914 7044 
5844 7674 7019 5354 7161 6691 2750 2885 3168 2307 1670 2813 4571 4476 5983 5191 6358 4018 4583 6373 892 6314 5385 4052 6900 
6712 8071 5822 5202 5155 6431 6768 6243 3143 3235 3346 4146 3138 6034 6717 4907 7681 6828 4451 2644 5898 5732 5237 5071 6424 
5523 6707 6803 6645 4442 8463 3993 3321 3822 -9999 3001 4747 5227 4086 3890 5147 2301 4498 6087 5615 6311 5374 4978 6650 5876 
5238 5558 7109 6888 6159 6991 4085 2703 3337 1893 7512 3560 2690 3308 2785 4384 5113 4089 5180 4541 7164 6666 6134 6292 6283 
4849 3594 5944 6128 4800 6202 4629 4364 2085 3842 3156 3489 3375 1213 3621 4522 3466 4542 5052 5897 6790 4174 7384 5921 5902 
3351 5136 5874 7342 6437 5016 3528 6329 5975 7804 792 3089 3373 1318 3704 3221 3922 3989 4515 5988 7313 7462 6681 6290 8094 
6450 5013 5217 4627 6676 4603 1735 3806 5458 6085 3552 3221 3419 3427 2633 2957 2794 3973 4389 7291 4132 3939 2357 6937 7542 
5478 2709 3693 2098 3507 4789 4121 3239 3290 3838 4239 3659 4665 3555 3995 2991 2820 3416 4442 5385 7098 7417 7715 7284 7871 
2438 3945 2657 4084 4108 3649 2685 1707 2543 3360 4467 4579 3076 2787 3360 3303 3372 2696 3503 4370 7181 7562 3957 8143 8376 
2903 3202 3033 2356 2657 4057 3672 2863 1198 2632 4248 4432 2471 3148 3418 3867 3179 3664 3110 4867 6362 5100 8072 7959 6969 
3831 2994 2494 6642 2876 3189 1585 4097 3322 2193 4978 1450 3319 2786 3710 2303 3437 3508 3471 2388 6492 6770 6996 9081 8040 
2890 1214 2479 1274 5898 2276 1734 5375 4081 7587 4670 1881 2260 6053 974 5013 4693 4149 6475 2350 5762 6919 7526 7421 7761 
2924 3020 2448 2651 4109 2449 3358 4501 3212 2517 3245 3392 3496 2884 3614 7150 3428 3363 2973 6189 3329 5673 6793 7420 6998 
3315 2321 3072 2863 3453 2079 5061 6425 4753 1358 3095 5078 4248 3268 4776 4915 4038 4247 3035 3508 4966 5786 6133 7043 7182 
3157 4757 2577 4298 5666 5195 4330 2670 1581 3351 1772 6896 1895 6080 6741 5623 4034 5609 3550 3677 5955 7608 4253 6250 5612 
4683 4760 3941 5045 5973 5392 5384 1780 666 4416 7827 3290 3680 6200 5545 7043 5686 4669 3634 4977 5693 4310 5909 5040 4053 
4774 5925 4510 6981 5560 4490 5355 1315 1744 552 743 2657 1332 4186 7186 5263 6435 5980 4738 5519 6221 6111 4686 5894 2606 
4674 5671 5163 5906 8019 5682 3279 570 2510 1654 3274 2152 1508 5779 7646 5507 5892 6198 6480 5285 6350 5740 4506 4927 5544 
