includes/gis/ASCII_5k/mod13q1_ndvi_2014_353.tif.txt
ncols         25
nrows         20
xllcorner     257482.3972
yllcorner     9670060.6647
cellsize      5000
NODATA_value  -9999
4844 4253 5217 3964 5098 4236 4206 2257 2696 2965 2316 4968 4227 5194 2754 5022 2744 4628 5655 6420 4228 5291 4896 5210 4539 
5201 4978 4295 4419 5305 4427 2996 2304 2980 3547 3655 4286 4048 3164 2748 4038 3846 5041 5356 5973 5521 6132 5681 6824 5971 
5451 4462 4992 3745 4571 3850 3000 3448 3434 3550 2937 3038 4472 5159 4287 2678 3445 3353 4391 4536 7001 7170 5829 4225 4861 
5466 6457 3187 3113 3091 3433 3050 3806 3809 4565 3265 3702 3804 3505 4940 4631 4872 3061 3785 7175 5157 5000 4403 4315 6014 
5556 4168 3763 3320 3706 3980 3461 3595 3215 3389 3462 4195 3632 5583 3872 3829 4378 4123 3554 6980 5055 5376 4223 4890 4756 
4453 5259 3829 3771 3140 3050 3459 4231 5053 4224 4496 3856 3397 3938 3459 3229 3697 2952 4191 6481 7787 6248 4311 4499 4261 
4486 5291 4923 4549 3361 3757 3819 2570 2856 3190 3158 3662 4282 4588 4824 4948 3938 4309 3821 4886 5441 6410 4644 5017 5171 
4564 4076 5322 6100 4524 4902 4078 3881 2783 2651 5670 4027 4373 3591 2762 3066 3857 3034 2555 2844 5533 6711 7089 5875 7156 
4670 4616 4726 4818 6083 5089 4955 4054 3254 4015 4516 3966 4072 4087 3604 3023 2989 2748 2477 2981 5388 6057 5718 7994 7743 
5042 4401 3596 3456 4058 3413 3363 3445 4160 3205 3540 3947 4818 4434 2975 3062 2529 2704 2136 2499 5695 6066 7595 7717 7549 
4559 5272 2456 2872 2843 2347 1967 1630 2308 2751 3249 3618 3931 4196 3017 2414 2764 2626 2609 2530 3154 6699 6800 7593 7895 
3823 3592 3242 2412 2040 2126 2823 1467 989 2166 2093 2364 3200 3512 3014 2437 2032 2403 2270 2996 4608 7712 6748 7609 7752 
4914 3056 2737 3617 2497 2042 1376 2806 3969 2111 3176 1745 2888 3253 3092 2737 2528 2917 2774 2142 5428 5603 6576 8166 7707 
3967 2356 2905 2884 3717 1494 1257 3981 3097 6947 3872 2019 2488 3148 4522 4574 3833 3483 6024 1590 4614 5570 7715 6734 7554 
3426 2816 1721 1623 3219 2176 3525 3506 4902 5434 3073 2821 2976 3402 2888 7961 2497 2478 2732 4346 2048 2505 6104 5976 7143 
3395 1779 2178 1682 2159 2757 3969 5411 5727 5914 6581 5399 4147 5069 4682 4304 4141 3536 2537 3537 3670 3478 5938 4845 6757 
2520 2901 2236 3430 3382 4662 5577 5977 6027 5786 6188 5869 6054 6741 5920 5670 4768 5183 4095 2950 3853 3953 3098 4335 4975 
3670 2598 3158 3840 4389 3968 6387 6903 8497 8308 7005 5524 6069 6389 5330 6821 7403 4446 3576 5351 3896 4299 2975 3374 5134 
3474 3087 3335 4248 5336 5812 4823 9020 8540 8554 8654 8857 8910 8329 6486 6813 7786 7288 5459 5699 4656 3893 2129 2486 4803 
3470 3540 4536 5021 5214 7873 8394 8840 6030 4269 5654 6832 6958 6931 8454 8220 7055 7209 5873 5982 5845 3869 4153 2537 4070 
