includes/gis/ASCII_5k/mod13q1_ndvi_2016_081.tif.txt
ncols         25
nrows         20
xllcorner     257482.3972
yllcorner     9670060.6647
cellsize      5000
NODATA_value  -9999
4231 3637 4734 4080 4828 3411 3739 2507 3006 2600 2488 2997 2941 3356 2122 2358 2645 3082 3193 3572 2891 3105 2763 2554 2559 
3464 3851 3545 3526 4170 3027 3519 3543 2409 2751 2465 2427 2544 3415 2107 2743 3247 3372 3049 2705 2537 2983 2242 2711 2787 
3755 4241 4351 2653 3951 3273 3405 2737 2689 2535 2564 2225 2893 3035 2520 2173 2258 2516 2799 2750 4256 3292 2752 2714 3432 
3269 5835 3886 3546 3039 3400 3431 3839 2908 3116 2469 2435 2750 2584 2328 2316 2766 1843 2147 5051 2765 2721 3019 2676 3319 
3492 4698 4719 3897 3340 5944 3551 3487 2695 3202 2805 2788 2606 3011 2068 2010 2586 2126 1999 4569 2629 3067 2327 3347 3368 
3435 4614 4717 4840 3716 3273 3221 3298 3050 2808 3761 2640 2037 2539 1988 2207 2369 1736 2288 3838 4507 2911 2294 2812 3519 
3818 3686 4550 4852 3392 3330 3054 2550 2328 2479 2694 2555 3351 2844 2723 2461 2270 2305 2380 2957 3549 5020 2558 2940 3419 
3836 3855 3774 4453 3906 3849 3080 3147 3384 2642 3863 2308 2405 2532 2155 2260 2153 2083 2209 2907 4988 6297 4948 3914 4808 
3934 4356 4447 4000 4691 3396 3237 2916 2847 3273 3024 2253 2326 2105 2139 1975 1836 2101 2353 2908 5389 4807 5765 6401 5159 
4476 3026 3125 3689 3184 2925 2877 2304 2183 2919 2635 2399 2486 2490 2135 2080 2141 2640 1605 2307 3112 5769 6467 7069 5762 
3457 3593 2541 2700 2528 2555 1928 1296 2351 2218 1890 2634 2261 2839 2242 2134 2611 2594 2123 2024 2127 5761 7045 6998 6883 
2671 2822 2675 1832 2131 1677 1717 1666 1137 2086 2301 2168 1934 2099 2250 2088 1478 2262 2026 1954 2303 6490 6560 7264 7216 
3158 3265 2867 2691 2277 1798 1326 2726 2617 1858 2622 1325 1915 1649 1994 2174 1894 2406 1890 1700 3298 3628 5388 8480 7243 
2572 2541 2377 2304 4255 1751 1340 2387 1779 6513 3396 1618 1864 1829 2247 2656 3888 2557 3418 1408 2813 2656 4475 5909 6664 
2666 2629 1461 1864 3489 2078 3157 1872 1895 2456 2085 2716 2342 2614 2529 6622 2073 1919 2101 3266 1577 1623 4827 4411 6423 
2232 1693 1757 1954 2194 2560 2521 2583 2588 3111 2382 2826 2324 2763 2711 2525 3017 2198 2040 2245 2668 2152 4643 2983 5161 
2182 2520 1717 2862 2270 3142 3319 3168 4198 4324 4385 4205 4798 3875 3520 3625 2389 2949 2430 1518 2757 2599 2360 3050 4432 
2859 1581 2163 2343 3325 2793 3777 3099 8030 8358 5955 3956 4701 5211 3847 2255 2482 2673 2795 3301 2789 2387 2354 2476 3243 
1576 2066 2719 3973 3024 3205 5101 8832 8512 8572 8473 8449 8698 6951 5631 3869 2658 3625 3165 3257 3133 2384 1795 2177 3946 
3182 2457 2918 3248 2408 3302 7594 8424 5936 5205 5147 5710 6154 7675 8216 5974 3976 5121 3126 4030 3113 2610 2436 1944 3472 
