includes/gis/ASCII_5k/mod13q1_ndvi_2004_145.tif.txt
ncols         25
nrows         20
xllcorner     257482.3972
yllcorner     9670060.6647
cellsize      5000
NODATA_value  -9999
4891 4812 5408 6501 5641 4863 4636 2635 5047 3268 4891 6752 6663 6669 4736 4977 4570 4933 4537 3860 3593 3566 3520 3446 2935 
5173 5082 4738 4476 5711 4643 4471 3324 3344 4119 4856 5832 5452 4740 4711 4615 3819 4195 3581 3299 3486 4241 3762 4592 4718 
4871 5326 4229 3934 4410 4837 3849 2962 5030 4123 3471 3632 4182 4815 3216 2887 2574 2620 3318 3546 4947 3696 3994 4008 3809 
5222 6797 4777 4476 5253 5182 4712 4972 3835 5028 4424 4489 4524 3179 2618 2766 2795 2471 2473 5484 3449 2778 3601 3052 4130 
4313 6131 5602 4594 5652 6256 5340 4999 3498 4685 4341 3831 4108 3754 2511 2483 2859 2850 2379 3974 3505 4638 3446 4311 4035 
3958 6323 6598 5744 5712 4506 3305 3900 3714 3197 6874 3670 3346 2989 2207 2465 2765 2128 2448 4107 4393 3995 4964 3881 4276 
4958 5232 5826 5433 5030 3765 3615 3005 3502 2751 2458 2655 3005 2752 2672 2329 2571 2607 2505 3290 4090 5894 3942 4116 4542 
5641 4919 4187 5844 5309 3758 3282 4071 3802 3211 4428 3073 3152 3063 2240 2497 2480 1929 2404 3026 6256 6567 5603 4874 4906 
4020 4752 4339 5341 6147 4299 3513 2739 3231 3311 3778 3030 3185 2788 2758 2443 2160 2201 2590 3034 5877 5269 5683 7056 6627 
6378 3850 3362 4158 4593 4923 4309 3805 3304 3229 2412 2430 2344 2671 3156 2308 2842 2489 2477 3123 4613 5691 7489 7378 6316 
4927 5236 2950 3463 3111 3266 2623 1598 3187 3006 2564 2981 2739 3278 2841 2337 3136 3253 2729 2474 3935 6211 7075 7394 7189 
3159 3218 2999 2415 2595 2843 2167 1849 1180 2125 2297 2516 2618 2890 2925 2599 2378 3254 2628 3066 3636 6964 7167 7350 6921 
3246 2601 2658 3542 2765 3209 1226 3481 2556 1807 3176 1488 2248 2450 2593 2843 2760 2945 2949 2983 3858 4213 5643 8440 7131 
2851 2489 2165 2354 2351 1663 1560 2899 1661 6799 5228 2047 2304 2070 2398 2268 4007 2448 4685 1404 3246 3034 4500 5798 7614 
3061 2172 1554 1881 3690 2625 3606 2391 2528 2724 2252 2264 2405 2756 2486 6674 2431 2296 2708 4037 1937 1790 5406 5232 6736 
2613 1609 1823 1802 2193 2702 3878 3777 3702 2656 2352 2999 2587 3191 2543 3203 3702 3137 2199 2594 3042 2758 5466 3685 6472 
2159 2030 1682 2834 2773 4140 4646 5992 5162 5183 4279 3602 3844 3312 3091 3332 2958 4098 3230 2219 3180 2498 2992 3867 4831 
2323 1884 2794 3009 3604 4116 6699 6646 8227 8063 6736 5290 4793 3441 2929 2870 4767 4163 3844 4634 4165 2497 2339 2909 3519 
2130 2083 3977 3232 3476 4909 8709 6044 8346 7764 7697 6997 8744 7622 5953 4752 4656 3372 4503 5428 5488 3628 2422 3415 4621 
2266 2415 3659 3205 2963 5883 8956 7404 3740 6442 6273 5945 7128 6346 6688 7516 5455 5782 4643 4840 5977 4751 3707 3656 4903 
