includes/gis/ASCII_5k/mod13q1_ndvi_2012_081.tif.txt
ncols         25
nrows         20
xllcorner     257482.3972
yllcorner     9670060.6647
cellsize      5000
NODATA_value  -9999
3499 3221 4853 3458 4423 2734 3374 1879 2057 1799 1896 2785 2871 3356 1695 1679 1627 2381 3078 3286 2311 2482 2776 2845 2415 
2823 3016 3338 4134 3813 2879 3039 2229 1791 2195 2156 2827 2951 2357 2062 2255 2717 2879 2643 2291 2386 2882 2721 2897 3396 
3145 3151 3651 2875 3613 3368 2708 1845 2376 1976 2018 2050 3368 2662 2188 2046 2190 2132 2839 2982 3906 3474 3578 2982 3547 
2914 4028 2987 3356 2609 3226 3161 2666 2482 3100 2388 2350 2157 2058 1989 2066 2193 2231 2177 4680 3064 2605 2755 2386 3394 
2808 3383 3307 2695 2858 3091 2946 3135 2236 2497 2594 2738 2670 2874 2102 1995 2613 2025 2190 4167 3268 3346 2146 2730 3087 
2476 3469 2814 2939 2927 2866 2492 2742 2547 2670 2903 2278 2080 2272 2107 2251 2265 1869 2146 4819 4372 3551 2429 2879 2780 
2655 3328 3326 3343 2661 2729 2429 2374 2561 2120 2264 1919 2286 2307 2438 2126 2170 1963 2146 2916 3007 5533 3172 2781 3320 
2921 2673 3057 3802 2681 3351 2442 2524 2191 2003 2666 2071 2215 2041 1873 2184 1837 1621 2109 2203 4160 5495 5328 4625 4180 
2912 3077 2909 2656 3339 2881 1985 2181 1959 2129 2111 2058 2616 2072 1911 1818 1598 1916 2274 2532 5074 4535 5540 6758 5214 
3562 2614 2874 2682 3031 2507 2181 1797 1838 2062 1869 2191 1842 1940 1798 1825 1962 1997 1717 2100 3104 4432 4881 6047 5416 
3368 2788 2182 2438 2446 2324 1791 1145 1511 1701 1957 1982 1913 1922 2000 1833 2049 1905 1660 1860 2595 4946 5146 5974 5660 
2481 2463 2315 1793 1847 1558 1741 1283 1010 1557 2004 1736 1693 1983 2096 1776 1731 2321 1692 1782 2504 6186 4823 5673 6309 
2606 2678 1750 2681 1851 1977 1257 2569 2218 1628 2479 1329 1732 1851 1963 1867 1998 1891 1569 1610 3308 4057 4349 7935 5924 
2561 1670 1778 2066 2853 1383 1191 2646 1669 6948 3451 1821 2194 1664 1655 2148 2314 2154 3691 1261 2731 2664 4755 4401 6803 
2565 1985 1339 1918 3511 2078 2857 2022 1771 2170 1965 2216 2238 2203 1812 5151 1994 2021 2370 3015 2019 1850 4834 3942 5334 
2295 1541 1964 1874 2321 2356 2279 2419 2260 2152 2908 3255 2293 3036 2262 2117 2706 2325 2133 2473 3609 2267 4474 3281 3885 
1896 2149 1384 2303 2457 3199 3232 3026 2743 2781 3516 4182 4640 3500 3034 2636 2184 3542 2612 1596 3786 2636 2862 2851 4207 
2146 1471 2226 2754 3218 3055 3763 4865 7393 7635 5496 4120 3453 4449 2801 2921 3155 2449 3134 4077 3246 2280 2148 2461 3283 
1491 1603 2105 3745 2930 3699 3879 8484 7985 7973 8120 8589 8585 6603 5258 3750 2532 2670 3827 3647 4014 2595 1829 2340 4256 
2260 2215 2312 3061 2786 4825 7636 8465 5789 5309 5535 5610 5377 7193 8314 7158 3578 3737 2202 3917 3500 2849 3098 1965 2601 
