includes/gis/ASCII_5k/mod13q1_ndvi_2013_305.tif.txt
ncols         25
nrows         20
xllcorner     257482.3972
yllcorner     9670060.6647
cellsize      5000
NODATA_value  -9999
3480 2681 3396 2723 3579 2632 3058 2046 2018 2128 1992 2678 3373 3369 2213 2519 2497 2495 2517 3063 2240 2855 2193 1905 1981 
2688 2653 3036 3724 2416 2578 2632 2489 1855 2372 2175 2356 2818 2156 2234 2355 2540 3502 2696 2243 2370 2790 2062 2998 3591 
2743 3308 2886 2392 3119 3010 3012 2081 2476 2012 2159 2048 3143 2597 2429 2009 1981 2006 2226 2541 4253 3049 2498 2764 3455 
3140 4577 2785 2744 2945 2643 2981 2908 2607 2952 2320 2387 2641 1913 2101 2134 2279 1953 1932 4486 2591 2129 3138 2530 2750 
2736 2761 2847 2429 2585 3028 2746 2754 2526 2717 2913 2948 3250 3085 2179 2176 2526 2329 2148 5709 2744 2839 2107 2402 2619 
1435 1367 2820 2946 2555 2430 2225 2473 2870 2601 2892 3040 2550 3095 2381 2329 2361 2139 2872 4342 3903 2997 2343 2531 2276 
2314 601 3389 2842 2586 2184 3099 2196 2100 2299 2091 2464 3332 2865 3038 2835 2228 2119 2209 2973 2933 4607 2355 2871 2980 
858 1959 2688 2441 1993 2488 2008 1891 2384 2265 2505 2289 2243 2487 2069 2432 2169 2037 1969 2687 4839 6249 5438 4026 5319 
2995 2148 2212 2353 2714 1663 2448 2245 2205 2777 2485 2370 2600 2467 2034 2037 2008 2331 2399 2139 5459 4004 5703 6244 4827 
3215 2337 2932 2590 1951 2527 2680 2518 2533 2490 2339 2729 2288 2289 2063 1847 1979 2552 2114 2433 2886 3777 5960 6177 5399 
3009 2935 2243 2587 2191 2463 2099 1431 2285 1892 2219 2206 1961 2262 2017 1736 2187 1914 2081 2188 2658 4297 4529 5999 6205 
2082 2166 2183 1795 2082 1608 1684 1540 1048 1707 1784 1776 1942 1952 1919 1740 1722 1980 1768 1913 2404 5376 6547 3533 6221 
2551 2182 1667 2118 1893 1755 1435 2618 2261 1461 1992 1190 1625 1409 2036 1760 1706 2100 1723 1573 2525 3690 3677 6923 6074 
2145 1647 1827 1958 2501 1410 1181 2204 1591 5649 3005 1654 1574 2063 1837 1921 2330 1976 3402 1489 2301 2468 4074 4136 6693 
2304 1737 1296 1767 2814 1823 2265 1889 1347 414 1624 1671 2034 2048 2359 4480 1845 1694 1791 3009 1651 1613 4732 3578 6758 
2021 1536 1803 1199 1730 1795 1531 549 768 548 1838 2126 1503 2135 2450 2257 2387 2111 2620 1991 2324 2366 4568 2289 2760 
2026 2183 1346 1943 2013 2628 303 2596 1334 818 2642 2569 692 1974 2522 2543 2210 4525 2397 1416 2617 2006 2229 2860 4240 
2270 1846 1035 1898 2292 2957 1951 976 415 762 2709 1379 850 1533 2001 2144 2321 3123 3326 3023 2316 1896 1997 2382 2622 
2594 2813 2264 2433 2179 2445 2843 1097 591 104 322 1310 4219 2642 2825 2481 2193 3941 4354 3116 2840 1976 1711 2445 3632 
2132 2599 3081 3516 3610 4508 1841 2520 602 53 1009 226 593 944 4700 7057 2850 5671 4596 4272 3053 2645 2548 1825 2425 
