includes/gis/ASCII_5k/mod13q1_ndvi_2012_017.tif.txt
ncols         25
nrows         20
xllcorner     257482.3972
yllcorner     9670060.6647
cellsize      5000
NODATA_value  -9999
3260 2962 4008 3676 5303 4142 3642 2491 2471 3566 2916 3481 3429 3642 2492 2636 2450 3878 4793 4514 3199 3738 3869 4135 3810 
4667 4498 2929 4061 4552 3197 3101 3168 2451 2762 2864 3094 3313 2839 3301 3599 3974 3631 3982 3566 3298 3624 3582 3707 6691 
4410 4728 3818 2762 4199 3246 3161 2595 3378 2140 2194 2585 3009 3735 3656 3005 3415 3031 4536 3991 5014 5605 4246 3891 4865 
4201 5342 4376 3479 2646 2876 3247 3766 3085 3266 2465 2609 2887 2871 3522 3551 3531 3596 2917 6347 4273 4898 4840 3767 5107 
3348 4675 4289 3358 3107 4150 3016 2776 2177 2457 2619 3220 3040 3577 2881 2667 4264 3707 4111 6586 6415 5493 3484 4428 4461 
4022 4399 3411 3424 3593 4291 3025 2709 2510 2547 3643 2594 2698 2697 2271 2647 3167 2696 4186 6848 7115 6061 4623 4527 4526 
4221 4281 4390 4400 3030 3366 2432 2499 2735 2305 2296 2552 2684 2805 3449 3202 3163 2858 3950 5229 5339 6957 5005 4618 4435 
3637 3540 3440 3753 2838 2446 2743 2858 2289 2011 3555 2859 2690 2527 2187 2472 2294 1986 2967 3543 5689 6648 7133 7830 7395 
3392 3774 3668 2920 4353 2449 2425 2271 1985 2119 2541 2600 3053 2289 2208 2164 2029 2656 2916 3065 5632 6358 5881 7705 6973 
3394 2614 3325 3343 2795 2788 2571 2107 1876 2092 2407 2343 2230 2177 2220 2193 2511 2365 2256 2441 3891 5907 7480 7804 7575 
3474 4105 2590 2738 2308 2341 2193 1332 1719 1765 2133 2393 2344 2064 2308 2108 2615 2665 2291 2045 3036 5877 7511 7906 7964 
2586 2141 2367 1906 1990 1681 2091 1384 1107 1705 1930 2045 1891 2066 2594 2045 2182 2615 2597 2162 2829 6724 6364 7884 7822 
2920 2957 1889 2622 2050 2084 1433 2654 1853 1675 2383 1311 2065 1902 2884 2552 2179 2340 2047 1940 3228 4343 5384 8624 7288 
3152 2341 1865 2087 3612 1598 1308 2279 1602 7195 3778 1850 2306 1872 1912 2570 2839 2504 5117 1467 3299 3171 5456 5572 7973 
3076 2633 1555 1898 3670 2154 3111 1973 1774 2691 2307 2662 2615 2184 2397 6933 3439 2713 2344 4226 2193 2500 5488 5115 6228 
2504 1538 1686 1574 2096 2051 2290 2639 2828 2924 3096 3743 3016 2966 3057 2855 4773 4159 2170 2350 2960 2693 5638 5611 6978 
1983 1684 1328 1874 1866 3223 3518 4269 3930 3971 5071 5718 6242 4986 4748 3984 3508 4540 2876 1844 3313 2717 3203 3698 4933 
2755 1514 1724 2195 2391 3340 5105 3832 8020 8401 7065 4880 5713 6630 4324 5379 5392 3410 2391 4062 3050 2985 2506 2533 3909 
1773 1967 1957 2817 2662 3658 3662 8721 8441 8254 8230 8472 8581 7248 6671 6295 4952 3102 3291 3802 4025 2340 1854 2422 4123 
2892 2545 2723 2848 2598 4173 7790 8503 5577 5120 4945 4891 5573 7122 8292 7605 5985 4708 3423 3620 3827 2615 3273 2405 3272 
