includes/gis/ASCII_5k/mod13q1_ndvi_2017_321.tif.txt
ncols         25
nrows         20
xllcorner     257482.3972
yllcorner     9670060.6647
cellsize      5000
NODATA_value  -9999
4384 3611 5107 4850 5425 4709 4695 4564 5509 6114 5101 4968 5937 6662 3996 3655 3499 5482 3465 5902 3139 4979 4011 2574 4539 
3447 3868 3857 4262 5610 4141 4831 5484 4469 6275 4399 3452 4350 2473 5274 3366 5046 6498 4953 4698 3110 4168 2784 6206 5053 
3238 4712 3953 3214 4983 4539 4808 3939 4900 3856 6004 3403 4232 4770 6053 3314 5326 3684 3455 3125 5732 5730 4287 3244 4219 
3330 5037 3565 3248 3243 4132 5018 4974 4220 4227 3360 3443 4969 4105 6193 5578 6838 2796 3500 4642 3399 2245 3448 2945 3846 
3167 3074 3225 2949 3022 3847 3277 2792 2785 3665 2372 4081 4598 5813 3158 4550 5226 5225 2628 4312 3837 2104 2540 4344 4478 
2098 4076 2550 2694 2479 3069 3157 3011 2016 2163 2804 2869 3079 3565 2762 4066 5051 2687 4788 5356 6286 5729 3653 4496 5506 
2885 4216 4423 3314 2552 2798 1989 2019 2258 2437 2611 2491 3069 3576 3579 3321 2631 3368 4427 5490 5734 5959 4030 5432 3404 
3252 2980 2843 3016 2450 2772 2094 2527 2223 2107 3357 2323 2829 1511 2174 2092 1775 1560 2298 5356 5636 5461 8614 7990 8005 
2930 2980 2661 2118 3153 1898 1636 2002 2078 2206 2105 2283 2358 2202 2675 2008 1717 2418 2979 3851 6362 3136 4659 6970 3659 
2473 2364 2859 2521 2515 2422 2055 1866 1713 1665 1900 1890 2103 2305 2006 1923 1501 2063 1478 2253 5955 5970 2608 3532 7130 
3457 3195 2151 2089 2357 1878 1650 977 1808 1642 1350 1737 2348 2405 2026 2085 2272 2356 2071 2135 3904 6422 2950 5215 6963 
2419 2295 2764 2182 1925 1341 1393 1214 989 1550 1487 1576 1963 2051 2681 1850 1602 1774 1541 1822 2761 7428 5788 5890 3170 
2128 2456 1743 2993 1786 1171 1241 2556 2074 1802 1938 953 1733 1692 1979 1999 2210 2446 2263 1595 4798 6273 6057 6459 2884 
2195 1492 1674 1809 2591 1267 1425 2208 1574 6044 2644 1546 1998 1959 1885 1827 2862 2883 4989 1606 3996 5711 7124 6067 6352 
2300 1617 1178 1587 2377 1799 2333 1785 1643 1752 1483 1555 1946 2108 2188 4618 1966 1422 1782 3295 2316 2262 6470 5426 6735 
1601 1326 1582 1570 1776 1924 2351 2689 2817 2650 2095 2823 2109 3699 2555 2967 4160 1783 2011 2897 4135 4231 6239 3164 5980 
1760 1744 1275 1938 2025 3248 3913 2563 3414 4536 4281 4503 4267 3723 2721 2380 2141 3035 3480 2910 4809 4439 2847 5555 5006 
2116 1532 1902 1894 2843 3139 3617 6594 7616 7421 6347 4245 5284 4220 2560 2339 3061 3238 2994 5091 5325 5253 4262 3675 6051 
2025 2498 3300 3981 3064 4535 8249 8454 7699 7210 7013 7826 8321 7549 4933 4268 4534 4654 4606 5394 5403 3803 2310 2931 5641 
1992 4353 3673 4429 3781 6510 4578 8766 5693 4949 5484 5682 5921 6863 8165 8040 3740 5727 4984 5778 5373 5212 2451 2525 3338 
