includes/gis/ASCII_5k/mod13q1_ndvi_2018_033.tif.txt
ncols         25
nrows         20
xllcorner     257482.3972
yllcorner     9670060.6647
cellsize      5000
NODATA_value  -9999
2804 2599 3767 2829 3671 2947 3386 1998 2404 2585 2385 3046 3212 3480 1824 1602 2611 3577 2663 3075 2348 2275 2399 2084 2134 
2337 2627 2504 3238 3649 2546 2821 2620 2044 2464 2337 2470 2739 3374 2435 2466 2977 3152 2906 2427 2288 2853 2485 3020 3192 
2772 3392 2890 2549 3019 2573 2540 1925 2878 1957 2564 2133 2619 2737 2120 2043 2103 2460 2518 2406 4204 3418 2858 2497 2728 
3261 5055 3645 2680 2534 2709 2731 2828 2447 2808 2354 2572 2556 2291 2163 2501 2612 2128 2101 5416 2422 2256 2438 2212 3228 
3044 2972 3038 2912 2891 3486 2474 2366 2165 2311 2568 2922 2738 3426 2160 2213 2737 2388 2239 4364 2483 3005 2228 2932 3312 
2162 3220 2258 2736 2862 2528 2490 2742 1928 2126 2223 2218 2176 2242 1891 2255 2229 1904 2499 4605 4062 3367 2469 2776 3113 
2293 3439 3457 2998 3054 2335 2501 2410 2132 2185 2191 2072 2322 2590 2497 2061 2021 2209 2489 3173 3498 5508 2738 3339 3422 
2357 2925 3178 3975 3019 2375 2190 2531 2041 2067 3133 2002 2135 2415 1882 2105 1960 1727 2011 2462 4554 6155 5322 4654 5007 
2660 3118 2803 3265 3784 2579 2173 2040 2335 2765 2295 1856 2290 2103 2020 1955 1538 1737 1933 2240 5167 4519 5555 6772 5614 
3701 3302 2896 3688 2724 2639 2050 1854 1650 1988 2008 2256 2020 2124 2044 2136 1951 1721 1351 2305 3162 5345 5606 6339 5584 
3118 3808 2454 2717 2469 2005 1466 1231 2079 1830 1901 2030 2083 2104 2080 1698 2479 1861 1589 1869 2217 5599 6314 6955 6093 
2494 2743 2416 1900 1768 1341 1466 1298 1013 1722 1678 1738 1826 2038 1913 1684 1616 1771 1616 1788 2060 5673 5552 6798 7235 
2478 2161 1761 2699 1872 1491 1349 2606 2404 1426 2094 978 1586 1662 2017 1912 1547 1945 1767 1385 2715 3292 5000 7748 7025 
2071 1490 1730 1697 3567 1382 1302 2324 1469 6047 2480 1571 1964 1816 1626 1889 2035 1667 3460 1322 2537 2224 3983 4722 6198 
2042 2151 1482 1642 3089 1842 2465 1839 1488 1927 1563 1626 2011 1862 2386 5870 1920 1621 1745 3070 1517 1761 4410 3899 6231 
1866 1389 2370 1456 1534 1680 2218 2410 2480 2228 1788 2208 2301 2492 2286 1966 2388 2043 1663 1886 2505 2049 4625 2468 3435 
1701 2303 1333 2354 1880 2364 2936 2681 3097 3262 3010 4033 4288 2856 2711 2623 2244 3145 2205 1336 2666 2145 2621 2707 4394 
2852 1324 1773 1915 2656 2851 2890 3413 7143 8262 5264 4475 3848 2873 2274 2361 3801 2971 2620 3133 2521 2499 2071 2364 3012 
1619 2063 2259 2459 2323 2743 5089 8690 7870 7822 8321 8405 8623 7087 6263 4468 3123 3486 3415 3018 3038 2117 1553 1974 3519 
2404 2048 2615 3056 2528 3173 6642 8078 5498 4408 5139 5084 5580 7077 7811 6852 5840 5742 3421 4598 3162 2437 2284 1739 2264 
