includes/gis/ASCII_5k/mod13q1_ndvi_2011_193.tif.txt
ncols         25
nrows         20
xllcorner     257482.3972
yllcorner     9670060.6647
cellsize      5000
NODATA_value  -9999
3094 2852 3542 3500 4024 2961 3366 2208 2467 2705 2964 3982 3305 3428 2192 2014 2151 2765 2818 3055 2676 2756 2368 2492 2291 
2840 3096 2737 3386 3719 2864 2945 2644 2139 2694 2811 2913 3029 2566 2349 2720 2581 2917 3044 2710 2816 3073 2427 2923 3324 
3637 3762 2984 2408 3135 2958 2617 2276 2806 2576 2266 2342 2738 2816 2577 2426 2610 2231 2805 2954 3925 2934 2767 2780 2811 
3291 4482 2930 3092 2784 2955 2940 3151 2587 3274 2410 2662 2759 2315 2224 2200 2465 2337 2360 4587 2763 2452 2821 2515 3070 
2883 3242 3171 2855 3008 3553 2871 2543 2516 2655 2693 2762 2681 2962 2226 2225 2563 2556 2457 3767 2742 3132 2249 2699 2837 
2501 3475 2884 2895 3053 3074 2741 2914 2960 2534 3364 2408 2289 2293 2051 2160 2332 1963 2374 3665 3738 3072 2433 2542 2398 
2884 3774 3587 3446 2749 2511 2603 2669 2308 2301 2304 2369 2386 2454 2482 2288 2088 2280 2314 2828 2951 4598 2816 2538 2954 
2759 2489 2680 3488 2923 2526 2567 2827 2224 2279 3044 2181 2257 2336 2089 2226 2400 1894 2166 2487 3588 5061 4292 3588 3673 
2484 2924 2957 2823 3494 2332 2311 2228 2190 2089 2319 2144 2380 2166 2034 2121 1874 2120 2483 2372 5161 4176 4661 5355 4285 
2865 2312 2769 2974 3032 2826 2196 2031 2038 1999 1936 2082 2140 2419 2293 2135 1839 2090 1870 2259 2942 3872 4764 5097 3962 
2582 2633 2084 2522 2524 2437 1643 1226 1661 1560 1798 2214 2047 2260 2262 2010 2334 2128 1893 2020 2585 4960 3727 4650 4242 
2015 2093 2057 1708 1991 1729 1763 1417 1145 1770 1780 1937 2130 2154 2323 1981 1938 2215 2014 1982 2402 5357 3929 3995 5018 
2208 2013 1703 2078 1980 2034 1354 2905 2095 1592 2495 1125 1816 1876 2120 2162 1846 2174 1568 1807 2684 2999 4024 7762 3811 
1995 1810 1852 1990 2678 1650 1344 2308 1575 5904 3003 1591 2018 1873 1775 2336 2348 2143 3851 1530 2384 2443 4088 4587 4696 
2049 1789 1412 1742 2883 2139 2452 1825 1700 1860 1642 1656 2165 1793 1830 4980 1963 1636 1960 2931 1706 1796 3939 3629 5439 
1808 1550 1659 1619 1851 1924 2189 2107 2035 1986 2057 2278 1702 2360 2245 2149 2398 2488 1858 2013 2350 2099 4235 2928 3511 
1766 1476 1192 1871 2029 2548 2988 2386 2471 2581 2548 2970 2921 2822 2565 2373 2083 2626 2275 1527 2519 2237 2303 2812 4087 
2058 1360 1961 2093 2244 3069 3436 3606 7228 7025 4063 3121 2631 3450 2219 2375 2343 2432 2443 2873 2268 2001 2011 2495 2632 
1626 1746 1893 2214 2308 2942 5182 8545 7899 8327 7928 8229 8098 6331 4020 2877 2464 2535 2889 2977 2932 2050 1708 2582 3498 
1622 1834 2200 2546 2264 5100 7626 8181 5878 5711 5626 5681 5912 7049 8364 6902 3629 3642 2773 2871 2979 2430 2711 2166 2660 
