includes/gis/ASCII_5k/mod13q1_ndvi_2017_305.tif.txt
ncols         25
nrows         20
xllcorner     257482.3972
yllcorner     9670060.6647
cellsize      5000
NODATA_value  -9999
2664 3367 1523 2033 2319 3137 4363 1806 3454 1907 3041 3434 3330 4398 1024 785 3407 3022 3158 2549 2376 2576 2548 2152 2086 
3435 3593 2845 4878 3055 2565 4442 2636 2149 1100 1798 2831 3285 2306 1795 1888 2128 3242 3463 2101 2399 1674 2376 3315 2814 
2373 2328 3807 2501 3095 3268 3445 1735 2658 4837 2093 1820 4197 3947 3494 1894 3301 1789 1988 2908 1581 3534 2629 2331 2322 
1117 1351 4364 3312 3244 2886 2208 2094 1445 1691 2328 2202 3777 1043 1561 1552 1281 1836 2354 4662 3253 2137 2605 2094 2913 
2405 1951 3185 3351 1740 3280 3386 3527 3404 3834 2907 2708 2125 3892 976 3112 6058 2226 2041 4546 2721 3136 2083 2609 2945 
2254 3874 2543 3285 1861 1043 2719 2631 2561 3143 2513 2120 1765 2229 2576 3448 2399 1719 3565 3854 4662 3790 1992 2308 2869 
2834 3080 1373 1710 2681 3177 2596 1524 1892 2503 2754 2247 3559 2783 4955 2787 2210 2890 2998 1411 3101 5387 2435 3003 3986 
3616 3136 2634 3475 1917 3097 2828 2382 2346 1848 2968 2701 2934 2617 1717 1840 1646 1824 2452 4290 5158 6089 7702 5912 8144 
3057 2155 1948 1888 1951 1198 1809 1955 2002 2064 2264 1836 2867 2080 2645 2046 1022 2018 1920 3465 5991 3372 2859 5985 4244 
4017 1748 2564 2893 2450 2596 2073 1837 1639 1821 1932 2012 2109 2662 2089 2082 1709 1818 1770 3213 5228 3879 4246 5775 5820 
3322 3247 1691 3289 2634 2224 1610 1423 1535 1276 1476 1681 1990 2279 2291 1957 2282 2096 1605 1852 3389 5860 1117 2803 5064 
2671 2095 2544 1550 1942 1444 1620 1560 1035 1691 1527 1152 1644 2023 2142 1816 1639 1839 1241 1673 2504 6723 3933 2749 4077 
2356 2810 1718 3031 1797 1570 1281 2796 1805 1451 1756 932 1695 1781 2125 2033 1898 1917 1739 1545 3929 4489 5201 4503 5230 
1641 1403 1819 2109 2265 1444 1457 2041 1494 5768 2275 1794 1911 1867 1573 1478 2231 2019 3315 1286 2529 2629 4689 1600 3386 
2598 1881 1215 1693 3425 1904 2612 1674 1609 1774 1441 1445 2038 1882 2914 5883 1935 1750 1986 2251 1645 1441 4924 1325 5709 
1679 1337 1579 1559 1712 1688 2041 1732 2123 1400 1868 2180 1406 2899 2322 2389 2868 2441 1992 1887 2258 1447 4662 2734 4257 
1619 1688 1138 2040 1915 3667 5294 2224 2246 2540 3052 3121 3006 2881 2204 2559 2248 1795 1560 1450 3125 2340 1523 4517 4657 
1973 1442 1718 2009 2881 3440 2154 4322 5159 1318 1663 2364 2628 2309 1872 1653 1759 1716 2307 3689 2454 1828 1830 2702 3378 
1641 1738 2243 3504 2951 2148 886 4785 702 643 2952 4844 5239 6353 3577 2049 1853 1963 1590 4051 3688 1873 1517 2123 4843 
2034 2230 3178 462 385 693 1309 734 3493 497 100 945 7565 7033 6303 6428 2065 2328 1677 3412 3289 2458 3319 2221 3029 
