includes/gis/ASCII_5k/mod13q1_ndvi_2007_145.tif.txt
ncols         25
nrows         20
xllcorner     257482.3972
yllcorner     9670060.6647
cellsize      5000
NODATA_value  -9999
5017 4085 5569 5682 6691 6284 5795 3343 2699 3294 3781 4443 5649 5433 3582 4251 4400 4382 5139 4483 3708 4046 3734 3107 3035 
4942 5937 5113 6279 6980 6197 4893 4699 2899 3647 3508 4223 5637 3806 4020 3674 4564 4756 3930 3944 3987 3724 3442 4164 4036 
6064 6786 5600 5292 6542 6709 5664 3468 3934 3343 3415 4006 4783 6095 4478 3124 4271 3695 4454 4109 5243 4574 4660 4592 4071 
6414 6970 5833 5478 5669 6355 4948 3998 4108 4364 3245 3593 4695 4233 3610 3747 4943 4462 3294 5860 4385 4219 4281 3878 4772 
5980 5898 5531 4794 4952 6449 4738 3593 3614 3917 3692 3912 3425 4398 3235 3374 3890 3541 2851 4851 3966 4666 3613 4097 4398 
5135 5354 5545 5580 5196 5165 3606 3650 3562 3426 4298 3593 3257 3450 3009 3091 3638 3066 3276 4812 5416 4926 4935 4554 4613 
5071 5446 5731 5267 3856 4588 3742 3183 3150 3004 2917 3574 3332 3242 3065 3228 3220 2957 2743 4285 3641 6173 4502 3975 4084 
4749 4672 3965 6249 4034 3505 3630 3636 2916 3219 4431 4748 3288 2979 2370 2914 2577 2361 2529 3754 5006 5886 5749 5361 6399 
4265 4097 4456 4672 6201 3461 3862 3220 3210 3093 3834 3408 3367 2999 2317 2337 2036 2681 3122 3379 5568 5301 5696 6367 6547 
5565 3797 4154 4586 4035 3566 3221 2497 2246 2438 2714 3088 3250 2758 2543 2288 2836 2373 2228 2558 4884 5125 6608 6798 6432 
4841 4372 3187 3735 3952 2825 2359 1271 2015 2026 2299 3431 2771 2925 2457 2546 2832 2753 2279 2566 3134 6276 5877 6480 6430 
4723 4573 4064 2719 2710 1836 1720 1757 1102 2016 2610 2754 2538 2548 3015 2061 2365 2949 2373 2389 2750 6535 6442 5809 6617 
4472 3552 3051 2966 2090 1834 1442 3376 2303 1717 3346 1823 2660 2908 3392 3245 2747 2422 2277 2411 3579 4471 5848 8399 5285 
3688 2523 2683 2813 2728 1779 1599 2482 1656 6635 3586 1855 2491 2214 2313 3432 4016 2742 4559 1671 3114 3583 6637 6127 7634 
2919 2121 1567 1857 3666 2033 4107 2392 2178 3011 2409 2982 2625 3179 2572 7021 2465 2298 2355 4007 2267 2229 4346 4601 7193 
2428 1656 2071 1939 1907 3013 3175 3693 2596 3136 3235 3750 3803 3467 2905 2933 2726 3324 2519 3326 3585 3344 5815 4661 6736 
1975 1842 1872 2973 2611 4072 4910 3395 2412 2617 2487 5108 5482 5247 4376 3716 2758 2876 3248 2587 4497 3748 3905 4679 5887 
2031 2263 2743 4126 3687 5375 8023 3985 3211 1100 5403 4814 5278 6171 3884 2952 3838 2985 3750 4756 3682 2879 2938 3760 4666 
1993 2344 2621 3103 2894 6974 7633 6759 2435 362 2798 3616 7287 6333 4809 3472 4379 4867 4289 5257 5097 2818 2156 4526 5306 
2507 2411 2818 3099 2902 6408 8168 8423 5687 4793 1015 1123 4755 6293 7072 7815 5937 5692 5607 4800 5062 4476 3997 3247 2975 
