includes/gis/ASCII_5k/mod13q1_ndvi_2003_065.tif.txt
ncols         25
nrows         20
xllcorner     257482.3972
yllcorner     9670060.6647
cellsize      5000
NODATA_value  -9999
3685 2925 4279 4128 4251 3799 4649 2726 2762 3481 2505 4214 4214 4192 2372 2676 2890 3301 3629 3834 2865 3228 3427 3332 3014 
3550 3236 3789 3967 4219 3962 3296 2952 2199 2871 2662 3368 3761 2889 2266 2878 2882 3079 2997 3419 2891 3724 3586 4466 4252 
3698 4592 3821 2757 3795 3785 3465 2827 3166 3209 2457 2434 3099 3038 2672 2428 2506 2622 2775 2873 4342 4057 4338 4437 4220 
4784 5059 3273 3908 3316 3282 3579 3309 3242 3288 2908 2601 2770 2303 2265 2065 2474 2387 2330 5048 3969 3577 3950 2930 4059 
3526 4298 4149 3668 3744 4689 3186 3830 2624 2882 2981 2870 2703 3143 2451 2264 2720 2389 2118 4192 3070 4027 3028 3411 4117 
3634 4162 4091 4384 3544 3026 3000 3085 3525 3448 4988 2773 2470 2480 2090 2298 2503 2281 2526 4178 4975 3744 4408 4304 4590 
4068 3646 4797 4796 3081 2837 2715 3065 2669 2595 2505 2612 2705 2559 2381 2288 2304 2347 2215 2759 3146 5651 3701 3775 4108 
4397 2948 3782 4090 2815 3474 2436 3607 3053 2858 4107 2599 2962 2587 2086 2116 2144 1912 2608 2368 3493 5484 5608 5509 6246 
3114 3530 3358 3048 3254 2510 2724 2397 2840 3216 2915 2483 3249 2781 2133 2015 1777 1870 2286 2831 4930 4766 5648 7332 6747 
3826 2977 2925 2871 3214 3070 2733 2380 2371 3164 2344 2682 2628 2770 3012 1898 2109 1879 1807 2136 3923 4874 6830 7456 5415 
2906 4166 2995 2875 2638 2174 2141 1273 2034 2765 2326 2627 2674 2276 2686 1991 2124 2205 1815 2223 3097 5441 5752 6846 6288 
2904 2937 3107 2325 2875 2047 1908 2077 1120 2129 1986 2448 2357 2182 2536 1989 1864 2559 1731 1774 2364 6798 6336 5189 6734 
3687 3059 2821 2929 2427 2379 1411 3541 3089 1966 3415 1898 2234 1840 2491 2102 1888 1945 2131 1651 2742 4221 5131 8052 6078 
2478 1869 2273 2559 3310 1757 1327 2614 1711 6292 4874 1832 2351 2181 2566 2374 2513 2082 4224 1372 2666 2637 5180 4813 7377 
2600 2565 1576 1795 3463 2185 3888 2262 2071 2127 2327 2683 2163 2093 2008 6284 2069 2152 2284 3406 1484 1613 4826 3891 4721 
2438 1803 1929 1979 2246 2353 2698 3147 2858 2938 2694 3600 2577 2721 2838 2535 2520 2484 1869 2209 2542 2172 4574 3053 3528 
2105 2302 1569 3078 2572 3280 3442 3522 4418 4562 3933 4087 5082 3825 3267 2926 2819 2912 3169 1680 2141 2303 2311 2900 3956 
2714 2037 2911 2668 3164 3198 3472 3237 8078 8528 6391 4645 4780 4812 3377 3209 3328 2644 2673 3231 2508 2039 2319 2535 2656 
2785 2456 3430 2726 2692 3538 3131 8940 8746 8634 8632 8894 9032 7385 6596 4923 5025 3058 2716 3253 3534 2471 2005 2349 4036 
3368 2679 2967 3182 3139 3652 8501 8633 6069 5377 5614 5865 5927 7585 3279 7299 5002 4014 3412 4280 3397 3049 3153 2335 2641 
