includes/gis/ASCII_5k/mod13q1_ndvi_2017_161.tif.txt
ncols         25
nrows         20
xllcorner     257482.3972
yllcorner     9670060.6647
cellsize      5000
NODATA_value  -9999
2873 3406 3875 4595 4862 3327 3636 2220 1564 2771 3037 2926 4206 4377 2611 1826 2209 3986 3514 3490 1314 3702 3696 3477 3290 
2760 2210 2984 3712 4490 2852 3666 3175 2464 2665 2839 2981 3536 3483 2364 2453 4118 5069 3738 2609 3437 3889 2173 3412 2553 
3812 3881 3643 3497 4063 2931 3604 2402 3679 2071 2106 2217 2916 3198 2036 2288 2770 3440 3373 3166 5103 3774 3141 2965 2688 
3693 4920 4017 3929 3386 3100 4025 3682 2642 3052 2474 2738 3133 2243 2694 2322 2146 1884 2654 3967 3840 3903 3311 2533 3246 
3335 4032 3665 3499 3361 5012 3097 2476 2287 2772 2679 2661 2620 3510 2233 2180 3007 2351 1618 2702 3990 4867 2775 3748 3455 
3096 4524 2679 3584 3364 3218 2900 3054 2790 2560 3657 2887 2426 2495 2245 2559 3012 2643 3193 5320 5892 4073 2734 3179 4076 
3714 3749 5202 3596 3000 2756 3482 2640 2989 2424 2439 2357 2870 2600 2803 2827 3074 3423 4209 4633 1864 1677 3393 2586 4628 
2665 2920 3916 3824 2774 2826 3480 3766 2930 2213 5037 2806 2661 2959 2450 2628 2310 2390 2995 5492 6386 1830 5875 4492 4568 
2949 3762 3589 3180 3565 2708 3237 2826 2551 3269 2770 2133 2871 2543 1930 2247 1909 2334 2881 3833 6316 4540 5869 6891 5813 
3204 2549 3306 4009 3328 3317 3672 2445 2265 2479 2584 2113 2049 2034 2946 2346 1955 2286 1798 3076 4964 6438 5513 7363 5896 
2949 4042 3100 3214 2827 2618 1920 1348 2113 1838 2046 2448 1800 1892 2007 2368 3100 2247 1954 1865 3696 5991 6468 7268 7890 
2440 2846 2941 2296 2128 1996 1624 1531 1038 2013 2554 2066 2162 1450 2395 2051 1809 1967 1500 2181 2848 6970 6891 7040 7447 
2333 2316 2314 2855 2186 1905 1274 2776 2012 1437 2407 1282 2057 1950 2356 1945 2038 2761 1961 1766 4128 5323 5989 8231 6556 
1952 1652 2060 2160 3678 1591 1359 2336 1509 7467 3917 1588 2109 1862 1542 1811 2368 2416 2902 1773 3513 4165 5579 6007 6797 
2007 1776 1250 1602 3252 1922 2667 2582 2059 2313 1830 2376 2300 1875 2270 6221 1940 2128 2220 3615 1657 1987 6018 6399 7589 
1926 1352 1523 1878 2014 2698 3460 3552 2946 2581 2218 3426 2401 3209 2203 2323 2605 2556 1843 2441 2950 2749 5374 4755 6432 
2034 2097 1268 1358 2342 4113 4744 4175 4058 1626 3215 2998 2934 3473 2689 2545 1976 3247 2341 1641 3590 2561 3401 4336 4511 
2909 1263 1982 2511 2005 4395 4044 3940 6660 2459 7133 5974 4318 4171 2128 2304 2657 2663 2272 4286 2848 2605 2893 3487 4964 
1352 1973 2327 2866 3038 4133 2985 4624 696 713 1079 4861 8986 8166 4907 4223 3317 3529 3304 3207 3089 2486 1656 3302 5388 
2402 2505 2850 3735 4208 5252 4721 2333 5618 4552 5261 3104 6494 7997 8621 6913 3914 4119 3041 3796 3435 3091 2866 2606 3382 
