includes/gis/ASCII_5k/mod13q1_ndvi_2008_353.tif.txt
ncols         25
nrows         20
xllcorner     257482.3972
yllcorner     9670060.6647
cellsize      5000
NODATA_value  -9999
3256 3064 3882 2809 3444 2536 3639 2372 2965 3335 3365 5279 4516 4500 2476 2948 2526 3682 3981 4886 3600 5041 3621 3824 3324 
3581 2568 2966 3471 4086 3070 3946 3020 2624 3144 3378 3784 4009 3211 2411 3133 4112 3558 3137 3766 3579 4491 806 5152 5376 
3174 4177 3430 2696 3506 3429 3212 2557 3490 2846 2529 2542 3600 3481 2604 2522 2895 3064 1995 3526 5186 4451 3900 3752 3823 
4280 6110 3410 3387 2684 3192 3356 3394 3388 4114 3076 2874 3339 2249 2433 2046 2657 2699 2641 3319 3719 3276 3651 2865 4889 
3792 4282 3655 3189 3368 4883 3538 3179 3121 4310 3392 3618 3034 3366 1909 2192 3322 2829 2532 5448 4008 3845 2777 3629 3963 
2902 3924 3465 3350 3789 3808 2423 2889 2993 3072 4712 4118 2915 2896 2226 2477 2564 2115 2547 4643 5383 4319 3405 4026 4059 
3561 3811 3669 3514 3263 2918 3010 2606 2818 2962 2890 2808 2905 3020 3159 2349 2325 2592 2497 3557 3989 6393 3625 3855 4284 
4259 2888 3015 4344 3357 3024 2882 3113 2496 2683 3697 3057 2604 2736 2080 2185 1874 1873 2152 2685 4647 6408 6388 5699 6908 
3068 3382 3248 3502 3903 2303 2511 2178 2282 2751 2643 2721 3251 2972 2734 2271 1646 2191 3040 3362 5969 5750 5835 7628 7337 
4090 2641 2867 2886 2705 2781 2578 1974 1991 2343 2135 2728 2909 2693 2321 1931 2407 2146 1925 3105 5217 5930 6156 7558 7053 
3311 3230 2414 2840 2762 2689 1942 1223 2011 1889 2039 2556 2328 2541 2373 2186 2666 2275 2046 2623 3465 6380 6221 6071 7950 
2700 2444 2336 2068 2860 1567 1627 1309 955 1802 2257 2214 2166 2315 2426 1886 2021 2605 1825 2123 3405 7165 7206 6972 7863 
2833 2288 1801 2724 1879 1510 1316 2933 2115 1600 3003 1216 1947 2004 2854 2423 2151 2483 1755 1743 4809 5724 6577 8413 7747 
2173 1783 2414 2035 3202 1601 1366 2404 1557 6539 3564 1625 2296 1928 2050 1920 3316 2817 4902 1398 3811 3771 6766 6194 7836 
2733 1894 1317 1486 3168 2028 2791 1980 1712 1821 1978 2356 2444 2682 2304 6845 2205 2294 2599 4050 1987 1931 5901 5395 6505 
2247 1631 1491 1429 1765 2000 2642 2316 2353 2218 2161 2892 2631 3337 2765 2612 2882 3012 2688 3129 3399 2752 4990 4100 5047 
2285 1581 1380 2572 2370 3046 3635 2836 2791 2952 2914 3671 4087 3408 3263 3110 2987 4817 4146 2302 4103 2779 2737 3726 4806 
2344 1938 2225 2480 3094 3746 3293 6189 6493 7102 4597 2878 3098 4494 3111 2799 3531 3671 3709 5114 3459 2600 2615 2572 3906 
1998 2261 3230 4363 4366 4775 4736 8389 8757 8376 8303 8400 8383 7823 6098 5460 4615 3996 4770 5587 5209 2673 2071 3087 4627 
2495 2450 2566 3269 3053 6079 8087 8298 5908 5839 5908 5964 6290 7365 7235 8027 5781 5081 4714 5804 5228 3370 3605 2262 2923 
