includes/gis/ASCII_5k/mod13q1_ndvi_2009_017.tif.txt
ncols         25
nrows         20
xllcorner     257482.3972
yllcorner     9670060.6647
cellsize      5000
NODATA_value  -9999
2943 2624 3684 3370 4292 2758 3044 1625 2525 3025 2512 4896 4775 2714 2871 3298 3230 3871 3710 3937 3408 3734 2874 3279 2498 
2990 3177 2923 3439 3803 2945 3353 2671 2355 2217 2908 3772 3982 3342 2551 3314 3441 3593 3453 4230 2836 4078 3857 4193 2620 
2997 5600 3346 2591 3279 3138 3021 2354 2986 2397 2296 2705 3063 2991 2381 2917 3245 3291 4627 3618 5174 3822 3666 3029 4157 
3710 5820 3156 3098 2741 2936 2941 2854 2845 3349 2363 2688 3070 2111 2985 2945 3721 3329 2337 5681 3087 2690 3614 2567 4643 
3436 3791 3411 3049 3208 3525 2947 2468 2380 3204 3286 3140 3006 2917 2322 2945 3535 2886 2237 4776 3250 2844 2474 2048 3739 
2700 3543 2940 3175 3510 3685 2410 2365 2464 2756 3303 3036 3072 2854 2385 2408 2289 1806 2352 4262 4820 4844 2548 3781 3275 
2896 3308 3212 3276 2749 2594 2347 2699 2309 2398 2572 2329 3167 2951 2638 2561 2057 1269 2341 3104 3427 6290 3458 3439 4774 
3149 2395 2614 3681 2688 2252 2561 2487 2478 2367 3146 2793 2675 2311 1990 2074 1834 807 1979 3135 4907 5745 6204 5742 5828 
2700 3007 2919 2961 3326 2174 2461 2049 2198 2338 2232 2575 2714 2538 2191 1954 1694 2131 1025 2346 2765 5035 5514 5194 5182 
3030 2312 2934 2901 2247 2723 2199 2013 1871 1959 2141 2334 2052 2184 2086 1773 2297 2040 1865 2136 5110 5318 8890 7631 7319 
2866 2899 2323 2714 2245 2165 1660 1137 1651 1494 1945 1956 2163 2373 2034 1858 2343 2234 2162 2331 3087 4605 6021 1924 8218 
2401 2004 2295 1857 2330 1570 1608 1459 1037 1794 1856 1810 1613 2229 2247 1890 2008 2378 1727 1823 2662 7533 7756 4598 6513 
2518 2116 1716 2601 2032 1498 1347 2471 1848 1519 2108 1072 1722 1856 2370 2143 1936 2262 1629 1554 3944 5193 5585 3822 2237 
2055 1785 2249 2034 2574 1720 1399 2189 1513 6088 2989 1685 1969 1876 1631 1775 2290 2089 3859 1251 3158 4416 5991 5855 2813 
2520 1856 1317 1597 3106 2014 2684 1614 1487 1622 1750 1979 2244 1915 2282 5194 1853 2161 1833 2701 1607 1596 5144 4901 6406 
2105 1568 1377 1471 1646 1868 2290 2078 2081 2088 2058 2672 2111 2597 1552 2271 2924 2439 2065 2252 2478 2071 4409 2740 4740 
1847 1580 1311 2256 2135 2444 2937 2595 2606 2584 2694 3570 4116 3548 2594 2955 2554 4148 2852 1578 3066 1905 2136 3083 3162 
2016 1610 1890 2144 2516 2980 2701 3584 6438 6340 4004 2470 2304 3452 2711 2296 2914 2842 2936 4375 2471 1769 1895 2018 2758 
1747 1780 2377 2831 2568 3536 3432 8858 8240 8108 7904 8113 8849 7977 5653 4533 3664 3496 4319 4707 4051 2060 1522 2586 3580 
2152 2087 2361 2807 2499 5166 8368 8556 5161 4993 5147 5288 5668 6898 7579 8379 5660 4694 4711 5321 3927 2563 2644 1800 2249 
