includes/gis/ASCII_5k/mod13q1_ndvi_2002_225.tif.txt
ncols         25
nrows         20
xllcorner     257482.3972
yllcorner     9670060.6647
cellsize      5000
NODATA_value  -9999
3057 2043 4185 2495 621 729 3207 1705 736 2162 2445 3300 3933 3240 1065 1279 2234 2620 2045 3054 2794 2764 3119 2758 2880 
2964 3213 2211 2027 1016 2677 4091 1477 2335 1991 2318 3072 3437 2388 769 1055 2983 3136 2429 2985 2848 1020 1795 3250 3419 
3450 4019 1705 887 3245 3182 1702 2206 3384 2351 2161 2440 2098 2713 1432 468 1839 2439 2584 2495 1618 2274 2955 3560 3101 
3624 4826 2855 2665 1898 2746 1183 2751 1778 3181 2698 2842 2399 2157 2171 1810 1692 2173 2581 2181 3057 3452 919 3067 3486 
2409 1796 3504 2488 3213 3844 1491 1664 1305 2607 2443 619 2797 2986 2131 2166 2455 2246 2283 3424 2617 3330 2109 3016 3138 
1772 981 2285 3604 844 2338 1525 2274 2069 2850 3703 2959 1773 2376 2122 2344 2687 2138 2451 686 4815 2201 3155 3316 2979 
465 2053 1851 3469 1778 951 2763 2482 2155 2374 2468 2049 1479 1066 2190 2236 2243 2217 2205 3028 2780 582 2020 2488 3771 
3111 2262 752 3516 2734 2355 2682 2331 2311 2177 3206 2177 2634 2920 2202 2251 2094 2011 2196 2285 3685 294 3920 3660 3998 
3039 3672 4222 2553 3272 2309 2415 2258 1959 2068 2185 2266 1459 2446 2030 2020 1848 1950 2487 2309 5377 2770 3710 5394 5086 
1010 2899 3152 2224 2480 2299 1410 1965 2019 1934 1361 1890 1495 1925 2104 1998 2019 2046 1964 2147 3118 3648 5115 5423 4270 
2566 3347 2531 2989 695 1413 1302 1235 1603 1852 1851 2185 1775 2478 2100 1956 2086 1957 2050 2067 2466 4121 4865 5021 4609 
2430 2655 1739 2199 613 435 1341 1443 617 1898 1790 1772 1770 1910 2355 1816 1860 2185 1765 1924 2359 5243 4569 4669 5554 
2909 2261 636 1102 1878 487 954 2789 1932 1562 2233 876 1966 1839 1799 2261 1772 2053 2172 1736 2717 3068 3604 6917 4412 
2465 1355 1807 659 2671 675 1358 2203 1571 3583 2747 1780 1893 1656 1544 2282 2294 2103 3219 1501 2298 2538 3511 4145 4838 
2152 2000 1520 1129 1349 2460 2510 1606 1424 303 1946 706 1865 1868 1824 5834 1916 2150 2228 3254 1884 1970 3694 3443 4967 
2092 1637 1621 1793 951 1134 2333 2398 1414 2051 2237 1359 2331 2293 2123 1981 2418 2344 2021 2161 2331 1975 3968 2539 3810 
1941 1724 1415 1822 2062 471 1829 1290 766 1454 1736 1616 2891 2582 1557 2253 2519 2724 2514 1973 2183 2200 2460 2950 3861 
1873 1409 1713 1673 2084 221 617 419 1121 945 1666 1268 1890 2341 2417 2025 2166 2586 2584 2788 2407 2036 2262 2806 2241 
1625 1863 2283 2289 2168 953 686 770 3245 1217 782 653 2839 1785 2648 2648 2829 2477 2639 3314 2928 2215 1879 3181 3761 
1950 2214 2440 2529 2216 3130 2577 2369 5930 5114 5317 4740 2298 4903 875 5942 2799 3198 3081 3470 2833 2499 2618 2180 2517 
