includes/gis/ASCII_5k/mod13q1_ndvi_2003_033.tif.txt
ncols         25
nrows         20
xllcorner     257482.3972
yllcorner     9670060.6647
cellsize      5000
NODATA_value  -9999
6058 4807 5895 6308 5977 5988 5841 4725 3875 5276 3870 5287 6231 5278 3320 4150 4396 4291 5057 5150 3804 3943 4192 4004 3730 
4670 5143 5230 5464 5767 5341 4807 4494 3551 4423 4013 5037 5966 4047 3489 3979 3885 4024 3787 5213 3553 4522 4171 5274 5052 
4989 6758 4696 4074 4992 4855 4874 4117 3755 3976 4157 3274 3999 3842 3455 3413 3113 2989 3586 3655 5075 4821 5940 5359 4519 
6582 7787 3883 5080 4452 4333 4840 5124 4245 4215 3418 3920 3381 2852 3245 3155 3152 2910 3001 5545 4535 4702 4540 3364 4768 
5863 5572 4845 5365 4866 6135 4948 4932 3707 4151 4079 4003 3209 3763 3494 3465 4079 3278 2839 4996 3467 4640 3460 3713 4622 
5265 4902 4930 4996 4893 4212 3758 4319 4178 4194 7440 4274 3207 2837 2649 2838 3210 2879 2806 5026 6231 5011 5539 4987 5378 
5666 4851 5253 5448 5314 4401 4820 4096 3610 3961 3622 3981 3542 3017 2708 2753 2991 2820 3126 3939 3950 6537 5287 4481 4608 
6151 3845 4957 6189 3964 4592 3882 4948 4903 5451 6764 3894 3985 3710 2599 2608 2986 2872 3155 3486 4736 6129 6142 5855 5633 
4397 4376 4981 4029 5380 3784 5066 4212 5514 5131 4101 4090 4746 4133 2772 2449 2396 2409 2972 2850 5460 5182 5835 7683 6871 
5637 4406 3943 3799 4247 4384 4080 3173 3716 3683 3570 3800 4348 4587 3555 2721 2719 2220 2286 2684 3625 5264 7544 7421 7572 
3690 6098 4450 3801 3386 3015 2477 1667 2872 3747 3202 3236 3513 3105 3275 2536 3005 3451 2267 2474 3149 5514 6729 7452 7265 
3661 4326 4810 2868 3862 2445 2100 2915 1420 2855 2680 3177 2466 2568 3832 2594 2333 3822 2225 2255 3236 6429 6531 7385 7454 
4805 4426 3812 3490 3162 3799 1475 3353 4157 2306 3663 2156 2530 2420 3765 3016 2552 2722 2877 2061 3249 4743 5605 8447 7097 
2790 2288 2838 3189 5005 1966 1442 2667 2029 6157 5186 1874 2805 2803 3591 3224 3290 2376 5176 1758 3784 3437 5866 5709 7651 
3397 3862 1996 2358 3712 2799 5391 2743 2451 2535 2788 3218 2954 2879 2397 7333 2696 2931 2868 4202 2234 2241 5748 5143 6969 
3050 2214 2397 2584 2881 3479 4427 5270 3844 4354 3721 4698 3150 3467 3406 2789 3521 3164 2078 3117 2870 2962 5603 4155 6055 
2692 3196 2045 4176 3440 4931 4627 5087 5450 5525 5146 5208 6002 4843 4764 3333 3510 4318 2925 2949 2831 3219 3268 3766 4461 
3591 2648 3634 3323 4100 4686 4838 5111 7417 7822 7021 5016 5659 5902 4579 5226 3356 3714 2953 4249 3710 2613 3662 3331 3533 
3146 3246 3993 3884 3912 5085 3829 8676 8516 8628 8565 9004 8994 6949 6829 5726 6097 5121 4336 4229 3897 2988 2367 2992 4626 
3862 3246 3501 4154 4083 4383 8817 8663 6196 5509 5681 5969 6023 7510 5458 7317 6121 6189 6102 4641 4742 3867 3347 2893 2998 
