includes/gis/ASCII_5k/mod13q1_ndvi_2013_289.tif.txt
ncols         25
nrows         20
xllcorner     257482.3972
yllcorner     9670060.6647
cellsize      5000
NODATA_value  -9999
3000 2812 3411 3169 3378 2832 3302 2077 2275 2194 2112 2379 2932 2812 1677 1903 1984 2496 2441 2573 2257 2480 2178 2000 1977 
2505 2854 2706 2999 3037 2527 2697 2644 1906 2401 2016 2258 2849 2491 1955 2273 2379 2759 2492 2258 2294 2764 2078 2615 3750 
2939 3116 3001 2557 2852 2877 2648 2158 2475 2135 1998 2024 2624 2537 2204 1988 2073 2025 2335 2513 3892 2816 2480 2721 3082 
3379 3589 2872 2900 2550 2729 2879 2754 2322 2782 2242 2307 2508 1983 2083 2202 2249 1842 1988 4318 2478 2125 2618 2191 2844 
2847 2873 2820 2728 2796 3272 2745 2618 2417 2746 2679 2616 2654 2783 2141 2027 2335 2136 2074 5381 2661 2752 2093 2584 3753 
2546 3424 2747 2793 2624 2991 2636 2530 2561 2567 3361 2882 2233 2355 2000 2145 2322 2058 2263 4138 3689 2866 2131 2633 2357 
2802 3173 3364 3128 2504 2524 2932 2398 2168 2237 2292 2298 2430 2462 2217 2391 1989 2086 2337 2758 2636 4539 2503 2699 2854 
2578 2661 2852 2997 2472 2469 2364 2284 2329 2451 3192 2437 2398 2573 2161 2206 2158 1881 1850 2260 4920 5787 4949 3539 4118 
2565 2669 2716 2497 3070 2386 2113 2223 2123 2345 2105 2335 2580 2543 1973 2014 1770 2044 2248 2442 5306 4081 5088 5575 4810 
2906 2253 2646 2493 2154 2543 2367 2276 2350 2005 2064 2277 2380 2265 2092 1920 1899 2102 1869 2297 2582 3384 4931 5137 4151 
2581 2587 2012 2433 2173 2189 1823 1465 1960 1823 1709 2165 2127 2182 2065 1705 2111 1922 1845 1921 2387 4369 4640 5581 4215 
2000 2095 2064 1708 1897 1656 1563 1465 928 1718 1810 1731 1911 2004 2008 1731 1687 1911 1745 1912 2271 5343 3701 4339 6133 
2398 1869 1433 2029 2009 1729 1304 2502 1997 1459 2011 1175 1751 1829 1977 1834 1732 1946 1682 1516 2459 2905 3405 7836 5394 
2074 1669 1754 1836 2379 1466 1247 2059 1563 5604 3167 1571 1913 1657 1655 1811 2243 2028 3118 1214 2214 2299 3450 3001 6064 
2209 1723 1254 1674 2584 1962 2524 1682 1590 1661 1628 1605 1894 1962 2027 4775 1909 1809 1705 3081 1604 1536 4283 3055 4575 
1977 1501 1753 1586 1614 1694 2037 1832 1926 2057 1844 2161 1763 2245 1996 1940 2192 2096 1745 1753 2283 2334 4147 2521 2560 
1741 1906 1092 1653 1821 2309 2379 2116 2343 2246 2473 2572 2602 2694 2487 2295 2188 3770 2192 1618 2427 1991 2131 2785 3904 
1990 1296 1742 1791 2018 2206 2326 2209 6592 7307 4200 2155 2022 2594 1948 1986 2420 3156 3304 2932 2222 1756 1912 2326 2581 
1417 1448 1583 2168 1990 2452 3041 7576 6339 5399 7859 8388 8171 5210 2880 2317 2133 4029 4891 3016 2662 1900 1647 2099 3398 
1533 1551 2010 2291 2212 2674 6368 5299 2860 2484 1211 4542 1656 6280 7652 6440 2865 5092 3850 3857 2768 2666 2595 1865 2567 
