includes/gis/ASCII_5k/mod13q1_ndvi_2007_225.tif.txt
ncols         25
nrows         20
xllcorner     257482.3972
yllcorner     9670060.6647
cellsize      5000
NODATA_value  -9999
2934 2760 4032 3761 4895 4539 4939 2617 2591 2688 2084 3077 3867 3491 2789 2583 2496 2888 3333 2161 2714 2857 2900 2425 2469 
2922 2655 2733 3588 5259 4144 3925 3672 2686 2648 2574 2867 3677 3337 3165 3018 3154 3019 2984 2930 2786 3328 3047 3394 4280 
3264 4364 3346 2884 3682 4642 4488 3690 3203 2652 2537 2531 2905 3477 2976 2672 2377 2236 3095 3058 3923 3557 3365 3465 3279 
3644 5070 3976 3586 2827 3303 4076 3418 3271 3520 2450 2674 3038 2759 2517 2925 3048 2922 2443 4428 3268 3068 3397 2924 3485 
2893 3390 3195 3405 3164 3939 2625 3177 2500 2900 2941 2858 3108 3126 2304 2327 2749 2559 2430 4003 2954 3660 2755 3098 3083 
2659 3010 3076 3107 3452 3221 2284 2516 2776 2360 3393 2794 2211 2352 2149 2383 2668 2009 2526 3842 4189 3636 3504 3243 3269 
2781 3192 3265 3392 2770 2572 2744 2438 2725 2301 2258 2680 2633 2817 2632 2562 2469 2363 2245 3194 3040 5511 3077 2985 3163 
2896 2726 2860 3447 3015 2437 2418 2633 2609 2398 3118 2853 2644 2514 2221 2429 2386 1972 2033 2441 3731 5046 4322 3869 4366 
2812 2934 3318 2791 3472 2259 2271 2163 2482 2210 2324 2294 2708 2393 2072 1967 1831 2424 2315 2450 4891 4179 4992 5547 3875 
3527 2730 2836 2679 2460 3385 2189 2045 2056 2083 2139 2280 2436 2412 2258 1961 2167 1931 2096 2191 3232 3858 5560 5314 4369 
2993 2864 2327 2405 2420 2499 1896 1291 1835 1763 1826 2411 2223 2388 2193 1899 2255 2082 1919 2178 2582 4359 3782 4541 4589 
2516 2479 2696 1959 2149 1843 1684 1515 1087 1757 1936 2015 2111 2173 2317 2034 1863 2106 1956 1930 2294 5957 3871 3464 4965 
2845 2442 2217 2342 2057 1870 1250 2505 2041 1533 2250 1208 2006 2188 2476 2279 2221 2051 1924 2104 2764 3216 3577 6975 4026 
2879 2364 2172 2077 2345 1756 1260 2232 1649 5562 2853 1633 2064 1903 1772 2510 2423 2044 3095 1491 2423 2590 4264 3614 5754 
2411 2120 1618 1767 3417 2228 3069 2032 1773 2148 2210 2087 2166 2283 2086 5056 2116 1909 1945 2503 1838 1665 4929 3157 4738 
2214 1522 1572 1693 1718 2033 2399 2495 2226 2579 2448 2789 2431 2364 2402 2052 2261 2080 1962 2203 2488 2306 4607 2924 2590 
1834 1757 1462 2207 2059 2507 2634 2680 2834 2738 3184 3134 3458 3429 2985 2439 2205 2605 2448 1806 2462 2121 2227 3023 4012 
1998 1771 1986 2206 2373 3027 3487 3701 6717 7303 5319 3034 2905 3778 2990 2234 2621 2330 2475 2998 2192 1864 2009 2299 2755 
1638 1745 1985 2315 2263 3207 4001 8669 8139 7199 8003 8029 7918 6722 3341 2368 2508 2343 2334 2950 2905 1930 1856 2514 3179 
1856 1904 2277 2542 2359 3816 8075 8470 5276 4750 4031 5752 6054 7197 6494 6387 3578 3471 2878 2893 2904 2399 2531 1907 2514 
