includes/gis/ASCII_5k/mod13q1_ndvi_2007_081.tif.txt
ncols         25
nrows         20
xllcorner     257482.3972
yllcorner     9670060.6647
cellsize      5000
NODATA_value  -9999
5230 4850 4856 4388 5621 5590 3360 3424 2630 2326 5709 5847 6355 5637 2170 4612 6815 5740 7059 6333 2089 6068 4949 4028 4959 
4826 5498 5389 6389 5269 5716 3722 3585 2397 4489 3893 3240 3557 1720 5677 5785 6210 5056 4013 5790 5660 4415 4555 7146 7980 
5364 4368 5070 6631 4811 4921 5541 3237 3815 3971 3900 3515 3740 2866 5090 4869 6823 4490 7070 5625 6577 4956 6127 6298 5614 
5424 6767 5469 4120 5875 6249 2216 4323 3744 2156 4043 6169 5559 4283 4431 4401 5749 5819 2493 6740 7389 6159 5396 5179 6504 
3934 2230 4196 4193 4884 6779 3992 2970 2221 3166 3822 3809 4732 5612 4608 4654 4528 4372 2779 4135 5856 5694 2987 5628 6273 
3977 4650 4997 2190 4511 4125 2936 2022 5171 4186 4280 3850 3630 3408 3197 3705 3989 2220 4105 6114 3905 2605 6260 4735 6517 
2201 2922 5305 3447 2479 3855 3937 3536 3902 4381 3549 4604 3955 4170 4149 3416 3591 3721 2713 4224 4954 7066 6379 5709 4938 
3350 2504 3737 5012 4062 4436 3665 3661 2785 4877 5961 6705 4978 3062 2733 3069 3346 3241 2332 3208 2784 6139 6866 6803 8518 
5182 4161 5303 4742 4583 3087 3380 3424 3199 3582 2932 3582 3980 4324 2693 2411 2490 3714 3677 5255 5061 5225 6079 7804 3507 
5229 4057 3457 4489 2478 3529 3321 1917 2119 4338 2676 3300 4056 3412 3341 2623 2697 2889 3056 3205 4226 4851 2306 8014 8016 
4096 4457 3245 3638 3424 3138 2839 1441 2515 1661 1921 4579 3172 2972 2780 2738 3237 1779 3157 3592 3811 6195 5081 4799 5612 
3823 3721 4779 3074 3453 2372 1130 1922 1195 2449 3117 2874 3688 2812 3064 2984 2517 3297 2781 3182 3887 7204 4400 4469 5107 
4586 5069 4630 4437 3317 2600 1505 3456 2898 2145 5740 2023 3037 3228 3276 2982 2504 2808 2803 2733 3974 5404 4881 1230 7233 
4910 3682 3358 3953 3823 2021 1612 2875 2144 7312 4632 2167 2527 3189 3391 3851 3516 3078 4762 1912 4585 3950 2674 5263 5910 
3458 2858 1941 2370 3951 2214 4993 3279 2662 3745 3192 4393 3298 3228 2603 6842 3275 2445 2437 4820 2566 2891 6240 3221 2956 
2905 2207 2297 2730 2775 2987 3769 4209 4931 5436 4388 5494 4683 5221 5583 5107 3292 2727 2770 2993 3459 3332 5796 4558 7923 
2726 2532 2454 3182 2592 4280 3722 4658 5753 5307 4865 6006 6284 5188 6508 4948 3373 3702 3567 3273 3167 3213 3007 4238 4123 
2913 2825 3073 1990 1783 3043 4097 1680 5582 8424 6076 4434 4798 6328 4844 4287 5863 4240 3913 4524 3111 2577 2739 2912 4206 
3001 2140 3817 2517 1109 2963 4902 3164 3537 8534 8322 8584 8750 7837 5482 4716 4769 5488 5611 5798 4199 2988 2519 5051 4908 
3677 3736 3864 3700 2357 1716 6878 5523 1861 2008 4920 5754 6239 7382 7756 7993 5096 6391 5939 5170 4101 3597 3905 2155 2548 
