includes/gis/ASCII_5k/mod13q1_ndvi_2015_065.tif.txt
ncols         25
nrows         20
xllcorner     257482.3972
yllcorner     9670060.6647
cellsize      5000
NODATA_value  -9999
3398 3197 4024 3143 3587 3022 3591 2091 2789 2259 2020 2590 2787 2645 1308 1482 1903 2634 3303 4016 2427 2752 2563 2575 2315 
2819 3829 3023 3766 3153 2881 3763 2943 2454 2569 2124 2268 2551 2647 1751 2068 2449 3274 3087 2721 2619 3287 2782 2775 3348 
3239 3970 3419 2653 3405 2944 2569 2575 2399 1980 1891 1971 3078 3122 2186 1976 2154 2456 2811 3085 4866 3886 2942 2751 2862 
3708 4882 2869 2750 2298 2534 2689 3592 2434 2898 2059 2359 2663 2192 2577 2432 2621 2323 2888 5972 3148 2481 2796 2525 3179 
3207 3102 2948 2400 2742 3463 2865 3064 2272 2545 2439 3047 2641 3162 1998 2039 3932 2850 2162 5984 3433 3274 2637 2922 3011 
2450 3541 2612 2722 2675 3424 2816 2699 2459 2346 2872 2657 2359 2672 2196 2328 3187 2467 2834 5694 4760 3510 2346 2548 2501 
2514 3956 4125 2954 2286 2873 2797 2487 2055 2143 2139 2176 2704 3771 3278 2634 2928 3490 2608 4536 3138 5344 2378 2888 2950 
2514 2475 2996 3084 2346 2564 2754 2646 2190 2349 3436 2130 2781 2887 1973 2118 2337 2446 2353 3847 5094 5913 4950 3713 4749 
2796 3164 2424 2497 2916 2433 2406 2054 2002 2293 2648 2140 2528 2131 2020 1998 1744 2128 2892 3722 5081 4090 5562 6472 5384 
3167 2517 2624 2403 2364 2647 2084 2070 2018 1885 2064 2294 2160 2173 2024 1996 2190 1963 2191 3136 4559 4611 5538 6148 4855 
3005 3170 1984 2148 2219 2297 1645 1352 1791 1746 1824 2062 2093 2163 2035 1887 2284 2278 2575 2784 3345 5471 5786 6378 5359 
2490 2460 2163 1810 1709 1591 1650 1365 980 1756 1797 1594 1902 2089 1987 1825 1942 2561 1901 1798 3068 6289 5197 6370 6608 
3009 2914 1947 2258 1801 1661 1370 2709 2068 1512 2519 1082 1613 1710 2021 1944 1881 2762 2255 1458 4375 4146 5103 8209 6446 
2408 1971 2262 1975 2245 1479 1258 2018 1455 5305 3781 1487 2002 1615 1695 2005 2683 2419 4025 1551 3601 3161 5481 4669 6211 
2551 1954 1490 1631 3045 1891 2445 1699 1626 1623 1745 1783 2021 1982 3150 5548 2146 1873 2506 2765 1607 1657 4989 3753 5344 
2314 1525 2016 1521 1873 1865 2037 2470 2108 2136 1879 2220 2333 2768 2280 2654 2271 2188 2007 2067 2333 2139 4870 3380 3968 
2410 2107 1324 2285 2158 2984 2951 2463 2775 2787 2982 3294 3517 2682 2792 2836 1968 2697 2148 1565 3250 2085 3026 3865 4442 
3345 1758 2169 2358 2782 3116 2942 3606 7636 7717 4128 2886 2952 2952 2744 2520 2672 2323 2038 2933 2142 1885 2165 2497 3940 
1717 2065 2516 3364 3280 3006 3885 8743 8348 8356 8386 8925 8994 6962 5019 3600 2966 3033 2473 2789 2864 2276 1956 2292 4832 
2398 2451 2720 2949 2574 3854 7333 8283 5390 4538 4845 5513 6232 7783 8681 7483 3690 3812 2629 3076 3023 2679 2981 1704 2841 
