includes/gis/ASCII_5k/mod13q1_ndvi_2001_193.tif.txt
ncols         25
nrows         20
xllcorner     257482.3972
yllcorner     9670060.6647
cellsize      5000
NODATA_value  -9999
3549 3163 3941 2434 1993 3393 1276 810 2953 2936 2774 4068 4794 4682 2775 3754 3246 3661 4099 3805 3644 3623 3755 3944 3498 
3640 3665 3103 3843 4558 3267 3193 2842 1062 3035 2679 3586 3815 2874 2863 3251 3373 3692 3804 4213 3937 3838 3647 4119 4046 
4247 4694 3904 3051 3626 3477 3427 2778 3789 2633 2860 2701 2915 3234 2854 3364 3302 2947 3381 3573 4424 3830 3839 4091 3447 
4530 5430 3429 3358 3321 3356 3184 2842 2810 3738 2992 2846 3656 3214 2531 2597 2617 2597 2761 4567 3516 3313 3743 3407 3556 
3904 4248 3716 3732 3824 4544 3161 2899 2680 2986 3530 3100 3170 3388 2533 2559 3007 2623 2693 4126 3214 3837 3570 3190 3521 
3272 3888 4384 3829 4272 3748 3102 2886 2762 2899 3967 3407 2722 2681 2372 2292 2908 2588 2862 3759 4371 3442 3844 3632 3499 
4066 4017 3944 4417 3774 3145 2963 2605 2334 2573 2602 2917 3224 2857 2310 2258 2415 2545 2618 3630 3259 5645 3750 3788 3698 
3760 3442 3299 4364 3411 2805 2744 2711 2851 2592 3703 3150 2797 2561 2227 2565 2286 2077 2400 3086 4452 5119 4753 4201 3512 
3335 3322 3625 3672 4018 2970 2886 2739 2775 2655 2551 2611 3154 2479 2260 2132 1844 2205 2423 2676 5319 4818 5306 5841 3543 
3636 3177 3090 3208 3146 3299 2600 2336 2277 1555 2552 2733 2574 2384 2575 2008 1993 1855 2086 2328 3209 4729 6391 6280 4608 
3310 3876 2844 2871 2832 2801 2261 1450 2440 2368 1777 2748 2790 2702 2429 2104 1998 2029 2272 2359 2580 4942 5756 6193 5761 
3264 3259 3356 2703 2378 2092 1894 1959 1337 2138 1685 2339 2014 2564 2702 2187 2113 2173 2201 2214 2768 5528 5878 5949 5849 
3827 2920 2674 2771 2534 2228 1273 4677 2439 2055 3057 1774 2191 2450 2253 1672 2157 2350 2329 1981 3461 3636 4960 7248 6292 
2694 2698 2245 2245 2481 1730 1474 2445 1931 5130 4140 1892 2546 2060 2133 2068 2602 2518 5223 1865 2723 2532 4676 5143 6621 
2713 2372 1749 2131 3564 2267 3050 2215 2151 2077 1477 2018 2076 2692 2412 4970 2620 2210 2227 3553 2017 2013 4976 5157 6397 
2254 1728 1618 1895 2065 2209 2433 2703 2600 2424 2805 3072 2515 2781 2645 2388 2818 2539 2313 2016 2765 2936 5167 4048 5925 
2000 1845 1662 2295 2496 3195 4198 3951 4361 3778 3191 3278 3289 3248 3228 3201 2807 3115 2636 2210 3081 2973 3273 3551 4576 
2068 1593 1965 2245 3027 3489 5174 5198 7884 7833 6598 5017 4079 4257 3383 2810 2937 3224 3092 3182 3219 2476 2892 3004 3285 
2204 2226 2435 2279 2920 5617 7225 8582 6814 2395 3078 6157 8962 6339 4205 3740 3495 3120 3404 4196 2853 2705 2341 3401 4150 
2814 2539 2808 2133 2898 5615 8102 8600 5884 5005 5116 5382 6264 7488 6782 4613 3998 3885 4131 3372 3579 3106 3021 2784 2936 
