includes/gis/ASCII_5k/mod13q1_ndvi_2005_049.tif.txt
ncols         25
nrows         20
xllcorner     257482.3972
yllcorner     9670060.6647
cellsize      5000
NODATA_value  -9999
3084 3402 4396 3025 3643 3046 3768 2087 2839 2355 2512 3457 3074 3080 1525 1943 1910 3012 3339 3083 2818 2838 2625 2598 2344 
2769 3654 3231 3213 3400 2510 3046 2316 2289 2341 2547 2807 2886 2396 1923 2386 3450 3328 2881 2712 2376 3358 2569 3678 3816 
3015 5118 3518 2032 2630 2531 2490 1950 3074 2589 2109 2098 2650 2560 2198 2160 2133 2395 2609 2620 3918 3281 3392 3177 3616 
3349 5495 3002 2719 2314 2588 2781 2952 2400 3071 2254 2233 2112 1935 2534 1984 2684 2454 2289 5681 3432 2511 2901 2298 3529 
2842 3549 3452 2971 3528 3482 3235 2614 2526 2492 2346 2460 2589 2946 1894 2329 3693 2537 2513 5827 2993 3410 2037 2763 3015 
2984 4140 4360 3633 3382 3883 3064 2952 2876 2290 3276 2361 1983 2466 1957 2436 2797 2477 2734 5121 4649 3388 3729 3001 2924 
3645 3851 4575 4000 2772 3052 2575 2624 2451 2422 2353 2029 2541 2698 2873 2588 2737 2892 2586 3119 3425 5693 3042 3010 3525 
3297 3502 3029 4208 3304 2292 2346 2569 2390 2463 2631 2288 2887 2767 2352 2839 2063 1814 2308 2339 4062 5557 5145 4247 6409 
2677 3414 3085 2650 3432 2178 2354 2079 2321 2374 1960 2021 2697 2787 1777 2107 2004 1842 2626 2815 5088 5286 5257 7029 6434 
3267 2354 2753 2398 2369 2403 2130 1795 1975 2290 1961 2130 2107 2269 2426 2077 2438 2015 2051 2843 3912 4483 6328 6597 5756 
3028 3052 2317 2560 2124 2009 2216 1185 1875 1922 1929 2002 2041 2412 2459 2128 2464 1874 1973 2629 2775 5253 5547 6641 6688 
2753 2325 2678 1765 1926 1597 1485 1275 827 2549 2072 1950 1749 2266 2548 1872 1885 2065 1628 2222 2771 6549 5166 6316 6538 
3515 2474 1831 2535 1910 1677 1166 2881 2010 1566 2404 997 1733 1794 2521 1847 1847 1991 1962 1569 3334 3361 4546 8264 6176 
2110 1740 1917 2336 2007 1480 1217 2320 1419 6180 3160 1504 1977 1653 1773 1777 2269 1713 3261 1130 2711 2460 4557 4668 6999 
1996 2049 1384 1763 2873 2208 2649 1932 1464 1699 1768 1572 2182 2149 2085 5143 1849 1793 1985 3065 1534 1531 4865 4394 5697 
1858 1518 1771 1581 1817 1712 1842 1871 1717 1928 2022 2879 1936 2363 1961 2164 2263 2023 1826 1972 2290 2094 4811 3191 4168 
1574 1577 1284 2039 2062 2298 2156 2240 2483 2191 2998 3164 3508 3261 2552 2705 2105 2757 2516 1608 1956 2178 2055 2964 4174 
1955 1582 1852 2234 2940 2827 2683 3667 7448 7752 3764 3729 2838 3581 2872 2264 3227 2324 2394 2855 2062 1994 2086 2437 3594 
2102 2268 2416 2234 2154 2724 2627 8418 8278 8124 8181 8485 8596 7428 6388 4069 3267 2877 3020 3126 3481 2355 2101 2844 4117 
2129 2323 2687 2696 2450 2423 7175 8020 5095 4753 4917 5638 4599 6872 5979 7001 4351 4161 3529 3236 3847 2722 2580 2247 2608 
