includes/gis/ASCII_5k/mod13q1_ndvi_2006_305.tif.txt
ncols         25
nrows         20
xllcorner     257482.3972
yllcorner     9670060.6647
cellsize      5000
NODATA_value  -9999
4024 3608 4320 2441 3085 2260 5199 4070 3351 3076 1133 4842 5003 4902 3986 4076 2200 3058 3515 3206 2538 2679 2571 2378 3352 
3959 3408 3159 2036 3236 4791 2177 2631 2769 2858 4497 4155 5554 3911 4425 3580 4175 2812 4787 2510 2693 2978 2333 4256 4537 
4132 4685 4537 2295 4065 4134 3921 2758 4500 3317 3669 3110 4765 5517 3995 3509 2772 2579 2910 2482 4743 5433 4777 3938 3742 
3719 6608 3547 -9999 2599 5077 5725 5355 3810 3460 3125 3336 4791 3019 2371 2216 2360 1937 1947 4565 2778 2410 3163 2230 3365 
3026 4862 1607 2494 2497 3165 3067 2317 2606 2732 2660 3191 3336 4299 2067 2052 2498 2422 2062 4315 3003 3796 2115 2360 2700 
2351 3705 2946 1686 2735 5425 1359 1625 2434 2442 3282 2689 2215 2375 2048 2200 2460 2006 2312 4333 4130 3596 6201 2676 3195 
2546 2158 1421 1696 2038 1663 856 1214 2102 2184 2357 2159 2833 2640 2390 2309 2499 2248 2685 3197 2623 5044 2366 2669 3873 
1376 1276 2888 2898 2793 2518 1901 2745 2513 1941 3223 2855 2799 2796 2036 2494 2037 1906 2695 2694 4316 5656 4575 5776 3894 
1401 1214 1967 3857 -9999 2383 2416 2152 2417 2188 2917 1781 2508 2279 2068 1870 1641 1858 2491 4163 5859 3811 5136 5696 3532 
2300 4269 2188 3674 2782 1950 2414 2038 2766 3352 1508 2299 2225 2175 2040 1936 2041 2090 2429 2503 5548 4196 5846 6140 3629 
5364 3679 2493 2525 831 1818 1880 1175 1957 1689 1620 2096 2099 2064 2665 1992 3323 3171 1505 3178 1888 6144 3628 5747 5812 
2602 3409 3801 2295 2358 1522 1584 1280 1063 975 1693 1786 1459 2122 2326 2039 3028 3121 2720 2475 4003 5753 2706 1825 4046 
3441 3002 4173 3186 1899 1772 1382 2913 1950 1691 1908 1107 1882 1972 2114 2098 1928 2217 1843 1651 4500 5913 6009 7749 3226 
2880 2577 2539 1991 2552 1668 1265 2331 1610 4996 2510 1855 2335 1834 3122 4206 2497 2028 3136 1362 4994 4512 7217 3366 4124 
2180 2130 1642 1652 3155 2397 2547 1718 1844 1688 1561 2102 2328 2908 2381 7389 2385 1774 2265 3402 1940 3881 5284 5095 6533 
2105 1596 1526 1608 1735 2841 2063 2405 2045 2451 2509 3249 2144 2358 2254 2266 2827 2760 2921 3591 4778 3151 4852 5515 5281 
1939 1702 1301 1430 2047 2682 3040 2413 2076 2445 4255 2800 3987 3259 2336 2712 2277 4381 4652 2484 4697 3774 3870 4986 5703 
2083 2046 2125 2598 4193 4701 3777 1978 6675 7077 3217 2152 2264 2586 2180 1897 2746 2726 2015 5006 3251 2872 3816 4268 6545 
2356 3493 2873 2836 2258 1560 1854 1261 5303 7464 7879 8366 8476 5875 3377 2261 2517 3283 2112 3815 5632 2498 3426 3138 6022 
1693 3388 2726 1024 461 1275 3364 4482 2555 397 4318 5397 4678 6793 4915 6775 3049 3130 2921 3711 4706 4743 4950 2819 3303 
