includes/gis/ASCII_5k/mod13q1_ndvi_2009_001.tif.txt
ncols         25
nrows         20
xllcorner     257482.3972
yllcorner     9670060.6647
cellsize      5000
NODATA_value  -9999
2697 2560 3201 2798 3074 2268 3048 1992 2266 2255 2523 4227 4047 3438 2102 2273 2090 3024 3603 3676 2975 3030 3308 2936 2695 
2724 2688 2447 3105 3324 2619 3281 2432 1953 2472 2579 3106 3108 2691 2062 2660 3041 3089 3114 2910 2951 3604 3450 3846 4170 
2687 3341 2819 2309 2868 2782 2679 2069 2770 2280 2114 2249 2638 2806 2298 2269 2571 2473 3107 2825 4473 3440 3270 3027 3478 
3356 4622 2875 2965 2429 2840 2680 2768 2716 3307 2473 2443 2725 2042 2183 2119 2460 2207 2344 4909 2798 2631 2930 2498 3789 
3019 3350 2946 2809 2991 3761 2650 2478 2456 2924 2851 2834 2640 3014 1915 2140 2670 2370 2224 4710 3026 2949 2534 2937 3547 
2391 3238 3026 2784 3204 3051 2464 2433 2422 2591 3481 2956 2318 2373 1966 2086 2415 1944 2250 3595 4080 3607 2657 3313 3186 
2802 3090 3439 3052 2698 2644 2582 2276 2345 2333 2356 2299 2563 2638 2449 2215 2088 2259 2192 2918 3198 5402 2849 3118 3687 
3135 2410 2552 3332 2934 2554 2431 2461 2144 2129 2753 2432 2358 2357 1961 2058 1996 1869 1755 2317 3862 5634 5263 4284 5054 
2981 2829 2753 2774 3023 2147 2232 2013 2413 2378 2406 2249 2675 2471 2186 2046 1658 2033 2786 2693 5342 4691 5029 6777 5975 
3656 2260 2604 2641 2508 2377 2260 1769 1742 1994 1891 2295 2395 2144 2052 1909 2115 1966 2030 2611 4299 5239 6283 7193 6048 
3127 2796 2167 2422 2407 2298 1721 1101 1804 1684 1784 2128 2158 2135 2146 2005 2342 2114 1696 2187 2839 5124 6116 7109 7494 
2326 2299 2195 1900 2201 1523 1485 1237 937 1677 1864 1944 1878 2066 2076 1768 1953 2197 1707 1930 2801 6896 6395 7095 6701 
2406 1996 1748 2572 1810 1430 1327 2646 1892 1417 2099 1121 1813 1742 2288 2135 1868 2131 1586 1515 3964 4758 5527 8184 6410 
1966 1686 2067 1970 2527 1573 1277 2170 1367 6430 2334 1419 2017 1720 1806 1623 2532 2196 3900 1274 3060 3158 5745 5443 6837 
2263 1752 1254 1404 3032 1981 2568 1775 1641 1638 1848 2055 2253 2289 2106 5270 1983 1923 2080 3612 1656 1730 5352 4505 5698 
2004 1442 1420 1392 1638 1812 2234 1968 2079 2052 2020 2528 2235 2738 2298 2186 2513 2473 2038 2481 2770 2315 4619 2969 4208 
1821 1509 1272 2109 1935 2431 2963 2495 2444 2642 2518 3071 3600 2955 2449 2544 2117 3984 3042 1674 2998 2124 2283 2940 4267 
1948 1550 1866 2132 2459 2772 2494 4045 6480 6679 3539 2299 2429 3421 2448 2272 2860 3043 2780 4284 2659 2038 2050 2189 3059 
1623 1698 2318 2890 2780 3872 3636 8594 8575 8379 7049 8279 8453 7944 5070 4171 3289 2852 3163 4583 3869 2072 1646 2547 3849 
2104 1980 2354 2680 2784 5618 8299 8710 5764 5068 5596 5433 5674 7383 7002 7973 5020 4370 3731 4722 4199 2707 2984 1896 2298 
