includes/gis/ASCII_5k/mod13q1_ndvi_2003_225.tif.txt
ncols         25
nrows         20
xllcorner     257482.3972
yllcorner     9670060.6647
cellsize      5000
NODATA_value  -9999
4543 3408 4542 5868 5279 4066 4335 2605 2702 2450 3001 4568 4203 3667 2355 2314 2357 2857 2905 2795 2588 2709 2828 2616 2829 
4376 4078 4270 4407 4910 3932 4299 3211 2616 3451 3261 3778 3895 3075 2292 2646 2637 3017 2678 2819 2674 3211 2792 3321 3507 
4448 5487 4878 3812 4519 4550 4218 3065 3214 3209 3467 3263 3270 2884 2302 2433 2330 2375 2641 2632 4098 3197 3234 3350 3351 
5161 6883 5410 4806 4349 4170 3739 2999 3112 2517 3317 3433 3155 2906 2546 2316 2582 2279 2242 4206 2510 2749 3087 2579 3555 
4106 5353 4724 4475 4526 4782 2262 2876 2915 3563 3363 3176 3207 4119 2620 2452 2645 2591 2260 3851 2832 3613 2739 2928 3700 
3592 4090 5251 4563 4456 3466 2810 2476 2727 2943 5285 2938 2546 2829 2489 2421 2529 2127 2586 3787 3890 3177 3386 3628 3760 
4411 4358 4923 5045 4036 3361 2766 2582 2613 1949 2664 2924 2746 2570 2381 2335 2274 2266 2359 3146 3154 4808 3678 3553 3526 
4012 3675 3944 4280 4294 3828 2919 3036 2356 2268 3122 2613 2648 2849 2222 2570 2352 1921 2208 2595 4095 5707 4473 3836 4165 
3399 3724 3981 3824 3987 3460 2926 2424 2380 2334 2415 2541 2997 2490 2077 2095 1863 1886 2399 2336 5075 4099 4893 5683 5138 
3433 3009 3411 3504 3295 3283 3115 2630 2315 2228 2162 2393 2345 2366 2261 1944 2147 1938 2140 2343 3304 4004 6126 5386 4081 
3309 4221 3023 3074 2911 2732 2232 1354 1912 2113 1897 2158 2337 2381 2381 1944 2068 2140 1967 2049 2383 4284 3981 5242 4663 
2896 3128 2679 2139 2436 2578 1947 1786 1323 1887 1799 1996 1942 2152 2329 1948 1931 2330 1855 1849 2373 5814 3809 3492 5049 
3292 2788 2559 2684 2274 2160 1212 3393 2164 1606 2223 1407 2030 1962 2201 2127 1987 2118 2105 1592 2773 3077 3859 7672 3647 
2530 2506 2338 2159 2647 1859 1453 2322 1655 4935 3139 1851 2166 1842 1845 1830 2267 1984 3289 1327 2489 2471 4247 4314 4763 
2576 2484 1736 1895 3607 2343 2908 2347 1981 1955 1631 1818 2239 2052 1963 5201 2020 1949 2259 2918 1961 1695 4597 3694 5095 
2455 2216 1856 2001 2153 2045 2472 2555 2166 2209 2147 2517 2050 2414 2315 2187 2409 2284 2021 2227 2425 2034 4642 3071 3926 
2279 2152 1495 2665 2499 3201 3391 3189 3862 2770 3139 2844 3255 2904 2456 2575 2291 2831 2340 1772 2305 2300 2708 3046 4224 
2311 1860 2443 3130 3297 3625 4563 4172 6533 7143 5401 4032 3016 3205 2467 2261 2320 2368 2329 3107 2295 1846 2379 2386 3411 
2199 2050 2553 2784 2734 3888 5502 8593 7294 8167 7970 8524 8303 6824 3417 3134 3185 2450 2447 3067 3035 2163 1948 2700 3908 
2142 2197 2654 2927 2877 4427 7909 8138 5026 4846 5636 6115 5476 6602 3912 5890 3453 3131 2623 2881 3115 2471 2550 2240 2374 
