includes/gis/ASCII_5k/mod13q1_ndvi_2007_209.tif.txt
ncols         25
nrows         20
xllcorner     257482.3972
yllcorner     9670060.6647
cellsize      5000
NODATA_value  -9999
3261 3088 3997 4087 4753 4130 4251 2724 2682 2763 2642 3459 4059 3885 2795 2826 2822 3413 3859 3512 2819 3035 2812 2556 2600 
3133 3482 2873 3901 4887 3680 3624 3347 2309 2895 2787 3101 3946 3212 3147 2883 3426 3457 3291 3424 2875 3282 2866 3425 2838 
3868 4182 3810 3219 3672 3588 3315 2651 3249 2655 2702 2886 3307 3603 3172 2727 3158 3007 3544 3686 4127 3366 3394 3578 3228 
3727 4648 3462 3648 3224 3510 2594 3125 3046 3637 2785 2962 3455 3062 2783 2911 2759 3111 2391 4459 3618 3181 3409 2852 3446 
3490 3940 3572 3456 3573 4318 2956 3050 2675 2987 3177 3153 2993 3399 2508 2652 2838 2751 2507 3742 3284 3596 1843 3100 3224 
3029 3467 3613 3402 3460 3723 2574 2888 3017 2798 3736 3059 2515 2565 2269 2390 2717 2217 2580 3728 4213 3732 3582 3433 3516 
3223 3463 3855 3703 3212 2958 2932 2894 2513 2576 2665 2751 2844 2864 2544 2682 2564 2334 2275 3497 3231 5111 3483 2979 3234 
3121 2898 3175 4260 3232 2249 2799 2867 2682 2661 2991 2974 2759 2578 2184 2483 2283 2014 2120 2273 4167 5221 4486 4034 4851 
3360 3128 3448 3200 4081 2612 2757 2540 2792 2747 2762 2577 2873 2620 2095 2066 1931 2367 2254 2582 5249 4743 5032 5383 5407 
3707 2898 3003 3167 2774 2926 2377 2098 1984 2181 2284 1951 2539 2623 2339 1937 2330 2126 2107 2053 3273 4095 5946 5761 4798 
3271 3115 2661 2846 2451 2549 1887 1244 1838 1753 1779 2415 2310 2690 2221 2097 2232 2304 2031 2494 2638 5031 4106 4977 5067 
2936 2688 2846 2315 2361 1829 1672 1477 1217 1819 1807 2184 2170 2153 2233 2102 1959 2279 2085 2071 2430 5762 4725 4024 5107 
3064 2599 2117 2451 2171 1772 1355 2710 2128 1657 2129 1531 2154 2376 2410 2455 2185 2133 2003 2196 2760 3351 3499 7820 4190 
2733 2343 2295 2315 2428 1684 1501 2275 1775 5281 2920 2036 2251 1909 1623 2676 2404 2015 3186 1411 2233 2602 3430 2415 5768 
2567 2039 1510 1891 3022 2141 3185 2186 1871 2350 2279 2394 2410 2489 1736 4627 2173 1699 1982 1586 1969 1932 4444 925 4267 
2174 1667 1704 1916 1941 2363 2533 2532 2553 2800 2484 2789 2675 2576 2803 2035 2353 2292 2104 2470 2593 2550 4467 3090 4198 
1940 1699 1461 2214 2295 2786 3100 3026 3213 3457 3279 3513 3711 3474 3176 3056 2302 2685 2481 1758 2829 2314 2542 3071 3877 
2013 1705 2123 2392 2769 3311 4098 5435 7075 7488 5304 3765 3506 4266 3099 2542 2872 2496 2624 3097 2354 2085 2119 2614 2897 
1445 1786 2110 2506 2242 3641 6733 8622 4541 6139 6477 7388 8175 6653 3625 2979 2837 2645 2587 3152 2986 2153 1833 2963 3610 
1944 2056 2481 2600 2730 3780 8539 7743 4349 5758 1972 2033 6046 3538 2403 6720 4056 3947 3221 2814 3148 2574 2742 2139 2493 
