includes/gis/ASCII_5k/mod13q1_ndvi_2012_241.tif.txt
ncols         25
nrows         20
xllcorner     257482.3972
yllcorner     9670060.6647
cellsize      5000
NODATA_value  -9999
3608 3084 3417 3522 3711 3305 1975 2156 1780 2688 2672 3081 2407 3118 1933 1845 1591 2267 2737 2880 2521 2254 2409 2309 2196 
3601 3455 2899 3612 3820 3391 3601 2882 2415 2631 2215 3283 2925 2417 2414 2359 2291 2962 2696 2584 2380 2828 2369 2913 3037 
3582 3715 3445 2599 3348 1300 2642 2732 1816 2849 2301 2461 2965 2653 2206 2047 2131 2053 2707 2665 3701 3019 2652 2686 2850 
3769 4288 2992 2698 2671 3233 3256 2956 2605 3292 2630 2444 2961 2169 1719 2036 1652 2123 2120 4261 2899 2413 2679 2352 2860 
3297 2979 2761 2957 3058 4002 3597 3474 2758 3021 2897 2771 2500 2837 2192 1927 2238 2282 2264 3598 3149 3132 2366 2525 3073 
2602 3247 3255 2736 3011 4220 3041 3187 2644 2817 3933 2597 2332 2153 1895 2077 2259 2005 2601 4212 3733 3314 2842 2876 2622 
3299 3479 3492 3292 2621 2850 3819 3363 2454 2339 2685 2585 2483 2561 2252 2513 2174 2330 2441 3031 2064 4924 2884 2648 2756 
2890 2951 3158 3224 2546 2743 3052 2846 2621 3093 3579 1123 2098 2834 2057 2201 2030 2032 2084 2561 4057 5595 4266 3751 3681 
2709 3119 3499 2862 3056 2700 2862 2675 2786 3186 2923 3131 2986 2225 1887 1833 1816 2200 2306 2288 5075 3789 5197 5750 4068 
3002 2602 2823 2644 2654 2448 2605 2534 2843 2434 2901 2504 2035 2249 2116 1981 1957 1863 1773 2236 2731 3942 4930 5391 3954 
2858 2722 2201 2444 2193 2326 2243 1626 2297 2056 2372 3099 2587 2692 1975 1820 2192 1961 1610 1813 2187 4574 3385 5110 4283 
2181 2192 2290 1828 2101 2009 1732 1717 1085 1875 1848 2100 2049 1965 2233 1786 1823 2027 1764 1851 2221 5097 4005 3227 5176 
2522 2091 1807 1968 1954 2001 1373 2412 2219 1703 2138 1505 1917 1855 2206 3008 1763 2008 1736 1696 2494 2769 3222 7454 4148 
2367 1869 1823 1873 2719 1625 1315 2310 1842 4834 3317 2052 2177 1910 2076 1879 2202 1860 3970 1299 2338 2007 3106 3234 4544 
2343 1968 1421 1745 2916 2147 2606 2121 1763 1952 1967 2059 2039 2234 1760 4709 1928 1750 1806 2653 1615 1751 4216 2667 4371 
2073 1581 1603 1508 1805 2208 2571 2242 2317 2550 2286 2521 2072 2498 2213 1874 2130 2289 1725 2004 2391 2017 4201 2074 2708 
1931 1977 1441 1930 1980 2568 2951 711 2011 1687 2342 596 1059 2479 2402 2343 1976 2761 2161 1571 2566 2163 1252 2849 4229 
2218 1441 1903 1983 2199 2781 2550 1187 569 613 760 1757 748 1089 2307 2136 2202 2179 1890 2946 2335 1905 2081 2412 2896 
1352 1638 1753 2165 2061 2458 3626 3350 4643 2107 4142 991 614 380 2565 2643 2199 2025 2219 2588 2927 1793 1713 2333 3982 
1863 1648 2109 2200 2008 2989 6366 2710 5297 5027 4877 5301 5583 7097 1498 6016 3072 3050 2005 1966 2628 2211 2413 1813 2639 
