includes/gis/ASCII_5k/mod13q1_ndvi_2014_097.tif.txt
ncols         25
nrows         20
xllcorner     257482.3972
yllcorner     9670060.6647
cellsize      5000
NODATA_value  -9999
6767 5606 6183 5684 6718 6434 7132 4745 5578 5886 5046 5663 6314 6448 4408 5436 4379 6258 6096 6799 5307 5397 5511 5202 4607 
5611 5529 5541 5720 6549 5770 6054 6249 4760 6357 5063 4933 5109 5606 3709 4529 4895 5170 5172 5434 5327 5596 5560 8366 7613 
4710 5891 6440 4994 6271 6239 5632 5757 6028 5548 4065 3639 5074 5602 4559 4897 4758 4124 4904 5352 7165 7345 6861 6256 6592 
4958 6866 5532 4940 4978 6185 6386 6629 5472 5206 4247 4099 5035 4001 4021 4392 5861 3916 3881 7300 5496 5127 6329 4785 6770 
3167 5338 5792 4901 4875 6747 6197 5772 4860 5013 4072 4384 4439 4953 3519 3779 4974 4293 4413 7190 6336 5802 4918 6399 6718 
3548 6108 5428 4658 4183 4028 4728 5446 5329 4473 5886 5018 3473 3704 2957 3624 3744 2950 4720 6095 7725 7021 5928 5904 5167 
3623 5495 6009 5529 3820 3937 3349 3616 4176 3324 3646 3724 4067 4791 4395 3475 3761 3771 4867 5631 5659 7596 5819 5633 6224 
3976 3928 4692 4955 3775 4667 3986 4223 3511 2980 5903 3590 3904 4330 2853 3887 3914 4130 4312 5952 7018 7363 8179 8062 8389 
5141 4330 4744 4351 4648 3153 3493 3873 4088 4166 4396 3961 4951 4609 3958 2979 3000 3361 3773 4649 6177 7149 6037 8135 8046 
4944 3663 3781 4143 4104 3301 3454 3864 3846 3649 3535 4325 5200 5493 5082 4238 3099 4417 3948 4124 5128 6839 7629 8157 8049 
4984 5513 4547 3728 3517 3357 2598 1515 4292 3476 2881 4640 4304 5893 5091 4445 4228 4670 3327 3290 3194 6996 7265 7821 7986 
3820 3952 3432 3595 3546 3637 2982 3192 1212 3126 4100 3466 4697 4996 5276 4924 4991 5532 5400 4052 4712 7581 7603 7729 7831 
4056 3195 2420 3758 3550 2990 1554 3329 4644 2819 4319 2609 4032 2845 3460 4584 4406 5227 4472 4177 5900 6373 7542 -9999 7714 
3404 2912 3975 2614 3902 2280 1577 4523 4384 7893 6084 2226 2893 2826 3215 5000 5844 5195 7386 2640 5904 5786 6860 4617 8067 
3858 3576 2433 3394 5166 2878 7017 4529 3575 5771 3321 4873 4159 4145 4244 8093 4632 4406 3996 6182 2019 2646 6549 3911 1743 
4665 2683 3814 2618 3714 4033 6126 5681 5322 5775 5729 6387 5553 5018 5442 4176 4978 4176 3137 3291 4405 4045 6456 5928 5565 
3172 4373 2724 5141 5094 5614 6383 6419 5457 5852 5460 6313 6616 6387 5053 5585 3349 4617 4464 2835 5407 5568 4715 4960 6461 
5803 3802 3789 4580 5553 6324 6120 4378 8348 5670 4480 5182 6432 6589 5263 5325 6480 4281 4270 5499 5115 4797 4426 3516 4662 
4167 5365 5254 5668 6559 6396 6193 6799 5499 953 1981 5624 3213 7873 7312 6301 6579 6554 5523 6067 6167 4712 3260 4530 7106 
4924 5305 5055 6160 6127 4495 8138 4283 4602 2875 440 4712 4861 7454 8643 8119 6649 7082 4819 6014 6029 4899 4421 3173 5082 
