includes/gis/ASCII_5k/mod13q1_ndvi_2004_065.tif.txt
ncols         25
nrows         20
xllcorner     257482.3972
yllcorner     9670060.6647
cellsize      5000
NODATA_value  -9999
3409 3615 4648 5092 4806 3947 4113 2170 2955 2616 3009 5146 5568 4822 3182 3356 3370 4526 5665 4088 3870 4357 4839 3436 3179 
2608 3579 3259 3738 4429 3567 3701 3116 2423 3911 3594 3814 4820 3885 3285 4189 3490 4406 3696 4099 4207 5317 4817 5077 4362 
3131 4309 3176 2985 4454 3786 3712 2606 2826 2640 2748 2645 3301 3893 3299 4355 4067 2878 3737 3998 5560 4762 5993 5126 4112 
3450 4698 2955 3446 3153 3668 3428 3161 2577 2993 2537 3488 3535 2831 2880 3695 4548 3126 3452 5908 3791 3423 5316 3628 5150 
3647 3594 3701 3499 4467 3404 3653 2736 2507 3002 2873 3004 3423 3477 2412 3308 3736 4044 3274 5528 3471 4788 3921 4427 5157 
3673 3926 4212 3757 4040 3804 2929 2496 2990 2802 4426 3061 2993 2714 2319 2770 3778 3078 3935 5466 5856 4800 5073 5143 5533 
4553 4051 3944 4257 3433 3064 2653 2578 2270 2441 2396 2848 2729 3161 3089 2836 3261 4012 3620 4379 4965 6601 5568 6074 5284 
3091 3496 3620 4144 3295 3457 3013 2717 2359 2237 3775 2464 3261 3461 2394 2697 3258 3380 3606 4438 5791 6109 6534 6886 7331 
3662 3354 3857 3354 4491 3046 2740 2234 2062 2337 2732 2979 3616 3021 2801 2669 2515 3387 4297 4409 5479 5956 5628 7018 6967 
4486 4444 2867 3305 3664 3698 2614 2452 2073 2383 2527 3089 2560 3078 3210 2620 3110 3880 3913 4300 5447 5820 6820 6364 7189 
3343 3113 2741 2910 2665 2526 2335 1234 2224 2104 1909 2593 2467 2810 2780 2850 3607 2830 3255 3332 4560 5622 6883 7123 6151 
1937 2950 3118 2351 2358 1762 2238 1682 1078 2032 1888 2691 3464 2941 3532 2758 2462 3080 2900 3293 4641 6681 6451 6945 5240 
3382 2688 2247 2738 1762 2635 1372 3485 2553 1744 3202 2024 3625 3014 3313 2842 2458 2714 2664 2875 5211 5323 5838 8119 6891 
2917 2279 2257 2106 1882 1511 1393 2226 2170 7540 4616 1806 2580 2365 2264 2515 2755 2463 4612 1645 4522 3765 5479 5842 7373 
2549 2142 1632 1844 4004 2176 2774 2214 1868 2053 2640 2713 2547 2973 2596 7030 2377 2333 2654 3832 1993 2186 5396 4645 6686 
2373 1806 1790 1933 2228 2409 2612 2145 2325 2528 3060 3986 2725 3851 2813 2437 3337 2991 2169 2467 2759 2450 5129 3708 5073 
1981 1623 1551 2288 4015 3512 3016 3303 3425 3705 4088 4075 3950 3636 4048 2950 2600 3025 2853 2568 3196 2646 2803 3778 4052 
2375 1697 2366 2813 4023 3885 3402 3159 7291 7789 5807 5207 5033 4387 4004 3116 3408 2468 2648 3464 2636 2412 2796 2906 3505 
2185 2669 2464 2650 3806 3670 3235 8364 8044 7891 7998 8201 8833 8607 6847 5910 4548 2963 3094 3412 3100 2584 2245 2904 4531 
1858 2684 3066 2848 3065 3633 7425 7825 4969 5327 4693 5008 6590 8114 7924 7215 5083 4477 3287 3855 3535 3746 3139 2730 3385 
