includes/gis/ASCII_5k/mod13q1_ndvi_2001_113.tif.txt
ncols         25
nrows         20
xllcorner     257482.3972
yllcorner     9670060.6647
cellsize      5000
NODATA_value  -9999
7421 7482 6570 7315 5737 7154 7434 4286 6411 6326 4795 6611 7170 6929 6272 6433 5415 7354 8069 7536 7098 6431 6385 5241 4950 
5537 4493 6588 4859 7681 7235 7403 6923 5420 6083 4002 5800 7498 6432 6250 6216 6984 6818 6989 7774 7348 7312 6710 8689 4930 
5637 7679 7324 5379 7787 7233 6698 5903 7221 5681 4142 6577 6817 7173 7138 6386 7300 5069 6679 7162 8197 7936 7680 5206 4689 
3410 6163 5817 4067 7317 4703 5628 5862 6675 6103 7413 6956 7544 6539 5235 5463 4441 3233 5704 6740 6167 5436 7738 5660 4902 
4898 6639 6195 5358 7339 7774 7115 5215 4749 7059 6532 7382 6359 7065 5065 5710 5115 4814 3657 7810 4768 5243 4882 6209 5371 
5671 7502 7819 7446 6804 5891 6531 6197 4812 4811 7847 8179 4066 5345 5087 3781 4538 4138 4628 6846 7646 4969 6560 5737 5526 
3995 8080 7102 5838 7366 3202 5475 3796 3486 4081 4505 4645 6002 3932 3450 3366 4149 4498 4517 6458 6375 3272 6262 6012 5291 
7511 5639 3125 5713 6489 3939 4654 3640 4065 3344 6750 6195 6115 3977 2883 3356 3763 4007 5502 5435 6662 7107 5753 6399 6623 
6879 6456 3654 4953 7373 6602 5491 3612 3580 4355 5540 4617 5066 4037 2951 2759 2049 2759 3321 4589 6533 4425 5325 6896 6597 
7457 5691 5941 9281 -9999 5654 4548 3230 3035 4058 4044 5899 4781 3676 3439 2387 2582 2160 3584 4413 5747 7166 8157 8636 7127 
5597 7949 4248 3370 4556 4395 3250 1550 3597 3838 5008 5048 5259 3741 3280 2754 2882 2338 3639 3845 5038 6998 7732 8092 8064 
6787 7766 3236 4160 3691 2992 2405 3065 1582 3010 4085 3364 3429 3861 3768 3279 2674 3209 2873 3046 5100 7667 7213 7582 7680 
7128 6862 5718 2890 4404 3781 1302 5505 3866 2862 4807 3669 5105 3275 4975 3119 2745 3479 3526 2805 5842 7071 6660 8623 7420 
6751 5459 4705 1817 3554 2412 1497 2873 2701 7810 5661 2310 4503 3387 3258 2783 4015 3841 7503 2431 5222 5719 7770 6817 7749 
5880 5321 2386 3791 3916 2561 6165 3873 4896 -9999 3680 5637 4884 5388 4637 8144 3688 3569 3338 6696 3809 3891 5887 6765 7577 
3771 3712 2825 3106 3378 3515 4809 6948 6115 4944 5004 5671 5652 6008 5986 2756 4097 4033 3305 4406 6618 5198 6946 6451 7860 
3438 3199 2527 4135 2306 6887 5972 4577 4301 7312 5905 6081 5448 6442 6434 4460 4188 6152 4476 3996 7298 5200 4926 5994 -9999 
3396 2961 3005 3093 4987 3583 2851 4628 4065 7729 4075 3418 6658 6382 5896 4726 5753 5166 5089 5552 7126 6189 4887 5006 4251 
5050 6046 5312 5923 6882 5626 2891 5393 2138 1341 993 3274 -9999 8277 5959 5578 6536 5803 6714 6839 6243 6504 4356 6940 5344 
6549 6005 5701 7100 7974 5575 5529 6192 1081 2221 1088 322 1543 8510 8246 7774 5632 7091 6999 5885 7091 5952 4845 5735 4412 
