includes/gis/ASCII_5k/mod13q1_ndvi_2002_305.tif.txt
ncols         25
nrows         20
xllcorner     257482.3972
yllcorner     9670060.6647
cellsize      5000
NODATA_value  -9999
3133 3101 4034 4015 4425 3191 4663 1748 3545 2864 3948 3726 4663 4094 1790 2437 2015 2803 3774 3741 3036 2610 3023 2296 2715 
2694 2533 2255 3863 4857 3850 3281 2100 2228 2800 2971 4451 4573 3078 2021 3142 4454 4781 3415 3031 2760 3338 2600 4379 5200 
2401 3470 3065 2230 2914 2785 3293 3405 2377 2969 1902 2799 4166 4325 3223 2362 3186 3118 4096 3016 4402 3953 3512 3331 3340 
3103 3863 2866 2874 2342 2368 2494 2372 2793 3835 3193 3332 4109 3133 3763 2399 4084 3531 3612 5511 2091 2870 3309 2316 4127 
2955 3948 3015 3049 2999 3423 2476 2047 2429 3104 1961 3264 3334 4774 2226 3479 4823 3209 2814 5688 2951 3821 2434 2717 2842 
2359 3585 3804 3024 3360 3308 2210 2018 2351 2671 3638 3090 3356 3686 2282 2710 4175 2592 2510 5803 3219 3501 4315 2978 3179 
2836 4131 5886 4032 2556 2424 2328 2268 2158 2354 2356 2632 3838 3267 2594 2506 3042 2911 2817 2983 2013 4803 2659 2813 3699 
2793 2619 2461 2072 2455 2185 2272 2154 2360 2210 3443 2782 3442 2414 2043 2399 2590 2887 3969 2733 6145 5593 4961 3786 4526 
3765 3034 3507 2967 1119 2089 2143 2040 2377 2474 2279 2075 3116 2662 2438 2009 1905 2772 4112 3707 5570 742 3530 4857 5779 
3618 2543 2504 3269 3480 2848 2355 1807 1711 1938 1853 2061 1966 2000 2123 2951 1875 1788 1908 2692 4600 2101 3689 6579 4867 
3109 2794 2512 2971 2958 3012 2608 1183 1696 1700 1711 1928 2035 2022 2101 1956 2222 2004 1686 1996 3122 5463 3039 5230 6775 
3071 2502 2611 1907 2003 1599 1597 1495 1041 1727 1586 1634 1843 2006 2131 1849 1825 2598 1610 1673 2793 6509 6026 3079 6313 
3921 3114 2597 2348 1982 1502 1296 3384 1990 1445 2068 1005 1887 1770 1906 1793 1618 1913 1943 1568 4599 4909 5239 3633 5705 
2135 1742 1781 1954 2065 1695 1335 2480 1518 5110 2797 1655 1919 1649 1618 1538 2185 1858 3297 1346 3725 3721 6381 5702 6147 
2076 1739 1362 1508 2967 2113 2597 1752 2110 1821 1792 1744 2195 1980 2011 5839 1853 1909 2137 3245 1597 2145 5685 5128 6853 
2049 1516 1672 1725 2151 2297 2885 2151 2025 2115 2060 2292 2038 2382 2156 2004 2460 2115 1876 2535 2815 2252 5407 4407 6465 
1849 1770 1712 2271 2804 3571 3933 2592 2479 2530 2366 2681 2702 2747 1956 2489 2069 2960 2913 1822 2485 3981 3742 5188 4949 
1741 1420 2217 2419 2535 3975 4098 2396 7926 7627 3211 2066 2065 6686 2134 1828 1890 2032 2423 4314 4595 3238 4007 4360 5528 
1179 1600 2279 3340 3356 4251 2855 7549 5027 6992 696 4462 8575 5432 3156 2177 2774 2335 3045 5215 5567 4674 3445 3249 6160 
1835 2846 2838 3457 3445 2948 705 288 1858 631 471 2014 1714 2759 1319 5688 2368 5667 4501 4152 5652 4613 5037 4765 3019 
