includes/gis/ASCII_5k/mod13q1_ndvi_2007_273.tif.txt
ncols         25
nrows         20
xllcorner     257482.3972
yllcorner     9670060.6647
cellsize      5000
NODATA_value  -9999
2880 2514 3487 2895 3790 2933 4086 2544 2262 2448 2310 3083 3400 3157 2390 2478 2145 2914 3307 2969 2604 2834 2640 2247 2319 
2738 2987 2612 3471 3661 2847 3284 2807 1822 2445 2378 2869 3081 2895 2617 2613 2839 2982 2858 2557 2675 3058 2654 3104 3349 
3002 3631 3241 2451 2898 3074 3296 2117 2576 2222 2499 2416 2619 3148 2822 2540 2599 2469 2862 2878 3967 3443 3196 3165 3135 
3037 3622 3147 3216 2538 2664 2614 2499 2661 2934 2311 2568 2753 2673 2595 2540 3002 2694 2486 4113 3046 2745 2983 2409 3310 
2828 3221 3053 2730 3243 3680 2571 2681 2246 2777 2698 2774 2615 2351 2323 2355 2965 2579 2167 3769 2783 3048 2430 2816 2843 
2492 3088 2949 2672 2774 3042 2188 2235 2443 2271 3199 2766 2316 2250 1958 2223 2649 1889 2288 3755 3746 3271 2744 2897 2758 
2707 2929 3377 3134 2407 2298 2269 2272 2221 2205 2149 2231 2327 2594 2416 2563 2403 2459 2296 3054 2487 4657 2626 2635 2862 
2837 2626 2265 2970 2449 2225 2143 2343 2272 2464 2417 2725 2583 2521 2158 2338 2254 1995 2027 2411 3765 4713 3843 3281 3704 
3013 2873 3095 2486 3294 2014 2022 1950 2213 2127 2129 2097 2694 2160 1874 1822 1701 2347 2513 2557 4817 3582 4544 5117 4729 
2779 2383 2594 2345 2231 2682 2161 2040 2021 2017 2089 2032 2137 2326 2119 1814 2062 1850 1925 2247 3021 3275 3973 4898 3982 
3118 2574 2154 2469 2169 2206 1914 1162 1789 1606 1710 2350 2209 2340 2073 1839 1958 1936 1789 1999 2238 4229 3196 4522 4641 
2575 2503 2241 1869 2032 1779 1561 1446 1075 1645 1773 1760 2086 2040 2251 1834 1764 2041 1839 1775 2145 5278 3810 3277 4757 
3155 2304 2100 2093 1856 1743 1232 2780 1959 1578 2023 1063 1810 2127 2073 2194 1893 1905 1818 1816 2758 3475 3586 8023 3967 
2060 1909 2004 2118 2339 1793 1204 2212 1408 5110 2472 1422 1697 1884 1614 2070 2145 1792 2764 1258 2272 2572 4334 3157 5609 
1670 1875 1321 1644 3269 1992 2626 1770 1643 1922 1888 1895 2009 2123 1932 4548 1935 1967 1746 2454 1689 1667 4258 3267 4299 
2212 1502 1610 1671 1692 1982 2161 2263 2328 2510 2266 2607 2204 2156 2399 2045 2103 1781 1853 2119 2162 2027 4087 2381 3018 
1770 1755 1299 2087 2006 2403 2494 2427 2643 2623 2718 2938 2824 2780 2526 2287 1924 2410 2195 1466 2200 2239 2120 2671 4024 
1920 1785 2004 2306 2500 3041 3259 3065 6495 7428 4276 2283 2180 2838 2206 1962 2236 1919 2089 2908 1864 1684 1756 2241 2594 
1416 1670 1976 2381 2260 2462 1809 1749 6330 7822 6509 8257 8375 6067 2735 1962 2110 1937 1948 2579 2481 1646 1549 2583 3598 
1661 1875 2322 2597 2293 2473 5740 7470 6044 5159 4872 1987 5022 6253 4679 6083 2513 3235 1950 2219 2731 2140 2659 1916 2473 
