includes/gis/ASCII_5k/mod13q1_ndvi_2007_065.tif.txt
ncols         25
nrows         20
xllcorner     257482.3972
yllcorner     9670060.6647
cellsize      5000
NODATA_value  -9999
6429 5491 5413 6017 6107 5952 5553 4175 3395 5253 4630 5598 6294 6046 5313 5057 5283 5902 6404 5690 4643 5017 4718 4838 4314 
6328 6138 5507 6298 6370 6195 4317 4494 2821 3914 4600 5001 6176 5678 5446 6269 6309 5100 5448 4383 5628 4975 5149 5389 5686 
5822 6948 6279 7155 5620 5120 4669 4487 4479 3941 5026 5143 4813 6141 6166 5782 6326 5206 6415 6843 5906 6305 6639 5838 5374 
5187 6346 5843 6267 5789 6022 5169 4246 4220 4402 3644 5009 5153 5875 5689 5522 6400 6641 4588 5561 6521 5989 5354 4664 5597 
4723 4962 5110 5334 5703 6793 4862 3979 3361 4308 4043 4461 4474 4870 5020 4334 5447 4726 4135 5099 4913 5223 4935 5797 5405 
4609 4662 5012 4607 5133 4742 3794 4335 5117 3270 5779 4241 3557 3183 3442 4131 4026 3266 4350 5426 5745 4615 6780 5629 5370 
5261 4911 4082 4944 4752 4054 4478 3605 3886 3208 3078 4032 3919 3917 3873 3673 3753 4625 4174 4057 5774 6693 5345 5311 4860 
4860 4759 4004 5123 4434 3913 3930 3541 3114 3855 4735 3891 3785 3646 2886 3308 3509 4168 3201 4290 5037 6263 6249 5934 7469 
5274 4644 4812 4614 4894 3665 3631 4129 4622 3785 4119 3936 4419 4417 2864 2476 2676 4001 3660 3334 6091 6207 6230 7355 6214 
5696 4362 3641 3966 3548 4000 3574 2949 2979 3731 3104 3344 4269 3798 3619 2571 2753 3103 2946 3146 4447 5787 7214 7316 7061 
4415 4483 3493 3820 3372 3046 2632 1749 2986 3045 2383 4222 3647 3661 3163 2866 3367 3263 2874 3479 4143 5632 6643 6790 7646 
3865 4860 5310 3799 3621 2416 2244 1973 1212 2294 2885 3059 3747 3230 3417 3628 2941 3703 3097 3419 3894 6377 5562 6931 6632 
4660 4592 3888 3818 2751 2856 1399 2962 2947 2617 3879 2209 3279 3343 3603 3376 2880 3225 3309 3086 4164 4890 4429 8165 7381 
4630 4372 3727 3424 4901 2079 1402 3131 2468 6545 4706 1845 2907 2994 2756 4570 4003 3282 6342 2140 4694 3466 5690 5102 6784 
3702 3545 2572 2522 3544 2236 5016 2897 2748 4040 3510 4594 3771 3446 2705 6824 3190 2422 2406 4278 2670 3230 5769 4472 6240 
3222 2545 2178 2368 2628 3613 4485 4422 5318 6151 4600 5347 5107 5305 5394 4100 3461 3099 2570 3110 3384 3312 5080 4374 5752 
3324 2995 2547 3171 2766 3702 3629 4645 5377 5744 5463 6187 6069 4886 6234 4731 3963 3824 2973 3135 3947 3286 3159 4708 4287 
3775 4124 3575 3247 3464 3812 4280 3011 7409 8176 6766 4842 5440 6480 5867 5559 5638 3560 4775 5118 3169 2969 2778 3125 3611 
3333 3291 3027 3131 2966 3831 3914 8639 8332 8141 8043 8840 8472 7251 5851 4697 4799 5519 5002 5665 4959 3249 3349 4577 4407 
2852 2329 2965 3210 3422 4596 8170 8811 5435 5035 4547 5560 6574 7257 7569 8256 5208 6255 6003 5126 5684 3815 3318 3844 3655 
