includes/gis/ASCII_5k/mod13q1_ndvi_2008_017.tif.txt
ncols         25
nrows         20
xllcorner     257482.3972
yllcorner     9670060.6647
cellsize      5000
NODATA_value  -9999
4169 3477 4929 4956 5352 4018 4450 3979 4451 4376 4310 5556 6088 6366 4717 5762 5884 5372 6694 6151 5546 6058 6411 5421 4119 
4462 4188 3576 3974 4651 3731 3580 3563 3411 4373 4594 4698 5923 5062 4733 4871 5544 5741 6415 6441 6051 6435 5679 6133 6177 
3129 4482 3277 2535 3487 3500 3928 3386 3824 4089 3810 4321 4613 4940 4634 5063 5819 4761 6452 5985 6897 5919 5514 5020 5285 
4791 5750 3658 3735 3399 4047 3809 3420 3103 3923 3449 4327 4083 4956 5469 6096 6594 5493 5063 7306 5603 5567 5687 5453 5976 
4461 4429 3937 3625 4313 3485 2809 2480 2656 3757 3551 3683 4317 5248 4530 5025 5796 5563 4659 6878 5251 6338 5631 5540 5730 
3332 3896 3665 3545 3776 3487 2501 2563 2475 2919 4239 4194 3714 4200 4560 5696 5906 4185 4580 6797 7932 7459 6936 6677 6790 
3181 3655 3238 3427 2898 2576 2672 2445 2507 2399 2617 3507 3767 4276 4652 4948 4523 4951 4318 5728 6633 7364 7279 7389 7051 
3143 2407 2562 3614 2817 2433 2689 3323 2382 2355 4066 4101 3881 3285 3248 3661 3682 4368 4423 5181 6598 6915 7803 7766 8045 
3091 2775 3162 2670 2993 2149 2371 2198 2321 2270 3167 3322 4099 3573 2895 4134 3798 4574 4923 5118 6177 7368 6223 7657 7846 
3901 2440 2680 2540 2153 2317 2031 1910 1942 2599 3077 3826 4370 3653 3643 4421 3962 4614 3997 5184 5974 6824 7154 7927 7758 
3251 3001 2126 2912 2515 2260 2226 1357 2104 2086 2327 3103 3870 3388 3319 4377 4178 4079 4467 4416 5709 6960 7646 8302 7993 
2556 2403 2632 1864 1922 1672 1946 1374 1101 1561 1749 2080 1987 2985 3689 3291 3264 4025 3258 3873 5330 7185 7487 7701 8408 
2834 2183 2132 2441 1925 1736 1489 3119 2201 2253 2259 1088 1774 2015 2406 2855 2687 3406 3597 2983 6378 6938 6902 8020 7405 
2081 1882 2240 2206 2163 1767 1513 2150 1733 7437 4249 1859 2154 1917 1912 2224 3179 3629 5193 1488 6026 6318 7410 6302 8090 
2114 1780 1535 1910 3573 2185 2671 1933 2291 2096 2467 2925 2398 2261 2413 7344 2783 2386 2905 5836 2827 3303 6919 6201 7354 
2071 1495 1878 2009 1963 1985 3159 3717 3212 3765 3394 4118 3229 4466 3263 4545 3210 3934 3335 3591 5066 4564 6408 5513 6717 
2079 1763 1762 3079 2876 2861 5010 4234 5099 4882 5766 5753 6195 6236 5320 4955 4185 5740 4402 5724 5027 3958 4221 5821 5419 
1777 1628 3037 3373 4329 4360 5091 6626 8190 8106 7085 5385 6230 6889 5447 5717 5443 4605 3878 5212 4113 3945 4000 5961 5317 
2218 2123 2252 3227 3331 4494 4142 8670 8500 8221 8207 8474 8575 7950 -9999 6254 5657 5331 5381 5698 4884 3262 2746 4591 5446 
1756 2509 2883 3413 3197 3946 8590 8459 6196 5141 4527 4307 5699 6893 7342 8399 6269 5598 5283 5063 5157 3927 4166 3141 4122 
