includes/gis/ASCII_5k/mod13q1_ndvi_2017_145.tif.txt
ncols         25
nrows         20
xllcorner     257482.3972
yllcorner     9670060.6647
cellsize      5000
NODATA_value  -9999
3612 3512 5565 4381 5175 4057 3946 2173 2986 3434 3779 4376 5007 5276 2745 4077 3481 4953 4432 4187 3540 3991 5429 4778 4370 
3864 3368 3056 3902 3868 3491 3998 3658 2766 4529 3986 4043 3812 4244 2745 5122 6423 6339 4764 3506 3360 4183 4333 4821 3452 
4503 4301 3998 2848 3635 3313 3838 2537 4061 2890 2706 2587 3313 3722 2241 2475 3883 3294 3609 3234 6361 4736 4317 2902 3234 
5066 7402 5581 4114 3254 3452 3832 4431 2967 3567 3089 3058 3286 2669 2851 2729 2649 2770 3180 6981 4388 5464 4409 3078 4262 
4842 5324 5448 4329 3761 6665 3251 2665 2842 3086 2845 2901 2678 3353 2625 3595 3403 3407 3055 5970 5082 6609 3659 4278 4138 
3936 6328 4564 4570 3739 3431 3261 3380 3032 2813 4488 3505 3000 2903 2709 3352 5414 3730 4128 6202 7560 6590 5247 3588 4904 
4645 5363 6696 4565 3208 3382 3383 2749 3572 2894 3091 2660 3791 3156 3406 3092 4019 4795 4609 5725 6134 7305 4254 4189 5140 
3784 3825 4492 5778 3136 3318 4389 4673 3338 3285 4865 3359 3587 3523 2529 3089 2602 3167 3837 6667 7314 7422 7175 5364 5582 
3364 4864 4842 4890 5430 3789 4516 3794 3074 3920 3684 2454 3388 3205 2396 2651 2169 2916 3621 5229 6578 7279 6031 7442 6378 
3743 2840 3715 4712 4149 4272 4554 2761 2778 3004 3102 2370 2195 2820 2885 2997 2762 3034 2680 3825 6332 6955 7852 7819 7472 
3516 4255 3448 3400 2954 2927 2327 1388 2607 2296 2156 2802 2131 2165 2208 2413 3447 2487 2527 3169 4777 6707 7119 7786 8172 
2873 3219 3363 2664 2379 1791 1923 1496 1056 2212 2160 2281 2678 2800 2642 2355 2303 2669 2096 3084 4072 7645 7455 7783 7737 
2718 2654 2968 3630 2512 2109 1379 2940 2187 1489 2202 1824 2328 2451 2486 2160 2162 2837 2340 2101 5170 7165 6420 8755 7496 
2336 1915 2223 2559 6599 1681 1372 3212 1478 7745 3979 1525 2335 2061 1743 1712 2614 2534 5192 1724 5375 5382 8025 6869 7065 
2023 1873 1362 1611 3212 2235 2735 3377 2097 3066 1879 2385 2509 2497 2395 7220 2177 2019 2621 4961 1996 2237 6571 6127 7939 
2084 1404 1876 1939 2228 3134 3600 4136 3675 2739 2381 3479 2503 3552 2559 2658 3142 3112 2778 3069 3838 3342 6007 5891 7213 
2408 3026 1223 2582 2669 5151 5717 5738 4555 3780 3771 4497 4009 4403 2989 2867 2001 3509 2837 1634 4484 4075 4059 5728 6046 
3293 1479 2223 3153 4291 5740 7866 8697 5346 7513 6887 6745 6684 4850 2416 2882 3455 2804 2597 4933 3413 3381 3710 4180 5749 
1922 2456 2728 3391 4676 7201 7552 8301 6145 8250 5979 8326 8542 7730 4929 5046 4323 4533 4023 3860 4049 2616 1981 3217 5931 
2598 2984 3392 4679 5538 6550 8184 4576 6544 5159 5567 6262 6686 7690 9121 7570 5099 4931 3929 4818 4870 4049 3942 2892 5005 
