includes/gis/ASCII_5k/mod13q1_ndvi_2015_257.tif.txt
ncols         25
nrows         20
xllcorner     257482.3972
yllcorner     9670060.6647
cellsize      5000
NODATA_value  -9999
2362 2253 2726 2320 2859 2269 2614 1783 2079 1954 1742 2348 2568 2527 1284 1247 1794 2461 2311 2538 2076 2378 2257 1944 1943 
2246 2287 2139 2542 2602 2082 2524 2340 1623 2136 1870 2205 2331 2490 1707 2080 2242 2576 2311 2036 2144 2769 2212 2505 2631 
2383 2490 2519 1920 2589 2397 2101 1842 2138 1884 1800 1922 2343 2426 1949 1878 1879 2023 1983 1831 3440 2810 2399 2450 2530 
2671 3275 2416 2368 1966 2336 2399 2360 2145 2507 2051 2046 2236 1820 1920 2010 2351 1863 1943 3821 2072 2042 2262 2158 2735 
2428 2510 2285 2217 2499 2638 2285 2270 2118 2234 2199 2306 2271 2422 1794 1802 2282 2132 1994 3704 2218 2877 1915 2471 2486 
2002 2614 2211 2504 2356 2671 2040 2146 2156 2161 2364 2145 1878 2031 1854 1867 2041 1821 2092 3335 3250 2613 2064 2192 2077 
2074 2721 3085 2613 2064 2137 2197 2272 2048 2052 2076 1967 2165 2229 2260 2084 1989 2076 2150 2660 2050 4020 1929 2411 2631 
2089 2134 2415 2505 2143 2176 2050 2074 2049 2002 2443 2100 2165 2205 1981 2052 1848 1666 1988 2131 3145 4692 3756 3158 3504 
2224 2572 2323 2278 2456 1974 1934 1880 1996 2139 2172 2015 2203 2021 1840 1831 1614 1910 2145 2314 4540 3416 4257 4589 3883 
2482 2182 2464 2238 2019 2009 1966 2002 1769 1783 1843 1938 1869 1964 1801 1830 1783 1821 1715 2199 2596 3340 4556 4379 3748 
2103 2627 1852 2015 2043 1861 1691 1142 1795 1573 1659 1801 1889 1875 1965 1669 1968 1842 1562 1800 2141 4493 3826 4183 4155 
1970 1877 1956 1588 1667 1411 1467 1295 1076 1602 1546 1555 1650 1872 1833 1705 1674 1752 1428 1691 2092 4634 3660 3289 4680 
2262 2115 1623 1865 1909 1519 1246 2160 1804 1385 2028 969 1664 1574 1714 1698 1501 1912 1597 1402 2427 2499 3131 7469 3641 
2039 1557 1694 1741 2198 1410 1386 1875 1325 4608 2452 1498 1582 1537 1508 1509 1871 1673 3176 1034 2218 2020 3200 3191 5716 
1989 1669 1327 1519 2710 1830 2271 1661 1491 1493 1485 1474 1725 1725 2317 4381 1694 1505 1728 2295 1415 1539 3924 2526 4233 
1858 1436 1398 1311 1634 1721 2137 2001 1972 1948 1850 2074 1780 2063 1876 1663 2020 1746 1646 1747 2075 1862 3964 2122 2828 
1709 1670 1227 1711 1789 2213 2316 2177 2285 2151 2270 2430 2506 2424 2116 2062 1570 2347 1993 1274 2441 1771 2180 2475 3474 
1830 1193 1531 1858 2250 2543 2660 3017 6402 5896 3414 2167 1931 2450 1862 1946 2125 1884 1918 2595 2015 1683 1831 2225 2434 
1057 1279 1770 2323 2106 2431 3118 7844 8082 8022 7524 7693 7207 5041 2626 2376 2090 2024 1952 2254 2533 1709 1485 2116 3129 
1465 1586 1992 2300 2135 2913 6662 8116 5579 4988 4435 4825 4973 6796 7135 6311 2726 2904 1528 2305 2520 1965 2090 1611 2239 
