includes/gis/ASCII_5k/mod13q1_ndvi_2004_033.tif.txt
ncols         25
nrows         20
xllcorner     257482.3972
yllcorner     9670060.6647
cellsize      5000
NODATA_value  -9999
5752 4729 5825 6424 6396 5768 5605 3726 4986 4358 4970 5965 6722 6316 4520 5342 5489 5879 6897 5505 5985 6451 6567 5871 4446 
4356 5239 4876 5213 6277 4993 5377 4798 4511 4989 4824 5382 6195 5150 5629 5889 5416 6209 5867 6713 6871 6953 6965 7344 6810 
4093 5562 4473 4477 5385 5805 4843 4996 3638 4212 5085 4541 4686 5466 5347 5058 6036 4771 5902 6367 7229 7397 7462 7107 6674 
4593 6816 4184 5301 5385 5801 6314 5050 4389 4802 3968 5651 5838 4545 4577 5276 6103 5230 5030 7096 6550 6181 7068 6074 6734 
3858 5047 5777 5324 5845 6014 5521 5664 3828 4395 4378 4971 5594 5155 4371 5238 5980 6180 3996 7412 5953 6694 6002 6684 6608 
4040 5715 5818 5946 6431 5848 4557 4133 3832 4672 6272 5454 5063 4675 4228 5242 6516 4800 5892 6461 7519 6664 7363 6689 6886 
5423 6066 5996 6373 5911 5069 4334 3444 3489 4032 3661 5377 4767 5017 4719 5286 5685 6451 5119 5368 5736 7247 7193 7321 6636 
4403 6027 5944 6624 4823 5227 4391 3777 3919 2467 5948 4244 5698 4897 4828 4663 4795 5174 5406 5116 6694 6808 7598 7837 7830 
4116 5276 6444 5696 6709 3956 4602 3984 3648 4729 5460 4222 5154 5344 4241 4738 4781 6002 6220 5503 6237 6424 6011 7537 1919 
5550 4710 4135 5462 4656 5035 4084 2807 2959 4453 3536 5043 4255 5045 5470 5121 5072 5345 5508 5675 7247 5784 5090 7664 8464 
5025 4279 4220 4482 3896 3508 2967 1533 4540 3336 3158 5028 4152 5007 5039 5746 5322 5445 4581 4734 4763 7278 6460 6536 8216 
3963 4742 5013 3728 3539 2415 2373 1737 1331 3170 2822 4471 6180 5049 6164 5364 4593 5660 5234 4675 5566 8173 8222 6413 7480 
4822 4677 3746 4478 2553 2086 1307 3721 3768 2481 2775 4382 6303 6613 6170 4446 4515 4940 5065 5010 7333 5579 7009 8817 7885 
5029 3671 3220 3174 2282 1618 1523 3808 4023 7417 6283 2178 3762 6376 4919 5568 4833 4912 7583 2583 6734 6874 7587 3390 8373 
3996 3428 2311 2650 4360 2746 4961 3798 3523 4834 4864 5878 5208 6574 5344 8235 3443 4067 5461 6329 4532 3922 6765 5342 7063 
3197 2477 2328 3299 3730 3397 4751 3599 4538 5492 6195 6460 5292 6388 5937 5413 5002 4457 3535 4589 5144 4515 6614 5561 4864 
2773 2225 2625 3863 3755 4849 5696 5686 5468 6568 6230 6293 6267 6185 5732 5487 4982 4973 4853 5775 5710 5128 4974 5663 5456 
3127 2461 3051 4183 5040 6028 6283 6201 8388 8381 7494 7156 6864 6481 5831 5563 5412 4138 4778 5375 5091 5338 4781 5470 6181 
3668 3528 3661 4617 4989 5571 4760 8878 8759 6972 8120 8628 8693 8348 7127 6453 5771 4690 4980 5437 4895 3327 3839 5437 7007 
3655 3255 4055 4027 5573 5101 8787 8927 6141 -9999 3233 5773 4954 7116 5267 7972 6593 5441 4607 5513 5272 4667 5267 4711 5443 
