includes/gis/ASCII_5k/mod13q1_ndvi_2008_049.tif.txt
ncols         25
nrows         20
xllcorner     257482.3972
yllcorner     9670060.6647
cellsize      5000
NODATA_value  -9999
6235 3751 4115 4413 5910 3344 3823 2701 3601 2959 3231 3938 4912 5150 3881 4482 3464 3388 3936 3601 3189 3967 3919 3090 2585 
4312 3038 3050 4402 6180 4569 4035 3476 2915 3391 4317 4391 3701 4686 3809 5325 4256 3475 3637 3685 3446 3705 3129 4219 4477 
3654 4832 4318 4905 5791 5414 4233 2590 3164 2544 3388 3760 3726 4660 3507 4032 3112 2986 5001 3337 4395 3470 3548 4230 4529 
4985 5919 4557 4476 5176 5041 5084 4320 3209 2885 2550 4199 5044 4423 3703 3160 5348 3442 3863 4901 3257 2780 3163 2903 5361 
5691 4315 4548 5158 5770 5594 3033 2459 2358 2486 3244 4469 4246 4870 2668 2605 4281 4823 2907 4449 3101 3921 2906 3270 4607 
4265 4534 4732 4114 5603 4671 3091 2695 2857 2986 4413 4421 3673 3863 2428 2720 4085 3143 2925 4360 5079 4680 3699 4322 4718 
5140 3294 3725 4862 5056 2858 2574 2332 2264 2570 2847 3023 2574 2930 3487 2771 2442 4874 3098 3783 4685 6248 5109 5310 5249 
5870 4020 3626 5761 3627 2799 2200 2361 2357 2434 4134 2920 2587 2913 2011 2918 3073 2313 4663 4635 5864 6053 6686 6579 7023 
5694 4180 4393 5417 4910 1997 2271 1803 2092 1906 2149 3082 4271 2378 2314 2067 1876 3369 5144 3658 5578 5474 5434 7257 6297 
6041 4135 3734 3617 2210 2888 2231 1939 1800 2020 2342 2782 3041 2639 2399 2261 2916 2812 2033 3521 3765 6012 5953 7285 6305 
4441 3846 3096 3762 2255 2914 2334 1129 1522 1827 2540 1939 2210 2589 2277 3497 2495 2332 3176 2932 3932 5504 6833 7510 7048 
4353 2982 4052 2052 3084 2678 2032 1294 1004 1727 1668 2077 1976 1840 2035 2144 2238 2198 2036 2826 3648 6804 6182 7055 7392 
3823 3420 2447 3718 2114 2046 1318 3167 2039 1724 2250 1031 1577 1640 2264 2539 2859 3087 2060 1823 3586 5029 5737 8165 7179 
3599 2800 2789 2228 3626 1653 1246 2079 1525 6833 3966 1778 1834 1742 1999 2371 2860 1781 3875 1348 3103 3245 6540 5046 7232 
3948 2682 2077 2045 3134 2491 2741 1975 1756 1871 1997 2073 2155 2128 2199 7257 2965 2006 2106 3820 1766 1804 5997 4568 6201 
3580 1942 1701 1825 1872 2846 2772 2950 2747 2305 2222 4357 3407 3753 2220 3062 3062 3030 2467 2440 2960 2637 5351 3524 5507 
2061 1973 1467 2163 2284 2791 3905 3212 4081 3656 4108 4930 5500 5618 3567 3874 2805 4096 3192 2706 3016 2213 3081 3811 4365 
2620 2796 3446 3420 4275 3774 3018 3985 8138 8182 5403 5200 5554 5804 3520 4118 3764 3510 3227 4388 2806 2056 2316 3590 3103 
4052 3299 3388 5367 4243 3833 5346 8427 8672 7984 7999 8388 9182 8043 6990 5010 6267 5384 3804 3413 3091 2049 1769 3029 4836 
2855 3758 3607 5372 4036 3935 8229 8496 5820 6200 6385 5233 6378 7202 7538 8327 5816 6005 5563 3904 3256 2692 3061 2459 3127 
