includes/gis/ASCII_5k/mod13q1_ndvi_2009_161.tif.txt
ncols         25
nrows         20
xllcorner     257482.3972
yllcorner     9670060.6647
cellsize      5000
NODATA_value  -9999
4247 4216 4874 4320 4090 3044 3510 1881 2211 2787 2890 3968 3628 3249 1510 1501 1631 1301 2603 2683 2149 2392 2246 1886 1976 
4079 3383 2948 3650 3557 2345 3124 2464 2274 3193 2415 2793 3188 2882 1970 2420 2362 2797 2737 2313 2289 3101 2310 3064 3403 
3503 5394 2890 2457 3331 2167 2815 1964 3445 2224 2372 2225 2979 2978 2119 2014 2120 2113 2312 2162 3978 2888 2811 3047 2878 
3617 6426 3355 3118 2391 2864 2631 3302 2388 3407 1916 2322 2589 1890 2751 2027 2307 1872 2047 4787 2434 2302 2776 2170 3052 
4521 3788 3178 2698 3278 5047 2453 2359 2296 2660 2373 2590 2525 2742 2011 1862 2335 2163 1939 4291 3145 2942 2118 2668 2764 
2559 3816 3196 2700 3246 3357 2431 2109 2125 2114 3476 2288 2118 2031 1823 1992 2413 1899 2474 4522 4322 3227 2083 2433 2176 
2802 3863 3830 3255 2851 2178 2351 2437 2422 2218 2147 1986 2173 2313 2497 2195 2242 2407 2446 3231 2627 4278 2131 2536 3113 
2853 2421 3152 3602 2731 2155 2091 2413 2225 2361 2592 2114 2014 2108 1988 2286 2215 1643 2173 2938 4396 5351 4267 3548 3850 
2653 3041 3143 3171 3284 2132 2175 2136 2191 2283 2073 1946 2306 1881 1802 1941 1651 2095 2370 2610 4711 4211 4930 5530 5759 
3701 2560 2704 2958 2377 2325 1981 2091 1733 1778 1805 1915 1796 1900 1866 1743 1940 1803 1783 2149 3840 4501 5436 4946 4415 
2775 3025 2380 2715 2420 2262 1802 1107 1536 1402 1601 1808 1798 1765 1797 1739 2215 1907 1562 1908 2560 4863 4501 4988 5285 
2556 3060 2992 2012 2115 1491 1495 1299 946 1492 1508 1636 1855 1688 1833 1593 1769 2192 1495 1704 2235 5852 5305 5687 5755 
2993 2607 2057 2733 2141 1699 1347 2863 1846 1454 1859 1043 1694 1629 1977 1891 1850 2264 1628 1498 3089 3341 4544 7367 5426 
2074 1726 2141 2198 2676 1600 1236 2035 1331 5706 2766 1596 1772 1777 1549 1586 2076 1821 3775 1209 2859 2372 5282 4324 6349 
2464 1973 1499 1680 3833 2195 2628 1685 1558 1473 1566 1652 2105 2105 1979 4388 1786 1498 1780 2419 1603 1433 4603 3726 5224 
1890 1540 1500 1829 1788 1887 2145 2062 2139 1993 1934 2464 1861 2573 2100 2061 2136 2168 1854 1813 2233 2139 3626 2905 3119 
1560 1538 1208 2136 2256 2348 2903 2990 3086 2891 3021 3082 2811 2692 2089 2388 1939 2458 2400 1734 2997 2175 2693 2506 4997 
1949 1357 1846 2442 2996 3191 3351 5528 6043 6049 4200 2589 1734 2263 2104 1856 2164 2035 2583 3755 2213 1930 2357 2527 3091 
1304 1642 1958 2381 2524 3750 8000 8702 8560 8070 7913 7869 8505 7574 2793 2093 2178 2164 2409 3797 3303 2067 1668 2818 4065 
1781 2061 2203 2839 2524 6728 8619 8785 5362 5648 5268 5657 6124 7682 7412 7255 3133 3069 2882 2765 3278 3079 2882 2145 2857 
