includes/gis/ASCII_5k/mod13q1_ndvi_2000_129.tif.txt
ncols         25
nrows         20
xllcorner     257482.3972
yllcorner     9670060.6647
cellsize      5000
NODATA_value  -9999
6608 4033 4058 4987 4435 3109 4364 2550 3553 3650 3435 4762 2416 3882 2224 2496 3215 3367 4783 4591 4308 4341 4080 3242 3690 
3869 4126 3113 4674 5125 3413 3514 3444 3860 5377 3515 3219 4352 2708 2571 4131 4330 4070 4227 5360 4497 4329 3594 4873 5079 
5321 6097 4044 2992 3506 3609 4173 3261 4034 2788 3074 2584 3270 2964 2611 2996 3825 3034 4043 4242 6124 4601 4676 4783 4701 
5340 6334 3547 3343 2463 4160 3899 3936 3647 4191 2411 2742 2870 2617 2914 2940 4281 3958 3894 6358 4529 4431 4868 4560 5459 
6170 5401 4875 3768 4096 3459 3242 2901 3275 3333 3227 3447 3492 4775 2331 2729 4263 3265 4504 6502 4078 5088 4720 6261 5529 
5088 6901 6232 3797 3602 4112 2880 2984 2429 3430 4732 2784 2977 3010 2326 3330 4321 4318 5617 4878 6427 5215 5942 5094 5750 
6084 5463 6181 5252 3395 2269 2739 2734 2183 2607 2565 2875 3382 2772 2322 2714 3328 3293 2821 5229 5571 7258 4994 5428 5703 
5416 4907 3612 5628 2825 1929 2379 2892 2704 2478 4677 2897 3252 2670 2457 3324 3285 3098 4453 4004 6156 6141 7497 7002 6353 
4612 4636 2357 5270 3072 2435 2671 2419 2277 2344 2527 2423 3162 3419 3030 3115 2774 2551 3842 3968 6303 6096 5695 7750 7117 
5259 3193 3280 2113 3630 3154 2034 2239 2689 3050 2253 2696 2638 3011 4100 2794 2994 2359 2756 3414 6263 6887 8100 7492 7047 
4669 -9999 3365 3621 2856 2908 1796 1586 1988 2085 2328 2572 2489 3535 2728 2517 3155 2455 2309 2827 3854 6250 6826 5193 7758 
3706 3815 4224 2826 2331 1812 1815 1966 1146 2209 2214 1896 2040 3262 3043 2356 2559 3595 2668 2961 3698 7356 7661 6166 6649 
4415 2545 2825 2428 2190 1826 1191 3982 2096 1521 2543 1079 1995 2041 2731 2634 2485 2820 3279 2290 4711 6026 6419 9012 7226 
3237 2278 1876 2247 2191 1743 1384 2397 1675 7227 4510 1625 1991 1813 2083 2151 3723 3440 5735 1845 3112 4811 6734 6669 8492 
2733 2298 1647 1825 4663 2301 2691 1846 1692 1943 1800 1748 2554 2469 2098 6710 2735 2481 2542 3231 2488 2835 6690 5850 7370 
2569 1757 1504 2048 1846 2186 2243 1816 3113 2204 2265 2892 2177 2746 2657 2430 3073 3089 2255 2819 3182 2403 5880 4494 6607 
1903 1722 1332 2099 1441 1612 1116 2210 2505 2464 2325 2703 3126 3130 2412 2871 2608 3203 2725 2292 2865 2888 3786 5186 3258 
1888 1700 2124 1085 2131 2034 4971 1107 2930 7702 4290 3308 3656 4087 3004 2046 2555 2752 2684 3605 2463 2573 2917 4626 5554 
2019 2619 2642 2392 3355 3626 2656 1946 2260 1187 4290 8777 8702 6792 4190 3066 3442 2937 3043 3874 4085 2622 2874 2811 5439 
2932 3178 3622 3157 2664 5099 6515 2145 6897 4549 3450 4690 6006 7400 7030 6258 4404 4966 3586 3009 4235 3403 3336 3398 3822 
