includes/gis/ASCII_5k/mod13q1_ndvi_2016_033.tif.txt
ncols         25
nrows         20
xllcorner     257482.3972
yllcorner     9670060.6647
cellsize      5000
NODATA_value  -9999
6730 5719 6411 6657 6024 5388 5918 4136 3811 3987 3127 3755 3843 4619 3845 4309 3671 4802 5104 5265 3893 4396 3588 3964 3431 
5966 6279 6284 5423 6388 5096 5914 6000 3440 4705 3640 3385 3053 5385 2833 5196 5522 5395 4382 4002 3701 4113 3053 3354 4227 
5664 6468 7139 5039 5919 5580 5228 4835 5022 4273 4745 3038 4032 4789 4820 4265 4557 3934 3314 3469 5908 4621 4161 2849 3855 
5456 7840 6994 7211 5954 6344 5754 6037 4536 4356 3559 3400 3573 3362 3336 4313 5326 2712 3278 6357 3824 4175 4295 3203 4571 
5837 7082 6637 7188 6589 7657 6167 6192 3838 4842 3615 3718 3384 3892 2501 2694 4149 2957 2506 5566 4556 5688 3761 5604 4330 
5745 6705 6750 7007 7302 6491 5080 5785 4664 4132 5462 3317 2122 2458 2137 3040 3287 2814 4449 5646 6654 4936 3848 4585 5882 
6282 5803 6702 6458 6362 5172 5289 3842 3220 3287 3496 4046 3956 3440 3485 3424 3071 3348 3795 4975 6043 6942 4051 4587 4989 
5997 5780 6640 6791 6464 6124 5123 4209 5416 3939 6449 3330 3999 3867 2685 2864 2458 3339 2875 5485 6690 6203 7727 6550 7603 
5773 6472 6322 5458 7266 6620 6421 5268 4479 4483 4847 3895 4188 2733 3259 3112 3220 3928 2491 4301 6488 7041 6163 7773 7303 
6287 4127 4420 5936 5162 5132 5736 3445 3987 5351 4108 3187 3977 4023 3757 3491 3277 5129 3140 3405 5254 6988 8069 7694 7760 
4997 6757 4451 4015 3467 3153 3624 1823 4796 5515 4044 4583 3539 3775 3203 2930 4087 4732 3910 3029 3086 6753 7676 7524 8197 
4239 5150 4577 3809 3977 2409 2429 2279 1425 3212 4152 3604 3359 2849 3869 3419 2791 4257 4175 2326 3255 7451 7739 6777 8101 
4458 6120 5431 4351 4388 3050 1061 3222 3364 2549 3811 2734 2339 -9999 2831 3144 3093 3630 3037 2689 5461 5628 7150 8464 7706 
4433 4984 4503 4691 6994 3617 2013 4215 4206 7552 4619 2183 3387 3552 2284 3457 3686 3372 6632 1853 5384 5151 7043 6809 8160 
4125 5328 2801 3975 5449 2781 5954 2909 4049 4751 3481 5556 4364 4428 4241 7577 3450 3455 2656 4536 2158 2659 6199 6415 7299 
3398 2419 3484 3086 4438 5519 4980 5073 5034 5652 4281 5548 5519 6352 4843 4162 3531 2817 2567 2630 2954 2774 6127 4086 6569 
2829 4343 3696 4741 4157 5535 6335 6168 6449 6435 6439 6594 6615 6074 5504 3752 3468 4120 2860 2245 3732 4130 3215 4736 5208 
4027 2332 2941 3644 4122 5043 6604 4732 8514 8649 7477 6010 7035 6903 4039 3826 4422 3760 3368 5267 3729 3954 2959 2839 4260 
2276 2873 3509 3450 4052 5521 4760 8916 8717 8521 8518 8846 8773 8249 7467 6094 4594 4669 4847 4723 4665 3719 2304 3313 4198 
3693 3414 4398 3260 3371 4921 8415 8623 5410 4830 5768 6157 6128 7753 8714 6871 6561 6146 5885 5486 5257 3593 2943 3122 3838 
