includes/gis/ASCII_5k/mod13q1_ndvi_2002_145.tif.txt
ncols         25
nrows         20
xllcorner     257482.3972
yllcorner     9670060.6647
cellsize      5000
NODATA_value  -9999
7044 5690 6687 6652 6354 6435 7349 5171 6050 6596 4355 5396 5698 4934 3304 4993 3355 4399 4918 3938 4217 3795 3758 3958 4607 
6654 5485 5404 6454 7227 6661 7325 5759 3864 5250 3969 4384 6199 4266 2997 4393 4824 4839 4021 4775 3898 4427 3857 4445 4828 
5693 6991 5827 5480 6183 7124 5369 4127 5882 4681 2987 3177 3919 4075 3188 2669 2630 3574 3934 4027 6095 4677 4168 4705 4405 
6833 7883 5793 6191 6443 6768 6594 5203 4160 4474 3212 3296 3373 2829 3353 2630 5145 2649 3321 5810 4202 3963 4434 3379 4683 
5765 6933 6313 7056 6814 5982 5884 4075 3097 4077 3609 3435 3161 3528 2576 3222 3403 3417 2969 5193 4113 4703 3996 3618 4339 
4335 6624 6521 6643 7410 5947 4602 3273 3689 3730 6992 3395 2680 2913 3049 2913 2913 3444 3689 5229 5870 3742 4736 4596 4482 
5391 7017 5679 5685 5669 4701 3941 3421 2633 2810 3031 2693 2977 2894 3279 3324 2495 2753 3110 4526 4512 6591 4800 4983 5102 
5558 5495 4638 5829 5618 3473 3579 2805 3244 3247 4552 3708 3098 2861 2471 2649 3118 3028 2937 4197 5387 6754 5923 5794 5066 
4299 6272 6462 5786 6493 4113 3408 2760 2542 2740 3043 2465 2937 3017 2386 2281 1982 2705 2886 3610 6137 6425 5852 7387 6683 
5254 4870 4824 5827 5617 4135 3046 2159 2181 2441 2238 2300 2272 2336 2513 2083 2605 2809 2586 2770 4768 6004 7549 7426 6215 
5347 5498 5315 5474 4958 3862 2114 1396 2340 2294 2121 3062 2570 2761 2313 2175 2680 2519 2919 2845 3772 5871 6820 6940 6854 
5494 5283 4049 4195 3260 2867 2248 1602 1180 2348 2247 2247 1930 2505 2480 1941 2092 2743 1937 2438 3768 6825 7143 7263 7087 
6027 4339 3570 3442 3980 3360 1393 4074 2766 1906 2795 1445 2016 1425 2168 2209 2171 2748 2741 2127 4580 5855 6328 8509 6817 
5195 3782 2895 4190 4564 1915 1319 3049 2201 7459 5039 1846 2253 1905 1873 1688 2888 2664 5723 1779 3202 3693 5836 6308 7082 
3631 3811 2270 2306 4541 2450 3998 2499 2480 2125 2458 2059 2320 2353 2269 6946 2218 2837 2918 3760 1897 2219 5344 6147 7379 
3156 2342 2182 2408 2545 3076 4301 4766 3067 3129 3146 3407 2641 3193 2437 2934 3502 3580 2847 2831 2905 2101 5435 3815 6591 
2647 2084 1738 2488 2615 4372 5199 5855 5171 5732 4164 4124 4029 4181 2836 3387 3548 4921 3253 2361 2815 3444 3748 4465 5006 
1905 1605 2241 3008 3839 3964 7082 6045 8609 8517 7193 4803 5420 5288 3470 3002 4590 3407 2770 4492 4306 3098 3527 3347 3844 
2325 2563 2427 2574 3138 7058 8083 8929 8270 8792 8149 8854 8904 7405 5602 4303 5072 3599 4618 5956 4719 3386 2653 3881 4318 
2450 2894 3223 2970 2817 7681 8691 8696 5046 5689 3340 6175 5628 7977 7711 7420 5514 6187 5716 4403 4709 3932 3768 4026 4344 
