includes/gis/ASCII_5k/mod13q1_ndvi_2017_337.tif.txt
ncols         25
nrows         20
xllcorner     257482.3972
yllcorner     9670060.6647
cellsize      5000
NODATA_value  -9999
3596 3347 4779 4466 5239 4132 4930 4110 4526 6408 4488 4847 5444 6298 5014 2917 4946 5275 4206 4553 2929 3602 3372 3147 3933 
3388 3965 4043 4779 5401 3962 4488 4908 3595 4493 3461 4065 3813 6968 5016 4760 4629 4859 4072 3419 3226 4341 3601 6019 5596 
3376 4602 3611 3739 5120 4247 4565 3665 3365 3391 3408 2619 3967 4778 3832 4836 3812 3406 3797 3627 5964 5793 4648 3362 4153 
3716 5808 3920 3358 3467 3298 4309 3622 3014 3770 2789 2873 3824 3494 4775 5188 5672 3617 3510 6731 3954 3623 3420 2913 5370 
3546 3775 3707 2949 3282 3686 3341 2661 2600 3061 2684 3342 3621 5177 3548 3861 4589 4249 3347 6510 4351 5219 3414 4697 4949 
2132 3931 2749 2910 2634 2490 3242 2663 2160 2545 2430 2534 2586 2953 2759 3182 3615 2898 3841 6103 6768 5724 4175 4762 5769 
2620 4046 3716 3335 2720 2590 2505 2328 2082 2212 2316 2134 2789 2901 3578 2598 2725 2845 3587 5648 5704 6910 5631 5987 5835 
2819 2675 2750 3505 2551 2590 2479 2594 2163 2208 3353 2208 2967 3016 1919 2178 1833 1703 2453 4718 7074 7087 8020 8288 8748 
3175 3043 2700 2589 3298 2530 2029 1959 1897 2024 2224 2262 2944 2588 2670 2809 2026 2297 2864 3669 5523 6487 5482 7756 8160 
4119 2331 2429 2632 2234 2436 2026 1772 1810 1799 1905 2199 2225 2769 2138 2427 2181 2039 1663 3257 5865 6199 6300 8078 8047 
3065 3031 2063 2687 2169 2016 1521 1166 1763 1800 1895 2270 2324 2624 2666 2525 2840 2263 1917 2213 3337 6787 4873 7145 8046 
2644 2778 2662 2191 1636 1315 1366 1329 1069 1705 1449 1768 1936 2147 2715 1754 1633 1750 1630 1825 3151 7300 6935 5588 7479 
2314 2426 1913 2906 1890 1427 1213 2356 1284 1405 2427 1182 1804 1790 2774 2751 2106 2654 2565 1472 4254 6154 6287 6597 7283 
2260 1464 1577 1809 2522 1527 1215 2293 1704 6329 2577 1763 1903 1935 2886 2422 3039 2998 5240 1475 4301 4802 6713 4896 7454 
2481 1903 1406 1545 2425 1899 2361 1755 1710 3835 1956 900 1265 3412 3190 6655 2224 1792 2422 4177 2427 2166 5958 6225 7370 
1771 1319 1246 1516 1734 1968 2110 2508 3621 4294 2911 2457 2882 3490 4615 3438 4167 2355 2620 3106 4229 3274 5063 5605 6501 
1789 1745 1390 1944 2109 3646 4051 3914 4497 4844 3864 5242 5770 5438 3525 4601 3127 3978 4957 3083 4199 3151 3608 4245 5143 
2291 1425 1882 1895 2815 3495 5122 8301 7538 5923 6970 5368 6479 4653 3995 3304 5765 6230 5617 5686 4859 4645 2678 2733 4565 
2383 2340 2732 3291 3279 4285 8195 8499 5444 1493 958 4523 7684 2693 4114 6335 6989 4889 5541 6469 6297 2797 2289 2714 5360 
2097 2855 3773 4087 3291 6419 7497 8924 4696 2142 471 428 845 1362 2727 7977 6231 6320 5341 6679 6057 3937 4424 2258 3492 
