includes/gis/ASCII_5k/mod13q1_ndvi_2011_001.tif.txt
ncols         25
nrows         20
xllcorner     257482.3972
yllcorner     9670060.6647
cellsize      5000
NODATA_value  -9999
5182 4722 5374 4698 5578 4209 4876 2893 4296 5033 3104 4711 4485 5011 3087 2504 2338 3427 2723 4387 3830 4212 4082 4373 4362 
4759 5093 5391 5254 6002 4892 4939 3454 2763 4209 3724 3719 4133 4387 2634 3203 3398 3325 3611 3176 3604 4213 4510 4942 4957 
4794 6006 5820 4961 5620 5400 4605 3510 4165 3503 2806 2802 3579 3891 2558 2645 3032 2768 3306 3141 4916 4275 5302 5474 5701 
5430 7295 5697 6022 4729 5171 4734 4236 3654 4334 2842 2737 3883 2895 2872 2603 3379 3242 2782 5522 3610 4320 5896 3636 5504 
5555 6084 5889 5474 5339 6942 5117 4350 3307 3800 2844 3559 3365 3892 2464 2785 3862 3613 3019 4777 4460 4950 2522 4253 4971 
4683 6174 6086 5272 5616 5522 3911 4889 4824 3413 4984 3097 3107 2712 2138 2378 3097 2423 2979 4706 5757 4425 4202 4540 3880 
4871 5993 5928 6251 5959 4750 4799 4762 3077 2814 2582 2808 3116 2761 2601 2365 2476 2608 2580 3541 4573 6357 5346 5303 4615 
5345 5107 5535 5812 5052 5775 4537 3388 3048 2439 4016 2456 3456 2847 2124 2452 2484 2178 2338 2922 5703 6670 7389 7588 7962 
5156 5758 5856 4896 5067 4420 4229 3416 2950 2765 2481 2307 2941 2741 2163 2684 2280 2630 2291 2456 6045 6396 5966 7883 7666 
4712 4520 5012 4227 3551 3306 3403 2433 1907 2128 2226 2545 2250 2420 2305 2586 2762 2400 1905 2492 4560 6912 7769 8016 8049 
3452 4776 3826 3870 3136 2801 1704 1221 1809 1924 2606 2544 2122 2356 2845 2614 3762 2452 2731 2748 4035 6421 7952 8183 7968 
2574 3141 3231 2915 2282 1824 1761 1485 1110 2013 1941 2024 2241 2482 3314 2520 3911 3474 2395 2673 3702 7397 7670 8227 8236 
3132 2445 2142 3030 2671 2538 1324 3195 2110 1839 2578 1290 2187 2810 2703 2964 3070 2432 2208 1769 5010 5763 6638 8654 8111 
2506 1942 1748 1824 5666 1668 1316 2918 1978 7260 4314 1688 3085 2792 2354 3570 5868 3801 6870 2258 4994 3919 6727 6641 8274 
2419 2117 1453 1644 3858 2200 4563 3398 2292 2904 2296 3206 2941 4122 2514 7849 3671 2839 2000 5313 2494 2580 6105 6510 7964 
2100 1551 1652 1708 1915 2388 2844 2722 3646 2788 3375 3743 2763 4980 3448 3247 4102 4149 2682 3044 4185 3003 5714 4478 6888 
2493 1875 1402 2174 2548 3181 3854 3392 3364 4504 4290 5746 5565 4833 4840 3684 2640 4497 3665 2621 3173 3124 3217 4666 5180 
2814 1765 2265 2587 2640 3994 6189 6342 8204 8431 7438 4488 4521 4584 4121 5003 4618 3547 3327 4063 3666 3532 3575 3309 5244 
2503 2379 2637 3131 2791 4578 5123 8989 8718 8579 8411 8750 8877 8289 6994 6189 6530 6185 5373 4897 4568 3316 2490 4727 5062 
2888 3340 2747 4083 5043 5591 8244 8566 5621 5152 5756 5766 6319 7656 8678 8246 7385 7003 6351 5905 6441 4008 3975 4088 5216 
