includes/gis/ASCII_5k/mod13q1_ndvi_2014_177.tif.txt
ncols         25
nrows         20
xllcorner     257482.3972
yllcorner     9670060.6647
cellsize      5000
NODATA_value  -9999
2528 3060 3678 3695 3391 3784 2778 2399 1932 2606 3011 3722 3603 3204 1732 2996 2480 2243 2863 3196 2992 3106 2835 2169 2805 
2493 2884 3154 3057 1176 2561 2514 3054 2371 3510 3075 2776 2935 3083 2017 2520 2915 3472 3151 2902 2953 3482 3066 2349 2381 
3081 2338 3518 2932 3387 2944 2503 3155 3326 3111 2252 2309 2732 2816 1622 2476 2642 2041 2992 2805 4411 3523 3242 3206 2931 
2090 3112 1898 2639 2401 3369 3409 3795 2618 3167 2475 2524 2772 2327 2318 2839 2948 2290 2355 4128 2279 2803 3394 2974 3229 
3062 3082 3069 2632 2863 3741 2670 2793 2582 2127 2789 2497 2549 3012 2234 2228 2393 2406 2029 3041 3062 3549 3012 3239 3837 
2859 3142 2906 2997 2812 3126 2577 2702 3111 2780 3783 2835 2365 2612 2151 2347 2425 2123 2580 1910 4722 3546 3699 3520 3216 
2708 3270 3589 3790 2785 2638 3976 2386 2709 2374 2484 2638 2553 2475 2596 2356 2235 2488 2429 3470 1573 5853 3020 3413 3809 
2965 2540 3363 4116 3227 3143 2245 2761 2491 2317 3453 2508 2394 2352 2177 2449 2353 2223 2371 2569 3021 2527 4772 4172 4430 
2794 2720 2876 2978 3484 2440 2645 2463 2471 2609 2609 2765 2617 2611 2217 2091 2052 2424 2445 2642 5373 2949 5530 6513 5462 
3071 2618 2705 2944 2871 2875 2561 2476 2383 2843 2345 2532 2359 2602 2478 2465 2625 2387 2133 2623 3150 4841 5776 5953 5058 
2831 3353 2478 2983 2783 2011 1741 1433 2386 2259 2016 2561 2883 2834 2361 2502 2675 2879 2268 2486 2654 5385 6341 6395 5785 
2328 2297 2429 2060 2288 1989 1979 1869 1158 2009 2493 2212 2010 2917 2793 2078 2472 2699 2365 2681 2856 5910 6175 5854 6185 
2638 2166 1970 1977 2147 2016 1403 3074 2836 1724 3050 1441 1891 1938 2385 2336 1737 2033 2169 2047 3029 3462 5226 8020 6194 
2319 1818 1981 2012 2449 1656 1480 2272 2003 6279 3300 1931 2185 2194 1740 2237 2568 2273 3812 1415 2665 2662 4757 5792 6970 
2308 1904 1513 1935 3575 2248 3424 1907 1892 2282 1974 2085 2382 2309 2851 5449 2312 1985 1869 3695 1974 1769 4856 5525 6870 
2217 1609 1650 1662 1995 2366 1956 2757 3175 2873 2468 2898 2526 2601 2676 2562 2554 2332 2011 2091 2499 2407 4956 4580 5515 
1940 2138 1401 2084 2337 1894 2149 2238 2507 1333 2952 3423 3522 3142 2952 3092 2119 2751 2357 1883 3091 2519 1936 2918 3709 
2568 1588 2076 2349 2668 2704 4041 4266 1963 4044 3415 3708 3939 3847 2888 2988 3088 2486 2238 3163 2721 2184 2045 2261 2874 
1705 1913 2371 2534 2681 4708 6989 6472 8153 5168 2381 6707 8779 7526 5413 4463 3986 3762 2935 3372 2760 2294 1575 2353 3539 
2265 2535 2892 3024 3145 5925 8062 8085 6219 5436 5837 5746 6579 2154 8364 7296 4880 3957 3103 3369 3216 2453 2681 1928 3064 
