includes/gis/ASCII_5k/mod13q1_ndvi_2008_177.tif.txt
ncols         25
nrows         20
xllcorner     257482.3972
yllcorner     9670060.6647
cellsize      5000
NODATA_value  -9999
3186 2798 3671 3669 3611 2875 3935 2376 2563 2313 2332 3860 3822 3634 2458 3198 3487 4082 3823 3470 3029 3417 3722 3325 2802 
3074 3619 2902 3492 3933 2884 3226 2810 2055 2571 3046 3243 3558 3162 2968 3641 3720 4030 3417 3464 3286 3966 3655 3863 4201 
4126 4421 3369 2635 3148 3251 2865 1979 2693 2258 2506 2617 3160 3270 3026 3496 3539 2991 3836 3533 4695 3780 4302 3663 3357 
3684 4577 3055 3662 2757 3141 2866 2841 2649 3528 2564 2936 2837 2614 3125 3485 3745 3170 2998 5240 3869 3269 3638 3149 3396 
3423 3730 3587 3482 3459 4726 2892 2592 2346 2866 3018 3025 2825 3427 2505 2766 3278 3038 2779 4680 3714 3667 3318 3115 3173 
2946 3796 4447 3461 4016 3678 2439 2567 2447 2371 3940 2977 2357 2812 2465 2564 2716 2510 2983 4736 4473 3773 3402 3363 3352 
3009 3300 3965 3836 3103 2864 2940 2485 2260 2263 2379 2405 2960 3090 2780 2747 2652 3026 2982 3714 3674 5528 3254 3507 3891 
3610 2827 2970 3685 3296 2836 2625 2862 2410 2503 3039 2739 2580 2720 2247 2623 2741 2588 2473 2808 4753 5624 4802 4329 4465 
2876 2776 2957 2909 3579 2391 2843 2269 2715 2609 2385 2676 2783 2665 2341 2257 2214 3048 3109 3223 5408 4519 5255 6017 5862 
3159 2390 2669 3115 2630 2785 2524 2487 2404 2436 2274 2501 2689 2569 2618 2150 2556 2627 2361 2480 3981 5038 5896 6022 4594 
3099 3176 2019 2648 2571 2246 2014 1360 1931 2033 1990 2612 2461 2484 2438 2213 2473 2874 2605 2935 3209 5272 5167 5577 5024 
2446 2592 2767 1925 2215 1631 1577 1336 983 1736 2012 2110 1992 2167 2294 2102 2185 2800 2598 2760 3388 6254 6025 5542 5486 
2529 2556 2147 2480 2041 1605 1405 2607 2015 1469 2759 1286 2070 2082 2273 2388 2147 2660 2257 2067 3537 3838 5138 8253 5514 
2459 2023 2202 2111 2902 1713 1377 2156 1497 6416 3286 1718 2359 1940 1883 2144 2812 2381 4076 1555 2618 2949 4850 5589 6882 
2666 2158 1391 1690 3434 2118 2671 1893 1659 1878 1831 2003 2425 2761 2257 6492 2561 2225 2389 3972 1871 1592 4514 4331 6256 
2222 1640 1439 1641 1820 2018 2073 2162 2340 2496 2408 2821 2470 2957 2680 2572 2832 2680 2090 2522 2717 2346 4292 2842 4118 
2288 1917 1332 2398 2447 2689 3377 2480 2903 2961 3012 3439 3841 2923 3164 3297 2482 3385 2812 1972 2577 2275 2413 3071 4382 
2183 1727 2003 2308 3169 3091 3083 6327 6757 6856 4534 3478 3526 4574 3097 2851 3619 2991 2472 3088 2440 2092 2322 2404 3046 
1866 1692 2191 2341 2495 3437 6931 8525 8463 8337 8190 8261 8508 7470 4607 3844 3496 3659 3100 3499 3137 2055 1802 2549 3917 
2409 2254 2741 2802 2492 5155 8569 8422 5917 5718 5893 5638 6047 7310 6691 7380 5010 4222 3520 3333 3091 2335 2629 2285 3068 
