includes/gis/ASCII_5k/mod13q1_ndvi_2001_033.tif.txt
ncols         25
nrows         20
xllcorner     257482.3972
yllcorner     9670060.6647
cellsize      5000
NODATA_value  -9999
7342 6875 6805 7470 7161 6974 6821 6675 6896 7044 5657 7051 7738 7510 6590 7022 7177 7256 7589 7028 6984 7061 6870 6664 7030 
7693 7294 7559 7478 7668 7275 7183 7037 6147 7262 6333 6702 7769 6932 6756 7417 6134 6608 6579 6722 7026 7259 7126 7736 7464 
7138 7952 7812 7452 7074 6962 6329 6577 7647 6650 7347 6743 5778 6986 6700 6346 6790 4852 6274 4690 6672 8066 7605 7184 7352 
7346 7854 7908 7915 7017 6833 7054 6520 6399 7007 6598 6738 6473 4614 4323 5391 6475 5603 5437 7609 7167 6661 7775 6776 7535 
7609 7618 7003 6510 8280 7498 7485 6962 5849 7379 6610 6513 5352 4815 3873 5481 5759 6239 6019 7131 6859 7224 6575 7765 7386 
6471 7206 6997 7492 7961 7433 7028 7001 7270 6966 7817 6940 4875 5399 5054 4516 6132 4815 5862 6948 7934 7458 8086 7324 7160 
6723 7406 7046 7273 7881 6980 7230 7199 6788 6843 6017 6522 6828 5791 5765 4121 4680 5638 5540 6371 6872 7582 7432 7462 6698 
7591 7388 6141 7393 7519 7365 6468 6655 6916 7621 7847 7844 6573 5957 5602 5302 5653 4210 4954 5669 7045 7162 7898 8113 8033 
7206 7530 7502 7102 7265 7726 7719 7753 7926 7607 7560 5987 6573 5905 4909 5891 3332 4262 4191 5172 5888 7202 5778 7096 7859 
6752 5720 7524 7621 6790 7294 7281 6779 6145 6707 6590 5851 5868 5384 6104 4551 3291 3076 4348 5395 6344 6505 7323 7521 7724 
6368 8103 6665 6465 6410 6562 6000 986 5777 5321 5051 6511 5827 5844 5972 5432 4156 2943 4412 4821 5398 6396 7264 7794 7884 
5896 6885 7018 5308 6988 4705 4577 896 518 4904 2008 6361 5819 5444 6632 5272 4410 4666 5458 4574 5892 7266 7274 7569 8002 
6371 7141 6439 5963 7961 7014 1071 4302 5704 4116 5483 4877 6833 7459 6767 5734 5434 5568 4471 4334 6329 6973 6607 8199 7653 
6069 3798 5174 6711 7114 3901 1106 7298 7055 7754 6790 2209 4709 5908 5201 6176 6532 5609 7667 3079 5533 5600 7154 6584 7714 
5120 5072 3343 3888 5566 3381 7295 5771 6586 6333 6245 7019 6107 6883 5442 7876 4913 5897 4952 6433 5175 2486 6375 6375 7190 
3508 2695 2892 2679 3997 4205 5395 7014 6825 6940 8041 6545 6529 6969 7985 6083 4660 5881 5582 6016 4834 4094 6077 5654 6846 
3851 3287 2389 3499 4078 5055 7158 7517 7460 6839 7243 7082 7420 7318 7006 6345 5898 6978 6044 6078 7382 5582 3099 4758 4877 
6175 3098 3570 3426 3629 4831 7156 6691 8353 8425 8224 6795 7492 7415 7592 7465 6930 5829 4923 7083 6911 4955 3753 4655 5766 
4609 4492 5459 3649 3835 6265 6580 9019 8758 8447 8085 8953 9041 8168 7962 7207 7540 6840 6865 7154 6422 5867 3856 6491 6131 
6733 6170 5743 4449 4915 5235 8682 8629 6146 5108 5131 5560 5801 7718 7506 8214 7455 6726 7068 6518 7120 5902 5134 3632 5498 
