includes/gis/ASCII_5k/mod13q1_ndvi_2017_129.tif.txt
ncols         25
nrows         20
xllcorner     257482.3972
yllcorner     9670060.6647
cellsize      5000
NODATA_value  -9999
4092 4439 5646 5115 4115 4967 4040 2636 3330 4343 4432 4721 6472 6946 3519 5148 3729 5283 4762 5146 4280 4597 5835 5290 4581 
4835 3855 2899 4353 2884 4373 4158 4392 3434 4835 4924 4759 4874 5704 4506 6535 7116 6743 5672 3876 4511 5239 5658 5803 4390 
5232 5117 4987 3529 4496 4217 4286 3112 4721 3887 3526 3134 4662 4329 2598 2215 4655 3657 4361 3769 7123 6733 5006 3102 3812 
5900 3221 6234 4468 3082 3517 5103 3276 3031 4036 4076 3383 3503 3138 3445 3156 3025 3015 3628 7561 4018 5601 4695 3267 5217 
3049 6063 6149 5011 4066 6199 4164 2778 2540 3601 3785 4236 3507 4662 3103 4298 4447 4044 3351 6696 4980 5920 4133 4602 4582 
3748 6627 2726 2645 3692 2218 3667 4437 3784 3316 5069 4894 3666 3793 2935 3564 4923 4266 4513 6997 7349 6480 6331 3957 5116 
4740 2867 7087 5837 3535 2517 4130 1546 3500 3682 3022 3632 5012 3790 3911 3493 4435 4880 4509 5805 6097 6217 4798 4639 5883 
4949 4378 5273 4507 3033 4023 4253 4221 3029 2567 5502 3580 4165 3977 2897 3127 2682 3634 3154 4897 7061 7017 7992 6230 6190 
3458 6077 2745 5964 4485 2952 4302 2953 2978 4378 3262 2416 3674 3747 2786 2634 1632 2671 3453 4507 5967 7391 6361 7383 7657 
3721 3124 3858 -9999 4638 4560 4667 3579 4154 1627 2179 2284 2261 3496 2766 2937 2546 2967 3096 4735 7160 6779 8051 8073 8131 
1988 3974 4005 3356 2739 3161 2774 1427 2841 2473 2057 3074 2144 3668 2585 2374 3618 2917 2696 3626 5040 6850 6863 7829 8260 
1929 3420 3392 4183 2360 1931 2081 1585 1143 2679 2433 2747 2742 4067 3763 2834 2541 2969 2383 3844 5623 7807 7180 7586 8109 
4049 2253 2552 4032 3266 1621 920 2729 2632 1539 2366 1516 2378 3187 3445 2857 2974 3691 2496 2948 6012 7201 6844 8535 7678 
2376 1882 2377 2169 4886 1680 1446 3417 1643 8052 3457 1908 2613 2252 2422 2064 3417 3030 6526 2536 6250 6308 7769 6893 7751 
1472 1411 1571 1973 3742 2804 2334 2581 1919 3654 1759 2418 3087 2912 3263 7009 2880 2428 3028 5514 1747 2797 6780 6457 5998 
2445 1176 1037 1898 2797 4121 3956 3036 4015 2896 3318 4883 2338 4135 2768 2987 3519 4001 3100 3393 4245 2751 5630 5416 6917 
2328 3079 1816 698 2147 3526 4127 6805 6816 4238 4732 3903 3408 4381 3564 2958 2253 4073 3298 1811 5622 4513 4035 3750 6219 
3292 1647 2392 2515 5093 6321 1441 -9999 1254 6613 5959 4756 5219 5446 2668 3455 4530 3521 2899 4929 4871 3954 3535 5021 5526 
2308 3256 3315 4402 5924 3948 1232 625 3407 6556 1335 2859 888 8468 6287 5189 5078 5756 5315 4196 4559 2926 2339 3958 6182 
3529 3520 3736 5184 5542 3728 560 869 3374 5375 1213 2308 6749 8170 8338 8313 6577 6059 4220 5196 4974 4286 4116 2677 4782 
