includes/gis/ASCII_5k/mod13q1_ndvi_2003_001.tif.txt
ncols         25
nrows         20
xllcorner     257482.3972
yllcorner     9670060.6647
cellsize      5000
NODATA_value  -9999
6990 6446 6185 6504 6437 6885 6591 5485 6180 7029 5311 6339 7203 7054 4889 6457 6286 7056 7730 6993 6007 5887 5834 5727 6256 
6685 7181 6574 6365 6817 6368 6968 6706 5334 6785 5459 6117 7080 6803 5720 6552 6571 6563 6437 7168 5298 6505 6596 8179 7946 
6327 7405 7146 6325 6685 6715 6122 5852 6700 6664 5753 5124 5746 6341 6203 5997 6211 4339 5810 6229 8020 7347 8083 6794 7517 
6937 7920 6260 6782 6236 6594 6580 6303 5702 6305 5015 5623 5546 4946 5896 5818 6045 4706 4970 7307 7992 6902 7025 5620 7033 
6763 7171 6972 7089 6792 6985 6786 6089 4789 5919 5951 5658 4895 5027 5420 5772 6028 5765 4321 6689 5612 6430 5394 7169 7026 
6265 7184 6906 6910 7240 5994 5796 5866 6297 5926 7684 5991 3879 3798 4113 5431 6324 4433 4364 6740 7922 6552 8000 7117 7366 
6265 6846 6988 6269 6967 5886 5641 5116 5758 5494 5192 5494 5707 4349 4143 4717 4659 4543 4842 5909 5990 7516 7320 7552 6428 
7333 7068 6483 7075 5698 6309 5023 5528 7363 7729 7299 6093 6296 5553 5040 4478 5329 4838 5295 5340 6966 7039 7991 8071 8000 
6749 7338 6587 6270 7153 5859 6654 6212 7107 7017 6890 5780 6541 6115 4578 4094 3949 3760 4522 4150 6082 7146 5830 7945 7905 
7042 6799 5978 5300 5854 5940 6063 6266 6889 7308 6043 6729 6296 6046 6377 4545 4130 3613 4339 4117 5839 6414 8116 8199 8315 
5739 6711 5672 5071 4843 4646 4495 2782 6389 6570 6658 6454 6150 5927 5410 4618 4690 5893 3687 3493 4709 6439 7565 8034 8296 
6228 6208 6262 4955 5111 4056 4249 3148 1030 4969 4140 5633 5045 4413 6677 4262 3193 6305 3681 3061 4863 7554 7361 7857 8022 
7174 5898 5273 5349 6042 5115 1930 4290 5401 3080 4927 4368 4698 5317 6672 4921 3885 4851 4286 3307 5145 7164 7114 8708 7693 
5306 3262 4513 5387 5910 2677 1192 4112 4169 7484 6187 2024 4041 5563 6400 6608 5547 3605 6134 2321 6059 6540 7470 6732 8142 
5537 5420 2717 3908 5742 3375 6732 3978 4778 5544 4321 6212 5303 4928 3811 8118 4194 4908 4668 5507 3755 3641 6481 6672 7690 
4695 3229 3407 3850 4957 4835 6292 6583 6757 7279 7144 6970 5643 5833 5680 4460 5566 5389 3372 5184 3807 4219 6558 5515 7584 
4515 4861 3128 6522 5129 6264 6829 6387 6700 6969 6616 6697 6875 6835 7222 5430 5811 6475 4992 5314 5144 5076 4966 5973 4949 
6698 4432 5806 5379 6288 7291 7657 7789 8185 8250 7870 5894 7155 7124 6929 8078 6863 5180 5068 6477 6045 4413 5643 5777 5600 
5359 5961 6852 6525 6596 7541 4969 8781 8423 8210 8054 8411 8564 7176 7384 6939 7774 7077 6536 6252 5988 4766 3636 5240 6337 
5859 5660 5412 7111 6513 6420 8713 8634 5931 5142 5211 5689 5545 6972 6294 7964 7167 7166 7049 6095 6615 6093 4769 4303 4302 
