includes/gis/ASCII_5k/mod13q1_ndvi_2000_145.tif.txt
ncols         25
nrows         20
xllcorner     257482.3972
yllcorner     9670060.6647
cellsize      5000
NODATA_value  -9999
3628 2810 4185 4151 3809 2881 4297 2335 3073 3080 3195 3964 4183 3908 2088 2592 2707 3398 4338 3834 3778 3718 3612 2955 3439 
3542 3214 2663 3569 4311 3080 3118 2860 2615 3649 3095 3421 3672 2512 2569 3278 3857 4022 3807 4201 4096 4087 3315 4195 4543 
4556 4397 3636 2736 3047 2989 3205 2694 3438 2477 2653 2503 2719 2658 2941 2757 3144 3280 3843 3840 4942 4224 4085 4572 3928 
4547 5218 3010 3025 2854 3359 3077 3291 2885 3781 2710 2712 2747 2424 2767 2775 3271 3099 3386 5035 3811 3849 4220 3993 4566 
4435 4495 3773 3481 3825 3270 2983 2758 2596 3044 2966 3172 2954 3393 2181 2531 3338 3294 3262 5245 3442 4234 3996 5061 5031 
3591 5146 5512 3886 3329 3715 2609 2625 2644 2513 3574 2565 2516 2498 1870 2612 3220 3289 4493 5662 5172 4283 4833 4514 4861 
4672 5132 5172 4607 2995 2568 2487 2430 2231 2311 2303 2427 2696 2460 2349 2355 2802 3046 3690 3811 4327 6115 4226 4771 5151 
3927 3868 3099 4533 3072 2313 2246 2707 2371 2095 3166 2532 2428 2557 2205 2750 2546 2284 3155 3356 5316 5947 6309 5819 5477 
3758 3166 3920 3452 4291 2234 2282 2017 1997 2180 2169 2294 2743 2828 2573 2470 2166 2124 3026 3255 5958 4972 5193 6760 6479 
3720 2798 3040 2954 2950 2527 2235 2058 2016 2182 2055 2332 2283 2564 3034 2559 2499 2209 2510 3216 4945 5544 7195 6211 5913 
3193 2958 3022 3188 2476 2386 1898 1402 1994 1947 1875 2159 2485 2807 2765 2285 2636 2519 2280 2827 3659 5668 6123 6009 6272 
2078 2701 3073 2494 2001 1645 1709 1863 1110 1778 1876 1822 1938 2364 2609 2319 2256 3049 2445 2582 3511 6988 6843 5347 5677 
3733 2137 2216 2462 1993 1760 1201 3826 2016 1749 2207 1185 1711 2006 2521 2366 2476 2414 2655 2048 3974 4509 5133 8224 5936 
2533 1961 1823 2009 1929 1667 1384 2338 1640 6318 3627 1805 1981 1850 1958 2210 3389 2850 5427 1553 2982 3707 5447 5610 7271 
2420 2013 1663 1703 3366 2406 2687 1881 1686 1792 1761 1603 2368 2476 2170 6226 2267 2513 2301 2775 1930 2260 5875 4976 7133 
2281 1705 1610 1792 1757 1978 2115 1687 1663 1979 2140 2700 2090 2717 2484 2409 3054 2853 2035 2411 2792 2396 5523 3496 5594 
1897 1668 1299 1900 2371 2634 2626 2211 2482 2374 2361 2559 2954 3160 2666 3292 2495 3161 2674 1983 2193 2318 2817 3692 5329 
1744 1563 1924 2046 2289 3096 5834 5931 7530 7288 4243 3126 3591 4052 2925 2058 2489 2645 2675 3478 2327 2250 2212 3293 4126 
1995 2345 2478 2158 2960 4760 6881 7958 3880 8147 7797 8098 8235 6726 4023 2983 3184 2832 2781 3493 3517 2395 2373 3407 4668 
2343 2930 3230 2885 2367 6467 7670 8508 6657 5709 5321 4716 5877 6996 6313 5568 4023 4408 3152 2901 3343 2940 3459 3028 3163 
