includes/gis/ASCII_5k/mod13q1_ndvi_2017_353.tif.txt
ncols         25
nrows         20
xllcorner     257482.3972
yllcorner     9670060.6647
cellsize      5000
NODATA_value  -9999
3139 2772 4243 3275 4605 3453 3967 2923 3239 3429 3846 4092 5045 5282 3081 2234 2881 4792 3553 4196 2800 2737 2956 2751 3490 
2856 3110 3050 3982 4914 2929 3721 3568 2377 3735 3126 3239 3615 5250 3151 3446 3490 3830 3592 2918 2759 3804 3398 5303 5344 
2933 3931 3050 2672 4181 3429 3789 2355 3545 2498 2451 2323 3378 3350 3139 3483 3121 3644 3205 3264 5443 4880 3846 3135 3659 
3424 5392 3387 2859 2670 3279 3713 3528 2620 2897 2543 2555 3341 2700 3176 3608 3569 2267 2738 6428 3824 2865 2966 2604 4786 
3306 3286 3004 2730 2995 3171 2627 2373 2248 2612 2373 2817 3053 3841 2321 2944 3412 3350 2932 6025 3651 4737 3437 4194 4789 
2017 3593 2447 2738 2531 2796 2742 2382 2139 2280 2477 2239 2201 2371 2064 2382 2518 2273 3069 5664 5847 4663 3653 4342 5158 
2411 3975 3888 3097 2554 2509 2557 2229 2075 2124 2224 2135 2546 2391 2626 2336 2367 2497 3201 5281 5370 6892 5025 5819 5831 
2514 2400 2633 2962 2548 2466 2372 2360 2154 2122 3386 2181 2656 3075 2105 2199 1649 1702 2293 4202 7123 7239 8218 8306 8345 
2605 2723 2591 2546 2856 2144 1981 1913 1871 1929 2181 2124 2603 2099 2344 2169 1959 1986 2542 3107 6144 5830 6063 8241 8212 
3464 2173 2502 2580 2094 2292 2033 1770 1814 1617 1891 2515 2272 2513 2074 2204 2186 1839 1710 3178 5703 6440 6922 8388 7723 
2857 3019 2067 2470 2094 1917 1469 1242 1410 1667 1763 2157 2169 2280 2381 2318 2973 2175 1836 2038 2868 6714 6296 6983 7924 
2182 2449 2367 1995 1643 1293 1387 1348 1034 1544 1409 1728 1921 2037 2227 1710 1750 1799 1641 1791 3133 7801 7287 7548 8249 
1859 2182 1946 2835 1834 1425 1296 2449 2021 1489 2106 989 1756 2168 2934 2506 1910 2464 2584 1583 4172 5990 6571 8386 7331 
1984 1472 1654 1664 2587 1444 1291 2071 1707 6048 3448 1622 2081 2339 2545 2914 2917 2459 6160 1434 4548 5170 6422 6564 7574 
2092 1859 1152 1460 2654 1915 2288 1612 1573 2746 1811 1403 1994 2826 2415 7234 2313 2299 2411 4688 2624 2124 6144 5747 7774 
1677 1238 1478 1389 1630 1769 2004 2353 3575 3622 2314 2919 3183 4050 3459 2996 2984 2603 2778 3039 4024 3144 4832 4039 6031 
1675 1711 1147 2073 1985 3032 4213 3919 4476 4851 5004 5487 5346 4304 3542 3916 3310 3554 3281 2377 4185 3039 2955 3472 4969 
2133 1145 1708 1825 2605 3625 4997 7766 8601 8463 7202 5652 6839 5058 3307 4577 5667 4551 4078 5359 4044 3630 2868 2681 4313 
1568 1883 2480 3073 3046 4137 7622 8931 8664 8551 8505 8776 8983 8356 6244 6821 7076 6342 5820 5280 5350 2498 2063 1986 4748 
1935 2255 3534 3497 2787 5115 7444 8636 6306 5115 5847 6339 6427 7659 8646 8581 6943 6583 5829 6365 5730 4045 3554 2137 2843 
