includes/gis/ASCII_5k/mod13q1_ndvi_2009_305.tif.txt
ncols         25
nrows         20
xllcorner     257482.3972
yllcorner     9670060.6647
cellsize      5000
NODATA_value  -9999
3024 3354 3946 3920 4255 3276 3870 2595 3564 4683 3947 4732 4742 4895 2039 2520 2320 3815 4711 4214 3791 5446 4919 4591 3966 
3252 3450 2933 3613 3208 2405 2998 2541 2371 3738 3568 3424 4010 4207 3615 4643 5481 3056 3238 4760 4802 5369 5068 5699 5979 
3764 4824 2741 1999 2686 2512 2632 1999 2609 1880 1943 2293 3706 3684 2901 3064 2877 3537 3110 2988 5827 5264 4132 4071 4657 
3638 4828 2639 2847 2500 2813 2608 2650 2614 2914 2116 1979 2989 1731 2443 3426 3580 2444 1725 5651 3739 2387 3207 2500 3841 
3634 3348 3361 2574 2838 3088 2819 2279 2789 2897 2625 3379 2623 3092 1740 1921 4238 3942 2318 3644 2484 2617 2019 2544 2763 
2193 3715 2593 2487 2759 3150 2424 2517 2170 2466 2685 2779 2294 2558 1917 1896 2163 2248 3469 4290 4451 3115 2121 2216 2146 
2221 2454 2680 2408 2279 2256 2311 2171 2154 2553 2526 2323 2920 2774 2521 2090 1870 2794 3103 3685 2641 3679 1935 2263 3035 
2247 2001 2414 2622 1760 2029 2496 2289 2179 2040 2160 1779 2003 2182 1985 2104 1868 1495 1985 3934 4079 5213 4005 3285 3963 
1500 2337 2378 2511 2889 1893 1938 1854 2127 2016 2003 1938 2229 2027 1676 1869 1530 2036 2173 2577 4619 3764 4885 5683 5648 
3608 2304 1803 1733 1914 1897 1815 1664 1691 1732 1781 1761 1839 1855 1839 2008 2175 1779 1547 2039 4143 5118 6129 6530 4725 
3330 2837 2194 2530 1975 1670 1387 1150 1410 1450 1530 1782 1716 1772 1753 1640 1797 1685 1442 1612 2206 5188 5481 5951 4485 
2382 2648 2617 1762 1906 1379 1407 1315 980 1396 1435 1539 1774 1629 1784 1547 1542 1780 1537 1612 2142 6253 5721 6056 6383 
2999 2016 1920 2112 1897 1520 1225 2827 1734 1378 1964 1054 1679 1633 1770 1739 1526 1729 1556 1521 3614 4588 4957 8330 5591 
1936 1817 2082 1773 2153 1517 1296 2008 1297 4918 2152 1474 1638 1548 1474 1606 2023 1921 3212 1296 2113 2789 6133 5632 6061 
2664 1821 1338 1997 3271 1965 2418 1669 1423 1455 1438 1534 2101 1893 2031 3889 1692 1542 1622 2269 1506 1226 4572 4525 6217 
1944 1453 1312 1788 2058 1958 2084 1809 1963 1928 1715 2100 1837 2189 1716 1485 2019 1798 1712 1745 2080 1587 3444 2608 5394 
1742 1506 1442 2483 2668 3299 3921 2447 2055 2068 2409 2368 2575 2476 2020 2336 1869 3561 3889 1454 2564 1657 1804 3097 4348 
1713 1611 2035 2703 3269 4099 3490 3574 5401 5356 3284 1639 1518 2090 1791 1749 2163 2238 2512 4234 2372 1497 2030 3591 4002 
1334 1558 1811 2785 3178 3389 4172 7419 6175 7795 7798 7778 8071 6887 2864 2302 2146 2343 3320 3621 4104 2614 1975 3368 5311 
1605 2244 2781 2726 2505 5166 2810 8305 4917 3241 1361 4575 2580 6686 6209 6984 3262 3807 3491 3311 2907 2765 3515 3080 3742 
