includes/gis/ASCII_5k/mod13q1_ndvi_2015_177.tif.txt
ncols         25
nrows         20
xllcorner     257482.3972
yllcorner     9670060.6647
cellsize      5000
NODATA_value  -9999
4012 4228 4793 4499 5182 3703 3254 2482 3187 2971 2951 4241 5066 4854 1909 1901 2974 3902 3267 3189 2752 3490 2824 2624 2345 
4913 3748 3307 2767 4008 2962 3395 3142 2305 3306 3144 3098 3718 4818 2059 2568 3186 4011 3415 2911 3266 4404 3149 3216 3352 
3451 4390 3155 2558 3615 3451 2734 2696 3655 3216 2611 2534 3283 3650 2694 2757 2672 2919 3279 2676 4784 4178 3444 3320 3210 
4636 4894 3438 3171 2589 3020 3177 2979 2576 3667 2777 3492 3334 2445 2910 3914 4948 2590 2775 5400 2950 2899 2995 2885 4176 
3939 3170 3178 3068 3249 5072 2925 2992 2702 2773 2788 3379 3712 1543 2369 3021 3484 2675 2571 4953 3912 4108 2872 2993 3266 
3143 3746 3043 3088 3694 3538 3090 2911 3272 2735 4585 2650 2602 3028 2194 2711 3109 1907 2630 4542 5651 4141 3090 3010 2980 
2908 3846 4328 3800 2737 2587 2917 3106 2642 2849 2535 2889 3246 3372 3130 2781 2718 2899 2613 3564 4723 5566 2645 3499 4206 
3271 2894 3211 3792 2864 3284 2809 3117 2728 2387 4528 3069 3010 3140 2387 2701 2117 2373 2468 3554 5285 6331 5351 4838 5105 
2994 3290 2945 2997 3807 3122 3007 3251 2897 3262 3544 2520 2942 2641 2149 2134 2028 2315 2926 3539 5884 6430 5607 6008 6350 
3295 2875 2800 3295 2419 2447 2422 3035 2637 2499 2345 2292 2309 2405 1986 2379 2306 2245 2088 2782 4203 6042 7094 5667 4913 
3109 3377 2524 2640 2785 2295 2094 1489 2820 1782 1673 2093 2499 2216 2437 2101 2777 2234 2222 2457 2789 6153 7030 7086 5856 
2233 2660 2619 1886 2052 1668 2139 1525 1153 1883 2118 1757 2308 2450 2209 1975 1987 2009 1769 2267 2548 5681 6965 7236 6370 
3671 3968 2551 2464 2319 1742 1437 3120 2419 1872 2453 1371 1908 2184 2293 2716 1819 2395 1787 1800 3405 4094 5936 8034 6562 
2671 1924 2070 2375 4075 1736 1566 2638 1654 6630 4019 1766 2332 2198 2198 2586 2578 2001 4190 1571 3063 2915 5594 6309 6976 
2598 2008 1522 1875 3026 2275 3570 3135 2225 1907 1917 2123 2369 2749 2554 6404 2260 1946 2426 3779 2121 1819 5409 5745 7222 
2190 1625 1729 1706 2108 2597 4058 4021 4180 3855 2116 3372 3150 3867 3059 3198 3004 3095 2706 2577 2694 3041 5573 4879 6608 
2317 2313 1267 2459 2414 1132 5796 4376 3251 3929 4071 4263 4630 3632 2863 3068 2381 4281 2645 1758 4132 2756 3008 3583 4796 
2670 1436 1954 2778 4453 3933 6369 3263 4083 6903 6458 6120 6285 4698 2766 2974 3551 2950 2776 3729 3344 2567 2970 2742 3625 
1586 1814 2307 2680 3528 6356 7519 1540 3537 1082 5328 3070 8745 7921 5552 4696 4310 3343 2986 3250 3347 2707 1999 2695 3980 
1874 2004 2385 2985 3003 6523 7100 3705 3410 4166 911 3529 6966 7618 8757 7484 5669 4702 2974 3822 3745 2657 2959 2414 3391 
