includes/gis/ASCII_5k/mod13q1_ndvi_2012_113.tif.txt
ncols         25
nrows         20
xllcorner     257482.3972
yllcorner     9670060.6647
cellsize      5000
NODATA_value  -9999
7231 6424 6617 6973 6881 6980 6532 6280 7014 6836 4946 5163 7625 7375 6153 3827 4049 5497 6455 6824 4473 4871 3981 4578 3904 
7018 7007 6988 6955 7303 6484 6040 6885 6439 6885 6293 6185 5402 5576 6040 6798 4781 5715 6084 6138 5308 5058 4255 6347 7056 
6787 6997 6921 6113 6417 6646 6556 6298 6541 6979 5529 4477 5735 7324 6156 5363 4910 4558 6380 6131 8001 7896 5123 6104 6379 
6944 8013 6366 6087 6451 6810 6500 6515 5350 6940 4859 5071 5920 5652 6489 5389 5711 5146 5400 8007 7100 5956 5861 4337 5897 
6683 7190 6315 6975 7490 7215 6561 6279 4969 5584 3160 5357 5584 4282 4265 5642 6859 6161 4792 7557 7755 6245 5460 5824 5236 
6081 7262 7505 7234 7148 6710 5493 3869 6082 4583 2458 3141 3604 4638 2948 4884 5353 3763 6084 7857 8014 7498 5453 6179 5653 
6955 6842 7403 7005 6782 5311 7529 5660 4019 3685 2939 2930 2638 5554 5620 4845 4408 4191 4815 6550 6750 7392 6754 6479 6142 
6794 6665 7155 7533 5585 5513 5101 6591 4658 2818 7622 2872 3910 4164 4233 4139 3172 3338 5634 4973 6848 6731 7932 8051 8443 
6483 6738 7688 7137 7602 5714 6096 5877 5190 6590 6348 4018 4273 4803 4014 4226 2782 5142 5240 5163 6698 7260 6457 7581 7803 
6675 5964 6565 6935 6400 5309 4119 6124 6459 5763 4614 3716 4748 4889 5388 3344 2699 5490 5246 5183 6992 7204 7484 8066 8145 
6615 6574 5779 5401 5489 4909 5827 1960 5211 4712 4920 2880 3892 3654 2346 4200 4139 5388 3728 4478 6327 6797 7359 7710 8238 
5114 5608 4934 4533 5407 5067 4325 981 744 2551 2649 3486 3430 4976 3208 4653 3942 5212 5149 3259 5397 7469 6905 7311 7619 
3024 5263 3521 4163 5279 3893 884 3349 3956 2807 3425 2929 4207 3893 2389 4930 3303 4532 3764 3078 6505 7149 6682 8337 7255 
6713 3543 2636 3262 6302 1777 1324 6869 5818 7705 4851 2781 4953 4495 5436 6932 5427 4039 4920 2212 6312 5926 7138 6469 7677 
3327 3633 1792 2738 4883 2711 6198 5703 5686 5799 4178 5231 4287 7508 4160 8122 3944 3610 4444 5305 3190 4185 6955 6144 7380 
5471 2761 3798 3466 3695 5501 5745 5916 2788 6048 6615 6426 5202 5205 4221 3401 3892 3489 2620 3559 4859 5099 6367 5944 7370 
4407 4718 3459 4887 5264 6846 6846 1897 3253 3547 2839 7398 5329 3501 3771 4267 3636 4691 3503 2449 5233 6539 4810 6865 6003 
6307 4587 5082 5658 6082 6984 7182 5608 1577 5766 3508 4272 3852 3128 4306 2189 6970 4419 3683 5401 4926 4869 5217 6158 6595 
4611 5340 4710 5964 3323 6971 8381 2016 2132 3468 3792 1099 797 2744 2342 3383 6539 5429 5334 5290 5610 5086 3129 5754 -9999 
5108 4456 4806 3580 3796 5701 8873 8832 6865 2862 868 806 577 2459 1119 5155 6937 6466 5137 4978 5563 5015 4818 3939 3931 
