includes/gis/ASCII_5k/mod13q1_ndvi_2011_097.tif.txt
ncols         25
nrows         20
xllcorner     257482.3972
yllcorner     9670060.6647
cellsize      5000
NODATA_value  -9999
5214 5020 3847 4577 3011 6003 7051 3624 5795 8083 6592 6737 6264 6906 2768 5073 4528 5988 6236 6482 4229 5700 3955 4339 4795 
6671 5207 5630 2094 4098 7175 7057 6210 4374 7238 6534 5938 6366 5279 6455 4936 5511 5905 4477 6485 6332 4754 5264 7760 5579 
5389 6573 4950 5039 5337 4784 3952 5300 7780 7111 7482 3940 5577 6873 7169 6461 6312 4053 5854 6370 7867 6951 6350 6745 4036 
3873 6282 4228 6413 5380 6697 5610 6505 4520 6159 4685 4619 5555 4806 5073 4311 5438 5293 4299 7490 7570 4194 6912 4493 6712 
6195 -9999 3733 5457 4868 6113 4652 6146 4752 5343 4373 5449 3670 5931 3870 -9999 4831 4942 4726 6587 6791 4321 4791 5722 5231 
5610 5476 3753 3053 4984 6058 5350 6353 6702 4952 4444 4884 4106 4351 3799 2566 3987 3276 5272 6727 6982 7639 3767 2138 3486 
6035 4436 3186 2749 1671 4927 5704 3813 4526 2029 3617 3211 2589 5244 4118 3085 3416 3876 3825 5842 7271 2108 5765 4391 4238 
4289 684 3928 4631 4138 4331 5326 5526 3447 5406 7187 3756 5443 4720 2863 3910 4426 2925 3367 3677 3973 7266 7509 6088 5684 
3905 3918 4116 3876 3646 4056 5402 4909 4541 4408 4800 3505 4687 3852 3561 3791 3617 3606 5138 3003 2578 5834 5379 2654 6568 
4686 3419 3663 4333 4292 3628 2427 3225 4105 3714 3096 4822 5147 4860 5202 4594 3415 4289 4379 3152 6388 6165 7466 7817 8053 
3960 3445 2723 3146 3518 2976 2178 1388 2088 2387 2235 4085 3563 4543 4336 3909 4437 4128 4020 3397 1892 6413 5684 6439 6318 
3567 3028 2855 2238 2542 2389 2563 1188 1074 2061 2651 3952 4651 3961 4356 4456 3398 4220 5288 4058 3566 5303 4948 4836 6668 
3754 2810 2908 3059 2800 3110 1420 3397 3428 1965 5373 1814 3452 2927 3754 3916 3610 4407 3031 5173 6012 4818 3843 6902 6595 
2581 2209 1679 3234 6398 1878 1461 3048 2413 7573 4327 1903 3078 3381 2998 6889 4509 4694 7255 2626 4911 4286 5400 6271 6378 
3405 2527 1962 2341 4459 2736 3304 2354 2132 3231 1916 2471 3333 4529 5295 8238 3733 4103 3139 6119 3492 2226 5601 6277 5268 
2773 2095 2250 2372 3052 3206 3093 4476 4333 2952 3018 3393 3706 4997 4324 3863 3934 5003 3407 4682 4946 3399 5711 4521 2198 
2065 2277 1822 3199 3491 5714 4203 6146 5846 4149 5450 6426 4824 6218 5105 4517 3633 4460 4685 3737 6571 6007 4070 4736 5034 
3844 2594 3796 4597 2669 3025 7594 5415 7824 8356 6414 5126 6195 6183 4088 6250 5577 4404 4581 5639 5871 4148 4636 3154 4446 
2584 4441 4842 5829 6099 6770 5677 6808 1719 2233 1941 9075 8670 7908 6567 5820 6024 6404 7160 4675 5124 4498 2589 4225 4766 
3057 3533 4086 5491 6056 5829 1666 5204 4554 1014 714 1249 5831 7492 8649 8031 5679 5383 7047 4090 6305 4765 5203 4686 4036 
