includes/gis/ASCII_5k/mod13q1_ndvi_2013_049.tif.txt
ncols         25
nrows         20
xllcorner     257482.3972
yllcorner     9670060.6647
cellsize      5000
NODATA_value  -9999
5145 4514 4186 4759 5541 3685 3680 2928 3246 2972 2644 3313 4550 4011 1968 2293 2777 3641 3198 3072 2252 2510 2324 2612 2409 
4642 4573 4585 4255 5546 4245 3997 3610 2809 3816 2743 2878 3378 3139 2278 2601 3151 3314 2713 2394 2485 3042 2245 3735 3929 
5247 6388 4935 3660 4214 3708 3448 2911 3200 2762 2122 2977 3412 3529 2423 2374 2325 2280 2459 2494 4934 3156 2775 3257 3487 
4937 7635 4298 4137 3508 4100 4113 4225 3292 3897 3031 3846 4026 2513 2458 2200 2923 1953 1890 4595 3609 2783 3106 3105 3775 
5242 5413 4499 4786 3958 5424 4105 3823 3000 4676 3555 3610 4102 3719 2505 2304 3600 2501 2350 4530 3447 3492 2741 3651 3780 
4075 5630 4468 4584 4080 4934 4019 3387 3322 2849 5965 3809 3476 2797 2390 2975 2983 2371 2442 4128 5051 4034 2758 3103 3151 
4980 5709 5171 5166 3921 3594 4120 3159 2633 2527 3080 2688 3050 2653 3060 3736 3216 3119 3135 3811 4297 6401 3577 3743 4347 
6366 5238 4558 5351 3716 3000 2738 3638 2615 2697 4665 2469 2913 3182 2344 2617 2642 2215 2246 2620 5160 5947 5933 4729 7256 
5525 4608 3585 2992 5086 3312 3232 3022 2516 2967 2810 2544 2850 2603 2754 2169 2033 2387 2671 2762 5728 5889 5609 7516 6658 
4589 3600 4269 3536 3141 3402 3429 2797 2479 2065 2670 2820 2961 2780 3116 2488 2147 2466 2435 2431 3066 5689 7474 7778 6311 
3404 3894 2927 2789 3000 2588 2004 1550 2154 1850 2198 2314 2516 2324 2964 2411 2915 2497 2271 2390 2967 6079 7310 7837 7161 
2652 2435 3141 2164 2834 1861 1887 1603 1027 1889 1781 2434 2033 2369 2404 2217 2265 2272 1802 2628 3068 7056 6604 7752 7620 
3413 3602 3080 2717 2904 2976 1360 2698 2937 1960 2661 1377 2174 2544 2129 2407 2455 2848 2159 1735 3428 3853 5362 8578 7616 
2904 2191 2520 2696 4260 1588 1341 2725 1914 7051 3971 1684 2245 2362 2259 2036 3658 3208 5845 1352 3201 3232 4963 5227 8184 
3495 2290 1840 2073 3322 1979 2856 2067 1565 1787 1744 2804 2811 3189 2468 6603 2574 2620 2322 4817 1712 1849 5250 4328 6894 
2826 1677 1717 1950 2007 1883 2511 2276 2160 2401 2197 3116 2735 3656 3319 3262 3846 3566 2397 2478 2905 2460 5437 3000 4843 
2245 1904 1552 2036 2327 2582 3219 3128 3552 3339 3580 4125 4087 3802 4200 3533 2562 3191 2752 2022 3196 2944 2896 2784 4547 
2275 1644 2366 2434 2690 3037 3345 3937 8055 8109 5242 4493 4975 4268 3583 4019 3999 2984 2686 3356 2615 2250 2132 2306 3371 
1535 1692 2700 2611 2649 4219 3273 8613 8254 7916 8222 8459 8572 7231 6349 5315 4814 4151 3351 3756 3738 2285 1907 2769 4097 
1882 2077 2374 2611 2502 4316 7775 8552 5198 4791 4898 5084 6041 7196 8399 7427 6175 5707 3640 3942 3507 2755 2776 2006 3220 
