includes/gis/ASCII_5k/mod13q1_ndvi_2001_209.tif.txt
ncols         25
nrows         20
xllcorner     257482.3972
yllcorner     9670060.6647
cellsize      5000
NODATA_value  -9999
3419 2902 3654 3710 3904 2821 3749 2149 2452 2605 2313 3413 4159 3940 2416 3098 2621 3212 3525 3303 3074 2923 3135 3091 2916 
3031 3074 2778 3575 3784 2800 3046 2632 2182 2767 2618 3134 3503 2650 2592 3154 3136 3433 3315 3661 3208 3719 3073 3598 3580 
3507 3861 3528 2685 3249 3005 2924 2380 3131 2432 2586 2379 2715 3051 2547 2765 2818 2591 3188 2914 4062 3700 3448 3610 3124 
3864 4729 3071 2969 2898 2972 2908 2779 2731 3354 2700 2537 3173 2595 2345 2448 2414 2119 2346 4757 3113 2926 3352 2820 3403 
3422 3850 3245 3342 3445 4151 2922 2703 2551 2912 3157 2948 2817 3044 2209 2420 2633 2230 2272 4056 2759 3546 3019 2923 3151 
2711 3445 4154 3294 3870 3319 2720 2667 2730 2738 4253 3194 2393 2376 2137 2273 2612 2156 2744 3855 4226 2992 3866 3236 3299 
3344 3649 3757 4053 3269 2819 2769 2655 2308 2586 2512 2475 2889 2605 2363 2198 2266 2336 2385 2941 2985 5455 3194 3155 3281 
3297 3102 2961 3739 2967 2624 2541 2577 2725 2451 3644 2954 2758 2569 2218 2358 2308 1910 2206 2634 4519 5647 4658 3935 4322 
3075 3267 3515 3205 3480 2786 2715 2510 2656 2581 2735 2415 2653 2496 2080 2189 1743 1593 2547 2471 5620 3968 5054 5585 4822 
3203 2752 3038 2901 2892 3093 2512 2217 2155 2515 2369 2621 2454 2416 2541 2101 2146 1856 1868 2090 3212 3958 6513 5592 4087 
2996 3388 2746 2665 2672 2589 2214 1437 2353 2326 2136 2450 2628 2693 2463 2131 2083 2012 2038 2193 2532 4623 5324 6381 5201 
2898 2920 3019 2353 2359 1994 1830 1764 1273 2031 2037 2092 2124 2389 2701 2101 2139 2412 2018 2007 2266 5965 4865 4728 5040 
3385 2697 2480 2619 2480 2182 1276 4323 2277 1745 2645 1752 2205 2169 2805 2383 2073 2171 2172 1787 3310 3112 3277 7561 5154 
2396 2397 2091 2248 2493 1639 1496 2526 1899 6195 3420 1977 2320 2026 1979 2138 2770 2419 4879 1428 2496 2449 3888 4713 5650 
2484 2200 1564 1776 2895 2228 2839 1944 1940 1922 2104 2068 2327 2509 2165 4371 2521 2372 2075 3129 1881 1795 -9999 4494 5776 
2130 1816 1569 1668 1898 1863 2247 2427 2330 2212 2638 2357 2339 2489 2442 2088 2214 2339 2052 2298 2710 2348 4857 3586 5276 
1916 1760 1451 2060 2307 3011 3696 3218 3471 3368 3029 2860 2727 2891 2795 2709 2314 3149 2721 1958 2580 2507 2693 2912 4324 
2112 1465 1846 2016 2660 2925 2964 3231 7557 7406 5393 3548 3225 3616 2797 2203 2860 3117 3344 2813 2601 2073 2425 2682 2867 
2055 2163 2155 2103 2416 3862 6179 6731 3240 770 379 7220 7689 5608 3793 3657 3420 3133 2909 3640 2776 2548 2055 2908 3781 
2633 2424 2740 2576 2423 4741 7742 8325 6357 4524 3891 875 5942 7133 6326 4865 3722 3546 3728 2917 3166 2481 2670 2370 2679 
