includes/gis/ASCII_5k/mod13q1_ndvi_2015_145.tif.txt
ncols         25
nrows         20
xllcorner     257482.3972
yllcorner     9670060.6647
cellsize      5000
NODATA_value  -9999
1731 2805 3934 4354 2569 1038 1227 2423 2105 575 3433 3542 2206 4043 1793 3064 3543 1853 2666 2852 4345 817 3819 3914 2403 
4483 739 2639 3541 1378 1749 3564 1011 789 1031 962 2209 3849 5020 1273 993 2039 3089 3637 2258 4595 5001 4368 2434 4220 
3195 3713 4100 2754 3802 2195 1464 1166 6056 1377 3033 1670 3081 1844 4688 2321 1696 3268 3548 2909 4265 4612 1112 4842 4333 
5172 2932 3969 1198 3067 1851 1264 3162 2422 961 3636 1232 2586 3174 5430 2375 7441 3463 2431 4445 4337 2676 4165 2275 4986 
4846 1551 2994 983 2371 2563 698 1436 2158 1414 1908 4422 4559 1778 2893 4064 3381 3533 1214 3834 3809 3804 3500 5035 3685 
4300 4703 3535 2132 1918 828 3968 1273 2591 2509 1648 1886 2753 2345 1808 2833 4037 2188 3260 1630 6351 2880 2669 4600 2396 
3964 2388 3748 3189 876 1798 1079 708 1005 3597 1926 2930 4188 3429 2592 3225 3020 1799 2987 1587 2544 6163 2171 4329 4203 
4215 3148 -9999 1639 1824 4961 2068 2590 1606 4063 1753 4061 3884 2276 2734 2589 2443 2948 2688 2966 3791 917 6102 6878 6595 
4366 4020 2137 2774 2582 2921 4627 2802 -9999 5227 5422 2940 1717 1868 1084 978 2012 2635 3303 4227 2717 941 2160 7004 7406 
4474 3303 3449 760 3913 1034 2632 1559 4532 4690 3279 3279 2985 1457 2287 1865 1585 2168 2235 3394 1679 821 353 2603 6178 
3968 3716 1995 1339 1737 1955 1829 1202 3392 2442 2074 2524 2557 352 2003 1202 3593 2596 2461 2852 2131 4814 829 1111 7601 
3105 2908 2177 1111 1629 2030 1535 740 951 977 2368 2212 3915 1223 810 763 2670 1980 1599 2510 4044 6957 3434 8010 7518 
3050 4339 3337 3776 3326 2135 1682 3418 2984 2060 883 1247 1519 553 630 708 2487 2528 1092 1674 5012 4345 3048 7111 7419 
3521 2626 2209 3411 5162 1925 1833 4208 3644 4815 3768 1986 1055 588 2071 1673 4179 1585 912 438 4365 2039 1533 3453 5168 
3182 2816 1548 1033 4040 2657 5545 5801 3891 617 2071 670 619 1371 1559 2345 1132 2723 1837 3307 1341 1020 7297 4840 4747 
2946 1257 2070 1714 2303 3473 5989 2853 2869 4428 3456 3637 1269 1009 1145 2063 2395 602 3042 1365 2035 1403 6839 5119 1447 
2927 2100 1753 2863 777 7229 2047 1708 -9999 3881 3098 1064 1676 2691 2862 2335 2742 1118 1557 2226 5149 3623 1416 1517 2222 
3817 2297 2629 3760 4190 3351 1781 1826 1609 4804 4781 3884 1475 1901 3386 882 6193 4828 3293 1918 4345 3589 4203 1887 1167 
2417 2481 3268 3731 6175 7083 7676 3857 652 3006 1632 1642 547 1281 6398 720 5093 3903 2402 2427 4009 1394 2973 3933 2582 
1936 2700 2963 4347 4307 8111 3625 9063 3669 3961 3481 550 1905 1236 2728 355 7406 6101 1942 4747 4860 2858 3462 5161 4000 
