includes/gis/ASCII_5k/mod13q1_ndvi_2005_305.tif.txt
ncols         25
nrows         20
xllcorner     257482.3972
yllcorner     9670060.6647
cellsize      5000
NODATA_value  -9999
3332 2796 2771 2974 3144 2466 3551 1669 2111 1831 1825 2397 2605 2477 1069 1283 1601 2531 2595 3041 2341 2532 1688 1935 2092 
2692 2320 2157 3401 3249 2261 2832 2306 2248 2250 1794 2445 1724 2110 1817 2121 2644 2746 2731 2592 2187 2839 1701 4352 4216 
2591 3269 2821 1977 2526 2258 2468 1896 2784 1940 1649 1984 2318 2288 2249 1926 1901 1926 2116 2277 4517 4411 3207 2770 3545 
3307 4012 2545 2716 2097 2343 2214 2307 2220 2914 2345 1977 2133 1570 2004 2003 2125 1624 2171 6432 4150 2886 1558 2102 3778 
2905 3614 2910 2751 3013 3486 2168 2258 2147 2251 2356 2010 2891 2206 1708 1833 2833 2472 2392 6316 5357 3529 1888 2601 2447 
2587 3517 3982 2664 2869 3433 2783 2443 2111 2403 2701 2530 2425 2191 1835 2626 2777 1864 2220 4685 4703 3093 4446 2369 2728 
3228 2869 3372 3459 3354 2761 3060 1958 1794 2211 1875 2575 3556 2637 1895 2094 1342 2393 2382 3244 3597 4101 1930 2701 4402 
3110 2177 2605 2806 2690 2315 2050 2091 2106 2135 3087 2829 6249 1246 1870 2087 1902 1472 2335 2193 1702 4744 4061 4205 5204 
2507 1935 3749 4283 3857 2174 1829 1671 2146 2128 2795 2009 1878 2399 1730 1192 1958 1726 2139 2946 4436 3810 3987 6226 5888 
3045 1907 2558 2860 3007 2798 2375 2148 2695 1844 1854 3254 1939 1874 1845 1682 2238 1694 2203 2061 4199 3743 6302 5738 6071 
3375 3045 2649 4377 2627 2259 1926 1403 2118 1962 2094 1899 1767 2303 2676 1836 2180 2004 1721 1793 2313 5807 4039 4642 6209 
2223 2233 2913 2407 2433 1897 1699 1570 1173 1836 1558 1711 1638 2049 2919 2050 2080 2182 1499 2178 2350 5424 4886 4310 3163 
2012 1976 1840 2484 2008 1881 1537 3038 1909 1410 1094 937 983 2231 1828 2467 2049 2211 1717 1872 4561 4266 5346 5247 4705 
2003 1669 1747 2258 2023 1594 1368 2195 1513 5345 2657 1530 1643 2992 1680 1635 1281 2255 4128 1295 3041 2735 3631 2571 2918 
1958 1810 1454 1588 3034 2078 2572 1991 1566 1681 1389 1948 1961 1775 1636 4672 1888 1985 2832 3863 1752 2206 5348 4287 3801 
1897 1496 1447 2045 2494 2040 2538 2340 1728 2037 2151 2181 1826 2115 1785 1881 2408 1328 446 2268 4195 2796 5400 1548 4253 
1615 1664 1327 1799 2217 3314 4415 2425 2181 2479 2558 2417 2251 2388 1730 2335 2187 1372 1325 2002 3592 2528 2840 3990 4126 
1773 1306 2383 2861 3052 2887 5565 3448 3926 2698 3725 2293 1903 2153 1764 1557 2470 3060 2968 1955 3370 2000 2769 4617 4212 
2300 3057 2952 3988 3041 2976 4810 8774 8237 7634 5653 7512 4941 5328 2846 2144 2540 3002 2148 4603 3300 2331 2250 5116 5747 
2224 3392 4127 4495 4034 3924 4048 4356 1558 2949 2200 844 2300 6567 3747 5446 2048 2851 2701 5177 5936 4956 4087 2313 3301 
