includes/gis/ASCII_5k/mod13q1_ndvi_2004_305.tif.txt
ncols         25
nrows         20
xllcorner     257482.3972
yllcorner     9670060.6647
cellsize      5000
NODATA_value  -9999
2911 2419 3474 3452 3902 2553 3745 1737 2257 1971 1957 3370 4233 2516 1684 1690 1609 2461 2840 2918 2425 2586 2504 1989 1998 
2366 2640 2492 3036 3242 2660 2880 2419 1787 2092 2297 2855 3547 2515 1756 2062 2542 2674 2596 2722 2495 3259 2550 3844 4553 
2453 3907 2859 2089 2784 2673 2525 1886 2565 1993 1948 1918 2493 2360 1770 1897 1824 2048 2407 2271 4446 3221 3559 2939 3634 
2701 3581 2573 2680 2262 2448 2422 2527 2387 3105 2294 2314 2585 1890 1961 1715 2100 1688 1925 4132 2554 2256 2804 2292 3696 
2572 3080 2897 2853 2888 3113 2300 2192 2526 2602 2501 2455 2432 2947 1718 1864 2209 1999 1906 3917 2372 3267 2077 2486 2869 
2002 3056 3295 2770 3019 2805 2102 2064 2160 2278 2987 2342 2071 2130 1748 1917 2197 1680 2002 2764 3963 2963 3727 2640 2431 
3215 3481 3714 3226 2381 2216 2220 2123 2117 2064 1915 1935 2181 2121 2058 1948 2052 2024 1953 3176 1704 4529 2290 2623 2775 
3230 2524 2531 3003 2390 2168 2140 2232 2133 2185 2649 2184 2801 2703 1946 2132 1875 1677 1910 2343 4058 4957 4361 3155 3977 
2568 3038 886 2866 3063 2335 2069 1858 2056 1999 1969 1854 2217 2022 1926 1850 1606 1744 2032 2095 5203 3417 4466 4875 5209 
3585 2245 3006 2441 2460 2414 2170 1927 1759 1766 1778 1891 1769 1878 1967 1763 1909 2019 1939 2070 3441 3856 5241 6071 3622 
2506 2629 2078 2399 2159 1967 1792 1099 1697 1711 1636 1790 1910 1883 1954 1747 2188 1866 1848 1927 2382 5694 4108 2090 4635 
2084 2100 2083 1808 1784 1561 1467 1355 1033 1543 1587 1664 1718 1809 1976 1721 1752 2024 1608 1687 2567 6090 4418 4196 5145 
2488 2704 1657 2126 2043 1619 1190 2772 1995 1427 2226 969 1747 1622 1858 1918 1966 1959 1911 1647 3470 3936 3981 7153 5014 
1969 1562 1677 1801 1888 1462 1508 1978 1340 4830 3232 1538 1786 1498 1525 1442 2144 1919 3045 1071 3453 2881 4636 4221 5542 
1930 1723 1311 1572 3046 2069 2495 1870 1600 1601 1612 1506 1998 1859 1837 4543 1710 1917 2415 2487 1503 1763 4428 3219 5095 
1842 1636 1396 1502 1731 1753 2077 1892 2629 1970 1854 2211 1997 2326 1959 1992 2252 2130 2009 2568 2887 2124 4963 2749 3545 
1681 1546 1184 1922 2463 2059 1982 2503 2067 2094 2204 2323 2682 2609 2263 2307 1841 2301 2328 1639 2482 2232 2329 3380 4209 
1807 1308 1774 1866 2660 2671 2411 1624 2852 2282 2903 1983 1805 2353 1992 1725 1992 1825 2182 3561 2675 1974 2937 3211 3510 
1585 1638 2171 2327 2154 3201 7648 6847 1177 1178 3226 8333 8337 5715 2939 1954 2755 2095 2217 3660 3522 2055 2017 2270 5345 
1757 1847 2336 2320 2598 4125 8484 1813 755 1947 187 474 1117 7425 3946 5996 2349 2554 2479 2834 3759 3228 3440 2180 2754 
