includes/gis/ASCII_5k/mod13q1_ndvi_2011_241.tif.txt
ncols         25
nrows         20
xllcorner     257482.3972
yllcorner     9670060.6647
cellsize      5000
NODATA_value  -9999
2723 1967 3486 3219 2871 2780 2852 2087 2481 2471 2594 1946 2030 1255 1338 1912 2014 2647 2698 2948 2433 3083 2323 2275 2226 
2655 2858 2464 3469 3490 2059 1959 1066 2014 2451 2457 2580 2835 674 1517 1529 2680 3052 2772 1843 2743 2688 2436 2936 3162 
3002 3213 2847 2404 1483 1960 2796 2199 2369 2119 1718 1201 693 2585 1456 2163 2450 2133 2536 2417 3676 3090 2569 2912 2778 
2896 3695 2600 812 2377 2568 2722 379 1792 2954 2144 1636 2003 2420 1461 2092 2364 2189 2163 4232 2032 2300 2753 2360 2906 
2693 3004 3580 2341 2664 1270 2785 649 2356 2373 2679 1121 1486 2049 1844 1037 2474 2491 2284 3116 1006 3238 2272 2433 2767 
2337 2447 2779 2721 1982 3297 2523 2585 2734 2321 3035 1873 792 1911 1384 1512 2564 2065 2342 3710 3530 3118 1702 2454 2197 
2492 3003 2595 3068 1173 2569 2614 2487 2141 2030 1958 2466 1727 582 1238 1033 1972 2253 2187 2543 2450 4572 2616 2409 2825 
2608 1654 2676 1776 2083 1357 2478 2388 2214 2172 2652 1773 703 460 1012 2159 2230 1873 2067 2460 3436 4712 4370 3365 3565 
2596 2745 2997 2752 1221 1398 2795 2334 2338 1979 2342 2185 1441 1187 642 1870 1717 2078 2268 2424 4786 2905 4768 5004 4661 
2628 2314 2563 2656 2427 2123 2556 1889 1235 1846 1904 2123 2088 1773 1726 1007 1530 2052 1826 2290 2709 2976 4958 4998 3692 
2511 2558 2126 2230 1956 2270 1280 1182 1666 1549 1762 2049 1881 1547 1461 2081 2391 1961 1868 1894 2352 4405 2775 4013 3905 
2011 1963 2034 1704 1874 1693 1752 1097 1142 1638 1689 1900 1990 1811 2642 2218 1867 2129 1837 1896 2369 5341 2785 3143 4672 
2177 1974 1759 1970 1958 1846 1342 3058 1990 1578 2306 1173 1747 1826 2137 846 1246 1956 1827 1706 2440 2675 3006 7614 3912 
1986 1640 1733 1886 2484 1525 1321 2125 1430 5089 2837 1601 1914 1732 1718 3815 2277 1976 3983 1417 2093 2208 3257 2792 4807 
2001 1801 1428 1659 2838 1925 2307 1788 1680 1781 1622 1773 2005 1994 2125 5191 2005 1814 1740 2367 1726 1695 4017 2447 4348 
1870 1487 1547 1530 1715 1794 1977 2017 2188 2059 1921 2204 1908 2424 2275 2882 2734 2282 1868 2006 2174 2028 3835 2738 3236 
1667 1700 1155 1729 1939 2332 2497 2320 2186 1507 2214 2661 2858 2282 717 816 2463 2593 2199 1528 2403 2130 2292 2824 3606 
1965 1350 1740 1893 2115 2419 2592 2966 1147 536 804 3332 566 1021 496 1443 2264 2169 2149 2788 2168 1773 1850 2275 2364 
1370 1573 1847 2053 2188 2533 3305 6050 2654 940 582 415 3750 2835 3124 1726 2223 2146 2496 2614 2622 1773 1716 2593 3465 
1646 1712 2055 2297 2139 3500 6787 8035 5569 4902 5473 4007 4704 7066 3293 1419 2870 3036 2214 2760 2645 2417 2337 1902 2725 
