includes/gis/ASCII_5k/mod13q1_ndvi_2006_257.tif.txt
ncols         25
nrows         20
xllcorner     257482.3972
yllcorner     9670060.6647
cellsize      5000
NODATA_value  -9999
2605 2477 2907 2978 3041 2538 3429 2464 2211 2301 2044 2719 2979 2748 2272 3057 2636 3053 2787 2564 2656 2709 2616 2412 2064 
2823 2597 2347 2833 2846 2367 2610 2607 1674 2307 2160 2571 2675 2949 2513 2388 2668 3184 2843 2644 2521 3176 2619 2808 2951 
2730 3363 3090 2189 2485 2381 2414 1919 2290 2278 2219 2031 2318 2539 2370 2491 1719 2303 2515 2289 3838 2936 2642 2757 2731 
2480 3501 2574 2735 1967 2328 2291 2553 2380 2767 2177 2266 2555 2245 2367 2678 2594 2222 2076 3948 2671 2439 2575 2081 2652 
2640 2955 2868 2573 2651 3593 2240 2429 2288 2589 2575 2758 2774 3191 2041 2107 2226 2101 2081 3802 2564 3015 2196 2960 2762 
2269 2864 2992 2606 2615 2567 2118 2307 2487 2336 3638 2644 2098 2256 1873 2040 2541 1961 2305 3632 3565 3414 2699 2157 2335 
2609 2841 2902 2867 2449 2339 2350 2209 2069 2142 2060 2265 2536 2363 2245 2547 2099 2162 2127 2545 2496 4177 2212 2292 2592 
2513 2238 2641 2887 2546 2259 2240 2239 2077 1993 2725 2203 2464 2439 1994 2064 2388 2076 2197 2269 2559 4627 3782 3180 3728 
2346 2467 2691 2516 2824 2180 2246 2163 2088 2191 2301 2419 2347 2294 1973 1937 1748 2091 2667 2419 4571 3158 4979 4684 4763 
2907 2422 2427 2347 2340 2290 2041 2027 1853 1842 1811 1962 2142 2186 2159 1967 2078 1687 1825 2363 3035 3594 6216 4497 3811 
2542 2747 2133 2222 2081 2095 1696 1093 1673 1566 1645 2060 2098 2120 2164 1887 1961 1753 1702 1974 2291 4113 4176 4446 4160 
2170 2136 2104 1912 2017 1537 1502 1408 966 1596 1782 1755 1780 2286 2574 1959 1735 2021 1754 1621 2231 5717 4637 3884 4109 
2329 2452 1964 2055 1973 1695 1230 2256 1784 1364 2104 1035 1796 2017 2266 2098 1713 2060 1878 1497 2585 2913 3670 7392 3876 
2145 2151 1887 1898 2386 1898 1276 1990 1367 5104 2488 1550 1896 1831 1640 2056 1964 1676 3127 1034 2216 2414 3826 3500 3852 
2085 1891 1395 1530 2618 1931 2757 1788 1605 1609 1684 1653 1942 1986 2016 4952 1782 1738 1612 2276 1519 1643 4175 3477 4393 
2113 1530 1610 1530 1755 1891 2003 1994 1958 2052 1897 2242 2047 2186 2172 1924 2239 2181 1851 1981 2119 1741 4006 2530 3626 
1916 1631 1308 1987 1844 2123 2453 2527 2715 2570 2306 2494 2720 2534 2163 2280 1939 2675 2280 1720 2218 1917 2128 2733 3767 
1775 1637 2347 1984 3037 2649 3166 3054 6897 7175 3154 2361 2390 2476 2328 2003 2663 2086 2005 2605 1964 1683 1858 2497 2801 
1611 1589 2180 2063 2380 3349 3677 8225 7736 7731 7625 7780 6505 5361 3023 2676 2342 2220 2231 2744 2359 1574 1524 2443 2644 
2220 1748 2301 2438 2591 3879 7263 7402 4550 3084 3998 4840 4739 6528 4639 5941 2756 2904 2628 2479 2734 2242 2450 1903 2486 
