includes/gis/ASCII_5k/mod13q1_ndvi_2007_161.tif.txt
ncols         25
nrows         20
xllcorner     257482.3972
yllcorner     9670060.6647
cellsize      5000
NODATA_value  -9999
3701 3308 4368 4645 6061 5494 4876 2774 2713 3054 2891 3952 4702 4354 3038 3515 3384 3801 4345 3822 3199 3386 3278 2842 2813 
3759 4029 3465 4710 6447 4841 3885 3767 2327 3159 3054 3391 4679 3368 3475 3265 4107 3896 3588 3453 3495 3696 3388 3787 4254 
4815 5200 4164 3665 4407 4371 3758 2900 3609 2842 2894 3273 3853 4619 3790 3103 3692 3200 3818 3691 4658 4120 3977 4035 3722 
4967 6580 4384 4176 3593 4895 3670 3230 3264 3691 2687 3119 3805 3496 3111 3300 4041 3632 2925 5248 3872 3660 4057 3405 4167 
4373 4878 4604 3920 4006 5656 3531 3255 2821 3157 3247 3408 3152 3774 2588 2699 3300 3022 2673 4416 3537 4042 3305 3594 3645 
3727 4088 4581 4257 3922 4406 2967 2937 3063 2877 3915 3051 2815 2753 2559 2627 3129 2376 3048 4629 4798 4188 4325 4024 4055 
3888 4353 4806 4600 3943 3275 3872 2931 2651 2611 2635 3063 2967 2871 2529 2853 2885 2648 2537 3649 3412 5688 3920 3628 3680 
3852 3611 4065 5512 3592 3010 2967 3074 2481 2766 3640 3787 2983 2873 2335 2790 2476 2270 2301 3019 4641 5457 5117 4597 5476 
3684 3851 4198 3932 5039 2862 2847 2558 2769 2542 2797 2842 3106 2830 2194 2228 1941 2459 2807 2793 5278 4381 5337 6290 5616 
4474 3232 3474 3703 3680 3741 2837 2284 2111 2303 2611 2655 2896 2556 2588 2130 2567 2295 2196 2398 4038 4297 5943 5922 5140 
3817 3469 2869 3204 3496 3049 2064 1404 1902 1929 2101 2912 2588 2571 2432 2351 2576 2405 2244 2524 2835 5329 4161 5988 5699 
3300 3226 3408 2505 2636 1903 1742 1496 1146 1763 2002 2412 2396 2346 2693 2187 2128 2438 2205 2332 2607 6085 5934 4684 5833 
3892 3207 2754 2825 2134 1809 1390 3010 2159 1649 2595 1552 1913 2404 2947 2715 2506 2160 2169 2119 3070 4024 4866 8075 4780 
3362 2559 2458 2561 2704 1699 1453 2400 1731 5830 3516 1995 2389 2133 2008 3038 3519 2393 3982 1582 2719 2905 5497 5368 7142 
3131 2211 1563 2074 3512 2424 3841 2285 1935 2473 2432 2612 2446 2887 2404 6214 2257 2097 1988 3263 1914 1962 5234 4370 6667 
2474 1708 1955 1934 1896 2616 2804 2980 2606 3313 3135 3783 3186 3075 2795 2636 2553 2670 2420 2875 2945 2689 4990 3659 5489 
2042 1817 1662 2605 2488 3504 3658 3547 3550 4084 3978 4029 4370 4150 3391 3155 2412 2868 2663 1840 3388 2695 3038 3795 4770 
2089 2036 2435 3156 3303 4734 6983 7101 8241 8295 6251 4679 4158 5318 3188 2602 3283 2687 2862 4008 2794 2288 2246 2764 3608 
1821 2032 2312 2597 2673 6120 7993 8906 8371 8073 7002 8365 7692 7106 4096 2852 3529 3712 3528 4430 3790 2318 2018 3438 4467 
2196 2358 2906 3015 2846 5986 8510 8630 6149 6022 5734 3801 6336 6830 6769 7354 4970 4477 4696 3961 4083 3482 3350 2422 2959 
