includes/gis/ASCII_5k/mod13q1_ndvi_2007_257.tif.txt
ncols         25
nrows         20
xllcorner     257482.3972
yllcorner     9670060.6647
cellsize      5000
NODATA_value  -9999
2950 2537 3670 3055 3852 3486 4022 2397 2358 2431 2333 2823 3139 2945 2080 2276 2050 2709 3108 2914 2954 2615 2525 2273 2274 
2800 4432 2570 3431 3952 3030 3087 2715 1910 2360 2351 2688 2924 2764 2613 2453 2703 2871 2838 2658 2675 3070 2645 3094 3490 
3084 3685 3101 2759 3188 3329 3461 2286 2526 2305 2513 2307 2620 2890 2615 2276 2468 2223 2911 2702 3712 3183 3124 3203 2932 
3136 4115 3138 2993 2701 2896 2857 2820 2579 2972 2281 2484 2896 2590 2326 2450 2802 2644 2317 4067 2925 2855 3014 2584 2590 
2752 3210 3048 2868 2468 3438 2556 2478 2259 2699 2647 2623 2756 2878 2068 2190 2878 2350 2196 3731 2689 2973 2434 2825 2977 
2517 2778 3215 3019 2988 3138 2318 2524 2514 2195 2980 2686 2342 2280 1952 2154 2678 1950 2363 4092 4066 3265 3006 3150 2795 
2593 3097 3332 3102 2633 2304 2579 2361 2414 2498 2308 2212 2335 2364 2226 2461 2175 2221 2054 2804 2611 4740 2483 2656 2785 
2730 2380 2715 3212 2637 2435 2388 2398 2233 2328 2904 2630 2523 2265 2210 2335 2250 1780 1933 2229 4485 5368 4187 3702 3852 
2699 2698 3245 2632 3203 2198 2139 2026 2243 2228 2233 2163 2502 2217 1899 1806 1695 2217 2327 2383 5133 4382 4511 5082 4887 
3102 2535 2507 2562 2419 2552 2226 1983 2030 1918 2078 2166 2258 2186 2118 1758 2073 1853 1807 2025 2995 3628 4702 4876 4002 
2845 2706 2482 2429 2275 2150 1936 1239 1789 1754 1852 2329 2201 2164 2061 1766 1985 1967 1761 1946 2237 3919 3448 4638 4193 
2417 1922 2361 1863 2215 1749 1544 1442 1094 1640 1695 1883 2087 2104 2110 1781 1844 2011 1797 1762 2112 5240 3757 3476 4758 
3093 1972 2188 2286 1918 1749 1312 2675 1963 1453 2378 1362 1977 2125 2085 1990 1747 2083 1730 1772 2742 3532 3353 7691 3853 
2456 2162 2109 2060 2266 1610 1358 2309 1613 5494 2457 1546 2011 1897 1691 2164 2147 1702 2871 1208 2276 2939 4418 3022 4459 
2307 2030 1420 1647 3462 2135 2797 1867 1655 2086 2043 2076 2021 2084 1963 4429 2018 1726 1912 2311 1818 1554 4737 3133 4049 
2171 1656 1562 1654 1721 2018 2215 2050 2144 2430 2088 2644 2262 2359 2191 1946 2036 1929 1733 2024 2500 1989 4461 2813 3219 
1754 1643 1378 2089 2074 2397 2281 2414 2492 2537 2655 2852 2884 2841 2537 2465 2011 2247 2182 1505 2191 1941 2532 2691 4215 
1887 1704 1877 2149 2537 2986 3157 3166 6951 7355 4328 2325 2112 3057 2353 2017 2462 1946 1946 2601 1806 1660 2054 2435 2522 
1332 1722 1829 2172 2323 3013 3945 8291 7909 7727 7578 8185 8238 5944 2719 2285 2097 2043 2077 2521 2428 1621 1553 2700 3448 
1707 1741 2165 2446 2298 3280 8076 8091 5781 4691 4661 4997 5554 7010 4745 6315 2905 2896 2309 2186 2468 2356 2497 1782 2585 
