includes/gis/ASCII_5k/mod13q1_ndvi_2005_097.tif.txt
ncols         25
nrows         20
xllcorner     257482.3972
yllcorner     9670060.6647
cellsize      5000
NODATA_value  -9999
2376 3971 2888 2969 6082 4263 2951 2682 3859 707 3690 2953 2761 5060 4317 3376 4819 5432 5427 5227 3864 2108 3616 3029 2944 
1780 4272 5558 4434 4171 3774 4092 3619 3300 1829 3846 4451 3349 3826 2291 5578 2892 4579 3867 4341 4209 5263 4204 6938 7075 
3466 2457 4132 653 4938 3742 5049 2712 3194 2216 3282 2714 5466 5068 4763 4233 4625 3539 3317 4992 6725 6266 6345 4718 6531 
6248 3220 3762 1609 2550 3736 2778 5006 4340 5098 4551 5560 5771 4567 4358 5249 4025 3858 1705 7395 5389 3381 5055 3827 4066 
5816 6103 3880 4070 3727 5355 4878 5353 3948 3939 4265 5589 3068 4073 3378 5058 5605 4739 2829 6327 5031 5134 3661 3806 4238 
4198 5446 6174 6230 2901 6106 5645 5857 4833 4613 7260 5049 2972 3201 3797 3807 4849 2916 3938 6297 6547 4173 6056 3676 4466 
5764 6244 1957 1911 5415 4806 5571 4502 5294 3680 2802 3801 4142 4348 3763 6046 2309 4206 4201 5346 4222 6405 2972 4418 4850 
5052 4304 2375 7262 6668 4280 5828 5136 5323 5584 6652 4209 4764 4631 2647 4808 2664 2961 6811 6181 6424 6507 7223 4363 7148 
5201 2599 6316 6107 6081 5818 4941 4658 2577 5270 4578 2958 3531 5510 3946 4651 3758 4056 5783 1286 4643 5298 4936 5163 7883 
5314 2775 7414 5864 5435 6091 5136 4933 4241 4742 3312 3330 4922 4092 2987 2605 3974 4903 3863 6489 7060 5910 4772 7530 7720 
5138 3159 3858 3185 3880 4224 4628 1525 5548 5377 3671 4105 3489 3047 3972 4539 4627 4861 4105 4701 4770 5210 6784 7255 7928 
3670 4377 2813 3127 2483 4524 3168 1722 857 3849 3298 2674 2569 2337 2332 2357 4218 5319 3864 3743 4896 4842 6849 7041 -9999 
5206 3421 3551 3597 2681 3175 1949 2449 4136 3024 4422 2364 2394 2622 2535 2584 2825 4434 4153 2067 4872 6898 5887 7822 6407 
3453 2888 1891 2051 3821 2048 1469 5855 4098 7717 5491 2258 2579 2616 2802 3400 4950 4454 6049 1634 5338 5610 5953 6447 7165 
3316 4370 3043 4081 4049 1904 6367 4056 5569 6305 3428 4630 3150 3314 2749 6934 3503 3365 4903 4549 3445 3456 6394 2392 6826 
3546 3225 2819 3941 3722 2655 6168 3367 3804 4475 6607 6016 4944 4744 3399 3862 4935 4115 3622 3989 3997 4005 5455 5254 6453 
3647 4422 3151 1518 2144 4206 5004 -9999 3031 2494 3368 6348 5738 4647 4762 4700 4263 4136 5463 3721 5289 4678 4429 5531 4350 
3544 3819 5866 5739 920 1585 1612 2047 2954 7231 5208 3540 5531 6215 4915 4248 5034 3611 4414 6445 5319 3905 5324 4336 2904 
5886 7049 5634 6462 4436 1659 3639 -9999 3730 -9999 2383 6601 8442 8108 6074 4923 5395 3589 3485 6581 5688 5231 4400 5640 5652 
3971 4792 4852 1180 6391 959 1569 3930 5256 369 186 7206 6429 7813 7105 7655 5793 5689 3965 5523 6501 5006 5438 4252 5185 
