includes/gis/ASCII_5k/mod13q1_ndvi_2015_097.tif.txt
ncols         25
nrows         20
xllcorner     257482.3972
yllcorner     9670060.6647
cellsize      5000
NODATA_value  -9999
3669 2388 5423 4043 3654 4498 4288 3553 4085 2760 3313 3593 5211 6843 2533 2066 2355 4993 4766 6199 4007 3909 3257 3360 3256 
2534 3410 3396 4246 4630 3985 3271 2066 3333 4245 3997 3591 3562 4255 1717 3343 4128 5236 4066 5054 4165 5534 4092 5312 5238 
2835 3670 3102 2564 4052 4171 1306 2127 3166 2956 1934 2446 3528 3862 3194 2588 3184 3753 4210 3969 7139 6789 5571 3737 4556 
4921 5375 3384 3495 4348 4634 4764 4359 3099 3596 2788 2522 3428 2420 2990 2757 3218 2980 3174 6238 3083 2904 3363 3404 5337 
4739 2817 3559 3060 3942 6246 2658 4146 -9999 3449 1659 3171 2670 3216 2280 2037 3520 2613 2499 6442 3984 5524 3838 4268 4308 
2629 4737 3237 5050 4074 4286 2963 1295 2452 2111 3070 2327 1676 2308 2373 2670 3988 2258 2995 3119 7073 6150 2973 3369 3060 
2401 4473 4751 4382 3163 3176 3321 3288 2276 2344 2197 2520 2754 3271 3264 2661 3128 3423 3388 2639 2214 6622 3342 4156 4513 
2120 2946 3115 4202 2979 3153 3250 3309 2805 2744 4740 2889 3419 2918 2170 2210 2412 2375 3472 4535 1092 7097 7639 6304 8146 
2999 3868 3325 4244 4522 2208 2448 2092 2324 3977 4953 3156 3837 3517 1882 1991 2117 1924 2718 2481 3896 5006 4893 6684 7040 
4139 3806 3673 3587 2774 2378 1718 2034 1920 1897 2612 2771 2871 2663 1856 2414 2606 2211 2476 3862 3355 3192 5265 7879 7070 
3535 4302 2891 1845 2485 2350 1845 1310 1790 1831 2236 2926 2510 2364 2864 1999 2326 2739 3431 4192 6117 6457 3322 5674 8170 
3038 2582 2450 1827 2048 1606 1888 1478 1188 1630 1622 1642 1746 3104 2439 1946 2569 2652 1866 3279 3655 6791 7264 7921 6940 
3551 2621 1976 2896 1937 1813 1459 3041 2024 1883 2490 1283 1853 1946 2427 2011 1998 2881 3181 2074 4597 4487 5440 8751 8465 
3658 2360 2264 2091 2317 1617 1406 2284 1570 6943 3623 1747 2201 1611 2202 2185 3161 1095 3282 1830 4467 3733 6144 6250 8116 
2714 2683 1693 1865 3723 2325 2838 1902 1585 1752 1609 1742 2283 2647 3492 5366 1503 2389 2784 3704 1622 2449 5440 5052 3769 
3148 1813 1736 2195 2202 2060 3630 3763 2165 2163 1981 3773 2411 4683 2286 2695 2566 3306 3200 3188 4096 2190 4965 3548 4911 
2321 2360 1782 3557 3872 4464 6197 3890 3360 3634 4315 3964 5069 4144 3683 3067 2482 4418 2354 1961 5352 2107 2963 3593 5354 
3599 2991 3269 3568 4136 2639 3737 6685 7560 7090 5419 3020 2906 3628 3228 4646 4294 4259 4395 4637 3445 2481 1966 2844 5182 
2388 2739 3403 4869 5733 3828 2851 8124 8420 6965 7785 8434 4197 5720 5442 5187 5421 4484 5148 2132 3208 1876 1945 2264 5487 
2632 2540 3395 4781 5431 4759 5626 8689 3277 4962 5440 5475 5741 3930 4861 8221 6039 5898 5035 5235 6437 4008 4030 3210 3452 
