includes/gis/ASCII_5k/mod13q1_ndvi_2013_113.tif.txt
ncols         25
nrows         20
xllcorner     257482.3972
yllcorner     9670060.6647
cellsize      5000
NODATA_value  -9999
4326 7508 7373 7268 5304 7177 7094 5105 5067 5091 6210 5091 7212 7641 1664 4357 3690 6756 7147 6287 3885 5872 5054 4365 3349 
6536 4782 4710 7326 7268 6318 6351 5535 5563 7081 5643 5117 4135 2887 6042 6921 6399 6251 5448 5975 5749 4953 4067 6023 5183 
4283 6669 7110 5125 4534 7468 6772 5154 4906 6111 5961 5041 3880 6624 6157 4532 5743 5451 4960 6775 7456 6998 5665 4512 5543 
6978 7411 4622 3500 6822 7475 5135 5265 5551 6862 4468 5942 6413 5012 6801 5717 7926 4220 5467 8374 6326 4250 5547 4552 5781 
7243 6590 4288 4647 6483 8540 6671 6008 5352 6393 5645 6083 2755 6205 4880 4978 6000 2952 5718 4007 6320 4855 3707 6203 5295 
6656 7621 7324 6936 6988 7446 6395 4733 3816 5662 7509 6686 5663 5744 4081 5403 4191 5181 5523 7620 6052 7313 4965 5784 5531 
7110 3212 6994 3938 7214 5757 6746 6035 5014 4685 4910 5036 5668 5967 6349 7326 4608 5498 1415 6172 6080 7655 5843 6148 6162 
6779 6995 2314 7586 6465 6364 5462 5129 6829 8717 7651 6400 4658 6183 7404 6146 6097 5439 2047 6532 5649 4432 8414 8060 8561 
6229 -9999 1586 8150 6264 6342 6596 6222 6215 4339 4499 4477 5807 5983 4626 6489 4701 5988 6766 5318 6611 7314 6222 8151 8002 
4598 1008 5800 4370 6423 6044 5150 6008 6126 1692 5358 6418 5414 6424 4843 5405 4388 6099 6435 6204 7234 7273 6527 8560 8343 
5403 4124 3306 5814 4749 3555 3922 1437 4994 4931 4660 6667 5466 5901 4753 4898 4714 4920 4886 5077 6334 7660 7300 7976 8192 
2831 6099 4307 2271 1725 1666 3329 1608 1445 3739 4060 2762 5580 5203 3173 3350 3170 4247 6094 4967 6150 7279 7233 8068 7541 
6040 5496 4902 3262 4137 3297 1596 3777 6054 3521 3916 1787 4818 6684 5386 3536 4355 5654 3648 3052 7217 7766 7397 8789 7605 
5085 3687 3614 3310 6997 2145 2259 5486 4165 -9999 5721 1916 1463 3283 5042 2678 6461 4232 5536 3610 6311 7316 6108 3303 7657 
4978 4042 2509 3955 3984 2842 5072 2011 1721 6705 3034 1406 2400 4445 3183 7641 4613 2897 4061 -9999 4873 3988 6863 7289 5111 
4620 2589 3764 3130 3585 2439 3684 1621 1918 1388 3368 4468 5093 1509 6629 5124 7020 6132 3631 4421 4944 6626 4265 5634 8000 
3671 6003 3114 4213 3532 2239 -9999 3998 1429 2687 2929 6590 2040 5847 6295 6733 5195 6613 4938 5646 7013 6387 5671 7484 3826 
4872 2373 3317 4299 2493 1479 2802 2439 2111 1496 7567 5315 2951 6200 5194 5708 7249 6080 2925 6283 6877 5764 4684 5927 5468 
3170 3951 4791 6086 2552 1413 2323 3036 252 2115 1775 1159 610 6187 6140 6097 6605 6878 6545 7013 5787 6287 4635 5855 6461 
3474 2816 4773 6723 6661 6757 2112 4404 693 613 399 345 1183 3974 5708 6820 6728 6493 5861 6420 5791 5154 6163 6117 5751 
