includes/gis/ASCII_5k/mod13q1_ndvi_2015_225.tif.txt
ncols         25
nrows         20
xllcorner     257482.3972
yllcorner     9670060.6647
cellsize      5000
NODATA_value  -9999
2601 2481 3075 2794 3373 2434 2711 1873 2162 2089 2081 2745 2867 2808 1377 1282 1842 2624 2459 2615 2195 2419 2364 2131 2021 
2660 2475 2336 2804 2762 2207 2659 2293 1752 2315 2109 2181 2364 2971 1762 2250 2312 2738 2478 2106 2313 3165 2371 2637 2696 
2779 3086 2723 2008 2702 2629 2216 1975 2395 2018 1890 1969 2510 2677 2170 2027 1944 2002 2355 2068 3689 2986 2597 2490 2566 
3183 3811 2403 2498 2167 2455 2557 2594 2209 2805 2163 2273 2451 1781 2065 2105 2898 1894 2034 4192 2231 2144 2391 2313 2860 
2716 2895 2534 2356 2706 2905 2429 2465 2148 2369 2280 2413 2464 2485 1847 2004 2252 2129 1956 3786 2387 2821 2012 2452 2659 
2158 2698 2343 2687 2435 2754 2226 2855 2310 2258 2596 2195 1891 2143 1823 2108 2294 1756 2288 3844 3552 2840 2300 2521 2293 
2207 2807 3211 2887 2183 2232 2484 2296 2055 2106 2068 2076 2276 2380 2374 2227 2123 2224 2135 2688 2165 4355 2193 2713 2865 
2529 2249 2605 2817 2203 2321 2213 2218 2240 2183 3016 2189 2269 2377 2059 2185 1896 1853 2076 2618 3484 5056 4159 3462 4008 
1445 2699 2643 2345 2684 2104 2067 2034 2035 2288 2010 2094 2330 2115 1896 1966 1681 1984 2315 2474 5424 3856 4648 5606 4074 
2695 2247 2800 2373 2051 2163 2028 1999 1954 1738 1972 2067 1983 2074 1897 1909 1991 1888 1656 2218 2871 3797 4596 4861 4021 
2541 2869 1632 2441 2160 1941 1713 1159 1929 1596 1702 1937 1997 2024 2028 1921 2083 1942 1673 1861 2225 4555 4787 5314 4368 
2105 2023 2236 1840 1768 1494 1560 1367 1051 1659 1660 1608 1819 1979 1897 1724 1502 1801 1481 1816 2227 5050 4845 4457 5246 
2427 2393 1864 2077 1955 1569 1300 2494 1862 1366 2330 1065 1757 1870 1893 1863 1819 2053 1625 1549 2616 2683 3673 7918 4282 
2230 1718 1794 2000 2739 1543 1456 2085 1445 6581 2499 1604 1865 1707 1651 1602 2083 1742 3885 1298 2250 2170 3445 3817 5866 
2063 1824 1427 1639 2589 2276 2504 1901 1608 1554 1609 1665 1873 1884 2711 5049 1918 1510 1733 2628 1450 1634 4360 3251 5299 
1831 1433 1377 1240 1764 1981 2402 2552 2176 2094 1820 2290 2006 2311 2165 1952 2047 1924 1771 1925 2313 1976 4350 2715 4277 
1786 1898 1136 1898 1822 2779 3576 2831 2722 2516 2567 2693 2804 2721 2241 2200 1539 2501 2191 1400 2682 2102 2217 2818 4351 
2124 1234 1758 1921 2563 1530 -9999 3262 4648 6881 3747 2632 2163 2490 2325 2224 2458 2268 2047 2971 2338 1884 2401 2250 2655 
1496 1587 1902 2186 2356 2967 2970 1807 5273 7451 6180 8171 8133 6037 3237 2802 2584 2363 2222 2296 2568 1900 1557 1998 3617 
1589 1682 2114 2374 2341 4283 8293 8559 5355 5565 5219 6449 6269 7462 7900 6498 3352 3239 1849 2574 2671 2447 2378 1982 2477 
