includes/gis/ASCII_5k/mod13q1_ndvi_2009_353.tif.txt
ncols         25
nrows         20
xllcorner     257482.3972
yllcorner     9670060.6647
cellsize      5000
NODATA_value  -9999
5162 3905 4758 4547 5838 3636 4447 3942 4514 3508 3649 5355 3251 5888 3512 5500 4553 2443 4583 5633 4135 4058 5687 4746 4795 
3583 3376 3739 3977 4575 3251 4391 2967 2661 2842 2937 4132 4697 5148 6118 5088 5912 4060 4466 5317 5783 5041 5888 7652 7522 
3870 4926 5251 2862 3801 3950 4213 2402 2179 1925 2144 3803 3595 5531 3538 4740 2755 4273 4962 4616 4589 6162 6232 5949 5864 
4690 5724 3660 2442 3165 4377 4216 3334 3960 3205 2826 2866 3406 3149 3396 3859 4536 3133 5463 6644 6353 4719 5368 3969 5983 
4252 4253 4604 2892 4302 6322 2974 2285 3594 3492 2902 4220 2117 4130 1530 2371 5016 1810 4472 5954 6491 6462 4554 3322 4372 
3616 5139 4514 3622 4301 3642 2387 3813 2284 3011 3868 1014 1979 2942 2254 3813 2695 3109 4646 5798 6790 6697 5209 4351 4066 
4794 3899 2067 5317 5903 4235 2591 2443 2347 2316 2439 2744 3020 3423 4536 3022 3547 4919 2795 5286 4581 5652 6194 5988 5933 
5605 3755 6528 5995 5039 5193 3211 3305 2189 2317 1728 1394 2241 2390 2818 3028 2163 2951 4320 1226 7211 7483 8784 8413 8546 
4767 5725 4839 4083 6029 3522 5291 2523 2085 2583 1951 1980 2313 2525 2941 2768 1687 2092 3025 2208 6234 6377 2550 8103 8605 
4817 3790 3693 1788 2875 2883 3806 2141 1480 1856 1857 2270 1952 2350 1965 2507 2428 1780 1656 2182 4572 7291 7041 8172 6731 
3272 4559 2608 2919 3072 2856 2410 1200 1438 1520 1176 2695 2209 2404 2388 4368 3925 3998 2257 1659 5420 6772 6232 4342 8400 
2684 3869 2188 2073 2406 2077 1629 1323 893 2161 1897 4324 1494 1787 4619 3651 2933 4815 2855 3735 3735 7282 7569 5859 5831 
3609 2777 2675 2585 2060 2592 1109 3342 2512 1980 2155 767 1896 1849 4020 2351 2063 1946 2526 2298 5391 4928 5732 5102 8397 
2236 3539 2975 2433 3053 1901 1267 3954 1335 7609 2733 1688 2143 1017 4636 5083 3355 5456 7695 1973 5630 6215 7399 6287 6453 
2003 2594 2151 3707 5641 2524 5326 1714 1560 2644 1553 2006 2443 2209 2410 7641 4756 3868 3448 6423 4801 3562 6139 6102 7465 
2231 1830 3113 3222 4511 4289 2760 2008 2326 1790 2427 4291 5042 4654 4888 3475 6113 4987 5134 5961 5041 4240 5427 4489 6009 
2314 2224 2008 4045 4937 6319 6482 5146 2596 2231 3697 5836 6957 7438 5280 3535 3584 5310 5037 5792 4123 6222 4427 5731 5423 
2079 2118 3259 4981 5315 6560 7072 7208 8529 7846 4730 3344 3359 4910 4710 5921 4771 3153 4089 5796 5159 6007 3583 5893 5698 
3442 2304 3552 5270 5491 6632 7860 8020 7720 3363 4338 -9999 7766 7909 6099 6970 4129 5915 4954 4369 3802 3550 2916 6522 5443 
2113 3280 4713 7424 7720 7581 8604 8497 5515 945 676 1834 6011 5464 8102 8576 8040 6379 3489 3601 4998 4634 4075 5389 4563 
