includes/gis/ASCII_5k/mod13q1_ndvi_2015_241.tif.txt
ncols         25
nrows         20
xllcorner     257482.3972
yllcorner     9670060.6647
cellsize      5000
NODATA_value  -9999
2545 2411 2864 2572 2963 2346 2743 1872 2086 2047 1787 2484 2734 2758 1489 1391 1871 2506 2264 2508 2034 2348 2187 1960 1871 
2403 2273 2233 2926 2883 2131 2652 2277 1735 2218 2045 2325 2389 2732 1762 2143 2287 2565 2287 2016 2179 2743 2244 2418 2630 
2392 3107 2432 2013 2751 2612 2167 1920 2135 1918 1819 1981 2416 2586 2221 2007 1833 2099 2233 1836 3453 2784 2391 2423 2755 
2916 2933 2593 2344 2153 2427 2493 2488 2218 2661 2161 2188 2303 1889 1979 2064 2759 1788 1760 3899 2100 2009 2238 2046 2885 
2732 2527 2400 2369 2618 2926 2376 2365 2030 2319 2289 2321 2385 2519 1869 1939 2591 2208 2066 3615 2177 2850 1912 2848 2425 
2156 2699 2403 2629 2576 2657 2216 2229 2247 1928 2597 2276 1927 2072 1722 1992 2265 1703 2378 3854 3483 2850 2227 2285 2092 
2191 2849 3330 2781 2184 2186 2553 2333 2045 2096 2067 2158 2283 2371 2359 2274 1983 2313 2288 2771 2300 4286 2009 2493 2663 
2248 2243 2516 2682 2252 2259 2169 2131 2376 2219 2899 2164 2254 2386 2107 2183 1989 1753 1955 2338 3944 5073 4246 3344 3808 
2357 2651 2532 2311 2660 2032 2018 1974 2005 2246 2266 2056 2314 2044 1954 1897 1644 2000 2233 2415 5650 4003 4743 4960 4216 
2630 2194 2588 2443 2017 2098 2001 2010 1860 1801 1902 2025 1934 2068 1937 1951 1836 1855 1768 2263 2735 4229 4886 4747 4067 
2558 2739 1984 2103 2144 1928 1637 1174 1885 1589 1669 1872 2034 1958 2034 1761 2063 1958 1673 1868 2169 4544 4635 4887 4154 
2081 2174 2084 1741 1764 1417 1565 1326 1112 1589 1550 1590 1748 1962 1899 1774 1723 1771 1465 1820 2189 4822 4063 3522 5026 
2336 2075 1649 1896 1977 1629 1290 2500 2057 1341 1995 1075 1730 1715 1841 1724 1609 1980 1673 1531 2452 2532 3397 7699 3926 
2060 1606 1711 1841 2328 1345 1408 2130 1387 5050 2266 1519 1763 1570 1618 1535 2077 1651 3528 1319 2268 2078 3840 3221 4573 
1944 1733 1242 1498 2785 1992 2253 1834 1500 1556 1578 1702 1881 1880 2463 4556 1744 1598 1783 2458 1652 1404 4310 2719 4653 
1847 1490 1344 1375 1559 1753 2170 2008 2067 2112 1743 2154 2004 2183 1905 1823 1976 1843 1683 1978 2318 2186 3850 2240 2998 
1708 1701 1085 1745 1812 2257 2541 2198 2163 2331 2451 2480 2718 2618 2266 2040 1541 2391 2127 1394 2482 2002 2353 2535 4481 
1937 1254 1674 1828 2295 2889 3361 3360 6795 6449 3495 2339 1981 2339 1956 2012 2293 1947 2123 2547 2017 1809 2056 1972 2390 
1270 1446 1771 2217 2138 2721 3515 8373 8137 7955 6549 8224 8280 5374 3010 2537 2315 2077 2104 2210 2513 1695 1394 1905 3324 
1593 1607 2024 2330 2155 3837 7019 8361 6029 4813 5009 5834 5281 7170 7780 5807 3014 2977 1499 2508 2387 2111 2172 1681 2211 
