includes/gis/ASCII_5k/mod13q1_ndvi_2014_305.tif.txt
ncols         25
nrows         20
xllcorner     257482.3972
yllcorner     9670060.6647
cellsize      5000
NODATA_value  -9999
3492 3125 3884 3167 4138 2447 3173 1984 2389 2169 2154 2515 3024 2573 1204 1768 1793 2381 2593 3290 2429 2659 2487 2376 2025 
2538 2834 2388 2116 3115 960 3003 2644 2401 2334 2122 2326 2562 2461 1824 2219 2302 2790 2470 2458 2577 3040 2011 2493 3371 
2782 3392 3051 2606 2849 1773 1320 2214 2671 2225 1537 1559 2648 2497 1999 2287 2435 2503 2381 3131 4226 3981 2793 2637 1986 
2850 3702 2495 2329 2310 2346 2824 2844 2331 3149 2698 2181 3098 1689 2340 2608 2445 1814 1990 4475 2734 2370 3019 2398 2640 
3276 2565 2805 1956 2228 2117 2625 2662 1274 3123 2723 3116 2483 3693 1974 2068 2783 2671 1792 2934 3074 2969 2326 2774 2562 
2191 2772 1297 2783 2642 2480 2617 2254 3117 2983 2592 2267 2540 3094 1923 2399 1895 1587 1591 1752 3092 -9999 1609 2720 2287 
2476 3712 5150 3455 2610 2029 2128 2089 709 1925 2591 2127 2172 2555 2822 2475 2208 2585 3125 2886 2783 4790 2284 2731 2760 
2237 1796 1594 1829 1411 1823 1159 799 1919 1785 2193 2390 2830 2596 1138 2247 2326 2420 2015 2887 4520 4214 2534 4027 3540 
2693 1495 1812 2527 3014 2453 2407 2107 822 2288 2816 1939 2505 2637 2091 2247 931 901 2470 904 4035 1640 2595 5489 4313 
3387 2581 2423 2528 2186 2244 2356 1515 2622 1427 1829 2948 3747 2466 2014 2099 2130 2299 2031 3292 2596 1718 4009 4800 3381 
3609 2803 2235 2394 2438 2369 1797 1376 1805 1701 1451 2154 2364 1670 2129 2879 2749 2356 2030 2268 1479 5558 3203 2713 1168 
2436 2438 2578 1860 1882 1640 1632 1494 954 1774 1671 1633 1771 2006 2295 1994 2265 2488 1797 1950 2449 6714 3514 1852 1346 
2470 2221 1683 2473 1962 1547 1289 2262 2138 1378 1972 1135 1586 1711 1971 1810 1563 2377 1566 1670 4087 -9999 3287 1637 -9999 
2303 1598 1707 1895 2096 1241 1412 2097 1502 4284 2796 1758 1687 1791 1673 1775 2300 2002 3508 1393 3029 3679 3057 2151 5869 
2418 1909 1515 1766 3163 1952 2595 1685 1535 1788 1640 1651 2023 2100 2423 5228 1836 1932 1914 1955 1776 1448 2509 3450 1315 
1935 1458 1809 1540 1668 1991 2177 2899 2317 2153 1867 2414 2144 2907 2270 2285 2175 1894 1792 1886 2232 2087 4832 183 4152 
1874 1815 1388 2071 2004 2384 2808 2150 3336 3255 3169 3257 3154 2673 2972 2407 1986 2525 2575 2044 4020 2010 2167 968 5198 
2853 1257 1817 1942 2266 2508 2193 4555 5205 2333 5006 2499 3546 2321 2070 1961 2275 2444 2719 5465 3273 2498 1627 2373 3576 
1866 1752 2427 3428 3066 2932 4740 6895 527 4112 5988 7196 8153 6428 4098 2576 2332 2978 5149 5080 2201 1481 1433 1542 2751 
1977 2207 2757 2755 2625 6242 8187 4316 4332 935 477 3474 5987 6717 7819 6718 2454 4332 2041 3527 3941 2962 3673 2470 1549 
