includes/gis/ASCII_5k/mod13q1_ndvi_2011_209.tif.txt
ncols         25
nrows         20
xllcorner     257482.3972
yllcorner     9670060.6647
cellsize      5000
NODATA_value  -9999
2199 2933 3550 3133 1314 2578 3718 1397 1963 3052 2930 3740 3210 3254 2221 2100 1965 2587 2999 2214 2554 2738 2369 2353 2279 
2292 1951 2786 2589 453 1254 2611 2813 2069 2804 2535 2783 2423 2606 2329 2346 2637 2940 1882 2588 2718 2971 2403 3083 3115 
2109 3843 1262 2364 568 574 1945 2250 1006 447 2195 2245 2632 2737 2449 2342 2572 2163 1239 2760 3794 3009 2720 2815 2919 
939 1348 2747 3044 1768 1382 1125 3019 2057 3161 2439 2513 2791 2281 2188 2022 2539 2292 2342 4180 2646 2450 2246 2381 3086 
1701 718 1493 704 699 1286 1096 3321 2533 1779 2777 2763 2661 2884 2154 2172 2505 2375 2258 3662 2657 2958 2230 2664 2887 
2217 3471 2340 3378 506 2003 2656 2831 2438 2633 3236 2456 2201 2265 2027 2299 2357 2043 2270 1645 2997 2957 2306 2511 2338 
1615 2747 3721 2810 1649 2838 3062 1807 2335 2359 2303 2145 2391 2437 2367 2234 2047 2177 2300 3770 3246 4607 2748 2633 2937 
3436 1952 1520 1045 632 2692 2075 2618 2430 2912 3082 2304 2398 2567 2050 2219 2140 1895 2086 2420 3219 4922 4241 3532 3721 
2713 3210 2334 2699 516 2275 2502 2216 2188 2192 2326 2325 2520 2197 2046 1974 1832 2117 2384 2546 4898 1466 4507 5080 4993 
1918 1684 2228 2036 2845 2689 1955 2040 2013 1954 1962 2299 2192 2310 2282 2106 2144 2063 1848 2199 2833 2282 4546 4916 3983 
2824 2537 944 2605 2409 2157 1611 1267 1655 1708 1860 2121 2067 2224 2205 2029 2167 2085 1715 1877 2404 4675 2656 4265 3966 
646 2400 2558 1968 2386 1820 1782 1422 1190 1566 1680 1963 2014 2115 2333 2056 1828 2136 1939 1983 2354 5144 3783 3544 4777 
624 2117 1802 1243 1886 1878 1331 2933 2025 1582 2456 1220 1857 1851 696 2130 1297 1956 1858 1780 2606 2559 2921 7933 3668 
1947 1838 1852 1866 2318 1607 1315 2164 1517 5730 3119 1523 1968 1712 1736 2237 2283 1895 4069 2208 2272 2368 2208 4285 5577 
2121 1845 1432 1750 1229 1937 2363 1776 1714 1852 1610 1785 2064 2169 1673 4843 2022 1863 2074 2821 1633 1858 3943 3068 4069 
1869 1563 1566 1639 1201 1859 2112 2069 1993 1931 2105 2232 1914 2288 2221 2071 2213 2267 1265 2349 2441 2045 4076 2662 3405 
1849 1755 1342 1896 1314 2176 2550 2366 2368 2389 2471 2775 2819 1517 2490 2245 1872 2451 2174 1565 2361 2223 2398 2552 3598 
2017 1437 1865 1987 2243 2727 1370 524 3246 3714 3413 2307 2479 3589 2298 2290 2115 2181 2206 2861 2420 1887 1978 1195 2550 
1419 1692 2084 2401 2212 1338 887 2563 4036 734 297 929 3114 823 2638 2723 2256 2312 2552 2915 2811 1961 1690 2375 3472 
1728 1845 2239 2470 2263 4052 2900 7971 5900 5475 4239 627 1335 6189 1567 6180 3264 3414 2542 2882 2950 2359 2610 2005 2277 
