includes/gis/ASCII_5k/mod13q1_ndvi_2010_321.tif.txt
ncols         25
nrows         20
xllcorner     257482.3972
yllcorner     9670060.6647
cellsize      5000
NODATA_value  -9999
4768 3126 4274 4963 5523 4845 5465 5453 5422 4095 4370 5973 7151 6176 3048 4603 4174 3568 5518 5329 4952 2653 5546 3877 4371 
2992 6420 3006 4168 4553 4633 4846 4133 3229 2910 4039 5034 1632 2852 4161 3233 1701 4447 5034 4020 5324 5272 5250 7532 7532 
3048 5752 4315 3281 2843 2905 2220 2608 2733 2187 2412 2628 3641 5198 3823 3731 5353 3661 4425 4168 5922 6241 6557 6469 4025 
4526 5986 3519 3847 3434 4569 3675 3698 2895 3476 2545 3650 4798 4547 3770 3362 3008 3144 3274 7094 5632 6061 5079 4466 6071 
3649 4221 3444 3835 3391 5348 4238 2668 2246 2566 2613 2914 2742 3092 2699 4191 5626 4702 3799 3338 5357 6077 4015 6320 4357 
2303 4290 3175 4541 1509 3460 3985 2647 2664 2684 3526 3597 2950 3528 2274 2574 3857 3751 -9999 7087 7099 5820 3321 -9999 4486 
3389 5142 5153 4907 4700 4236 4341 2836 3352 3015 3182 3975 4258 3367 3556 2962 3645 3453 1891 3882 4998 7416 4259 5227 4206 
3669 2889 4483 7820 3811 3264 3039 2601 1961 3285 3649 1959 3574 3838 3673 2494 3960 2400 1638 4972 3982 6859 7568 8010 8121 
4035 2897 2841 4468 4668 2859 2543 2020 1597 2178 2443 2188 1569 3210 2306 -9999 1540 2733 1598 3889 6576 4541 2919 5188 7237 
4180 2333 2136 3014 2542 2410 3336 1470 2334 1761 2437 2806 2152 2477 2969 4208 3004 5002 3235 5156 7076 6348 5451 7451 4753 
3667 2539 2576 1522 2350 2007 1841 1214 1375 2572 2118 2120 2180 2228 2694 2720 3491 1752 4966 4520 5849 6535 4481 6754 3720 
2187 1914 2435 1619 1866 1934 1757 1273 1178 2296 1635 1451 2255 2921 3871 3502 2863 895 1957 3332 5384 7203 4043 4769 -9999 
2429 1790 1811 3118 2216 1810 1420 1565 917 1704 3069 1893 2081 2442 4529 3778 3956 2608 2417 2535 5792 7001 6503 4125 5657 
1881 1533 1768 1983 3309 1669 1576 2286 2033 7263 3737 1731 2939 3233 3859 5842 6243 3035 6250 1932 4314 5906 6181 6074 6096 
2177 1617 1237 1729 3361 2228 4973 3365 3007 5263 2781 5198 3772 5114 3890 8337 3713 4832 3877 5060 2965 3073 6397 5703 7828 
1824 1446 1670 1598 1819 2317 4714 5233 6104 6572 5498 4759 4196 6282 5658 4994 6485 5619 3507 4024 4035 3838 4342 4995 4501 
2230 1956 1330 2442 3076 3623 6100 5201 5295 5300 6238 6044 5714 5550 5011 3635 6384 5740 3516 3131 2863 4268 6135 2308 5209 
2135 1449 2366 3550 2869 6092 6729 4735 5808 7590 5654 3876 3681 5251 5444 5356 5587 4834 3971 2947 -9999 2912 4407 5358 5884 
2337 2536 2928 4449 2937 5519 6216 5494 4137 3485 2827 5927 7220 4177 5289 4437 6293 7154 7286 7291 4870 3836 2682 5148 7490 
2204 4226 3243 3909 5068 7393 2476 4295 2932 1853 976 1499 3000 4208 5562 7948 5631 5825 6147 6249 6518 5930 6288 3849 3049 
