includes/gis/ASCII_5k/mod13q1_ndvi_2010_049.tif.txt
ncols         25
nrows         20
xllcorner     257482.3972
yllcorner     9670060.6647
cellsize      5000
NODATA_value  -9999
5543 4374 6255 5238 1736 5182 5812 3466 3821 3981 3334 4457 5197 4147 3592 3800 2080 4298 3416 5803 4154 3844 5238 4246 2882 
6000 2456 5756 5640 6369 4063 5163 4390 3321 2887 4491 4757 4129 3977 4471 5427 5021 5521 3391 3794 5595 4066 3685 3563 3623 
5475 4934 6206 5357 4508 2739 4383 3740 4973 3832 5733 4695 4271 5121 4542 3034 2487 2585 3006 3203 5356 4858 6093 4976 3858 
5727 5814 6539 7747 5634 4235 4004 2933 3240 4600 3085 3919 4440 3438 3413 2440 1731 2986 2840 5195 2881 3087 5041 2761 4535 
5992 7716 6037 6728 6664 7835 5593 5230 3256 4106 3546 4199 4174 3079 3732 4652 3480 4274 4509 6413 4115 4778 3245 3682 5120 
6630 6808 6497 7211 6626 7715 3547 4109 5175 3020 4180 2987 2468 2448 2266 3497 4399 2702 4220 6142 5138 4466 4458 5880 5002 
6989 6904 6034 5731 6991 3339 6179 3265 2667 3261 1884 2697 2687 2637 4069 4418 4430 4626 3425 5166 3974 5517 5311 5990 4338 
3634 5921 8026 7268 4554 3227 3957 2716 2240 3412 6045 2683 2436 4128 2351 2696 3852 3767 3603 3441 6088 6213 6858 8165 7765 
6523 7509 7934 6342 5595 4877 3902 3062 2182 4574 3510 3853 2425 3071 2021 2335 1717 2876 3240 4046 5041 5303 5039 6396 6967 
6499 6781 7286 5800 5997 2883 2893 2200 1751 2958 3057 2542 2787 2395 2182 2231 1879 1885 1662 2199 5670 5321 6943 6426 6792 
5671 6805 5440 5957 2761 3003 2424 1869 1866 2209 3255 4697 2737 2308 3103 3088 4152 2323 1755 2397 3760 4590 3465 7481 8391 
3112 2991 4323 3822 3520 3521 2857 1916 1243 2131 2675 3115 1978 2320 3044 2520 2053 3521 2634 2961 3101 5688 7206 5393 7940 
3412 4427 3059 3933 2797 4516 979 3120 3113 1747 2491 1322 2058 2215 3602 2468 1856 3492 1739 1556 4864 6677 4767 6700 7503 
3216 2821 2545 2963 6267 2267 1580 3526 2895 7887 5124 1560 2161 2176 2880 2737 2661 2909 6016 1448 5479 5390 5702 3078 6767 
3075 3002 1695 2860 5250 2839 5282 6542 4216 3363 1831 3316 2590 2929 2363 6720 3725 2367 1860 4421 2003 2104 5623 5292 5948 
2429 2359 3162 2395 3075 4140 5049 6213 5349 5331 3813 3939 3042 4162 4137 2644 4275 3861 2169 2163 2688 2425 5432 4170 6627 
3545 5981 1748 3040 2901 5134 5698 5001 3944 4775 4283 4937 4996 4470 4527 3282 3302 4502 2975 2178 3898 2200 2017 3309 4784 
5700 2192 2924 3099 2874 3758 5208 4301 4925 6229 5529 5992 5680 5987 4114 3681 6161 2988 2683 4316 3577 2463 1875 3000 3523 
3807 4451 4085 3428 3347 4423 4841 7441 3081 4969 621 7973 9015 8124 7047 5687 4551 3671 4528 3809 5109 2301 1827 3967 4523 
4300 4465 3754 3783 4276 4991 8694 7864 5229 2392 1465 1422 5677 7619 8419 7980 5777 5538 4146 4062 3728 4245 4064 2220 3260 
