includes/gis/ASCII_5k/mod13q1_ndvi_2005_257.tif.txt
ncols         25
nrows         20
xllcorner     257482.3972
yllcorner     9670060.6647
cellsize      5000
NODATA_value  -9999
2588 2479 2837 3188 3166 2342 2728 1833 2231 2004 1955 2497 3119 3231 1116 1257 1815 2250 2457 2514 2124 2356 2280 2084 1865 
2282 2628 2465 2829 2682 2318 2769 2334 1325 1919 1971 2651 2514 2378 1839 2134 1822 2400 2374 2208 2231 2678 1719 3200 3523 
2503 3485 2956 2123 2512 2358 2449 1907 2324 1955 1918 2031 2239 2327 1937 1985 2221 2036 2088 2262 3662 2793 2769 2666 2892 
2792 3173 2579 2581 1995 2368 2345 2476 2345 2761 2285 2268 2270 2020 2051 1749 1997 1833 1830 4167 2323 2190 2434 1967 2968 
2563 3156 2898 2496 2636 3160 2257 2258 2221 2223 2249 2245 2222 2652 1739 1953 2351 2246 1970 3532 2222 3513 1881 2299 2527 
2047 2634 2717 2533 2498 2788 2087 2193 2065 2249 3022 2196 1921 2014 1755 1880 2275 1969 2254 3606 3150 2634 2988 2177 2171 
2345 2587 3000 2665 2490 2313 2382 2325 2033 2237 2073 1947 2088 2061 2211 2250 2063 2173 2203 2415 2467 4273 1857 2274 2843 
2285 2342 2575 2758 2573 2347 2258 2270 2007 1916 2599 2044 1986 2060 1910 2093 1914 1626 2083 2071 3817 4546 3852 3244 3582 
2345 2441 2903 2586 3027 2283 2201 1876 1814 2237 2077 1784 2083 2028 1951 1888 1733 1773 2132 2352 4666 3076 4407 5073 4483 
2517 2201 2510 2313 2317 2597 2443 2059 1891 1776 1822 1976 1931 1866 1869 1804 1883 1702 1891 2082 2911 3308 4998 5167 4025 
2232 2645 2187 2218 1878 2081 1855 1260 1899 1853 1739 1821 1878 1750 1967 1692 2011 1797 1667 1768 2179 4254 3639 4917 4453 
1970 2014 2125 1625 1942 1592 1452 1313 1165 1695 1500 1650 1807 1666 1904 1582 1806 1869 1530 1642 2137 5250 4242 2828 4318 
2301 1984 1708 2372 2051 1599 1334 2529 1841 1438 2300 1112 1610 1453 1725 1765 1651 1850 1630 1516 2575 2541 3111 7211 3360 
2075 1605 1750 2006 2310 1433 1274 2170 1534 4960 2633 1577 1761 1482 1496 1350 1852 1719 2284 1157 2206 1902 3336 3104 3580 
1933 1839 1413 1610 2919 2012 2416 1791 1626 1627 1740 1704 1869 1782 1719 4420 1606 1746 1934 2210 1471 1407 3562 2758 3491 
1941 1710 1361 1600 1740 1747 2243 1924 2143 2050 1815 2111 1845 2069 1882 1723 2068 1972 1492 1864 1875 1725 3690 2302 2799 
1676 1618 1444 1918 1933 2100 2068 2338 2817 2378 2243 2414 2400 2231 1878 2096 1859 2223 2045 1627 1889 1676 1849 2377 3727 
1889 1395 1913 1881 2375 2283 2425 3177 6866 6304 3215 2502 2222 2299 1872 1585 1786 1772 1906 2776 1874 1548 1865 2228 2314 
1758 1661 2115 2256 2224 2157 3240 7720 7619 6527 7291 7733 8153 5382 2645 2204 2109 1676 1955 2482 2624 1728 1447 2123 3273 
2131 1846 2320 2249 2208 2737 5613 3149 2809 4219 4239 5276 4529 6523 4262 5293 2065 2367 1778 2173 2940 2076 2344 1873 2328 
