includes/gis/ASCII_5k/mod13q1_ndvi_2017_209.tif.txt
ncols         25
nrows         20
xllcorner     257482.3972
yllcorner     9670060.6647
cellsize      5000
NODATA_value  -9999
1468 2010 3369 3344 859 1157 1615 1878 2411 1439 1882 2322 1033 912 2077 -9999 1480 2621 2579 2111 2287 2716 2898 2633 2409 
2515 2583 2541 3844 3740 1030 1645 2421 1757 1727 2511 2010 2361 1978 1693 968 2655 3103 2519 2311 2281 3031 2809 2732 2671 
3660 2862 2028 2199 2942 3192 1478 998 2841 1728 1913 2014 1745 1681 702 477 2171 2310 2657 2355 3669 3213 2537 2411 2403 
2272 3653 3033 2651 3907 2581 2189 2466 1912 2957 2209 2116 2395 2046 1895 1968 2104 1765 2144 4361 2409 2576 2655 2166 2753 
2791 2587 2839 532 2243 2907 2612 1853 2628 2297 2452 2313 2244 2608 1951 1963 2362 2036 2120 3589 2533 2446 2349 2750 2733 
2307 2997 2372 2812 2176 2234 1456 1621 2136 2846 2661 2329 2058 2169 2012 2076 2139 2002 2260 2784 3669 3280 2656 2536 2868 
2442 3154 3462 3725 1424 2036 2271 820 2137 525 1641 2219 2228 2301 3004 2167 1909 2259 2316 2982 3426 4905 2565 2705 3128 
2257 2386 2410 752 3786 1048 2199 813 1638 578 1130 1955 2550 2564 2580 2147 2023 1870 2315 3146 4824 5855 4505 3570 3871 
2179 3023 2762 1301 1519 2273 2216 2248 2705 1374 2102 1842 2374 2155 1828 1924 1752 2033 2407 2652 5495 4507 5224 5245 4457 
2557 2092 2298 3920 1016 1968 2076 698 1664 1841 1777 1982 1944 1942 1085 1968 1998 1943 1783 2473 3240 4916 5566 5805 4663 
2437 2879 2085 2010 1612 770 1911 1357 2432 1933 1298 1991 1650 1949 1891 1808 2262 1992 1670 2074 2567 5073 4931 6131 6030 
1937 1449 2168 1913 1637 1195 1247 1177 1085 1812 1377 1755 1920 2011 1952 1826 1814 1772 1615 1916 2376 5660 5049 5354 5954 
2092 2129 2161 2004 977 1153 2014 2286 1827 1536 1831 1391 2064 1905 2009 1522 1674 2027 1701 1595 2432 3348 4456 7883 4774 
2043 1570 1982 1750 1368 1557 1752 1814 1085 4695 2676 1530 1896 1768 1683 1637 2209 1919 2717 1419 2384 2327 3984 4740 5863 
1942 1775 1210 1820 2543 2014 2117 1917 1279 980 1336 1567 1950 1874 2094 4744 1852 1756 1886 2806 1360 1587 4885 4265 6207 
1800 1406 1315 1532 1754 2303 2420 529 1325 654 919 2745 1975 2220 2037 2203 2209 1904 1759 1987 1935 1994 3806 2862 3937 
1830 1626 1241 2043 814 2958 2967 451 463 2551 1841 770 605 724 1109 2622 1996 2526 2057 1384 2575 2084 2262 2934 4383 
2043 1157 1646 2007 528 1557 3173 633 922 967 3270 558 673 567 1267 2189 1940 2199 2079 3032 2294 2014 2062 2422 2848 
1239 1491 1910 2207 2257 547 2859 391 363 316 270 344 325 708 1291 2953 2394 2350 2441 2313 2543 1796 1465 2197 3662 
1949 1801 2228 2820 2471 4092 1846 1929 5739 4657 5487 5062 4005 349 1519 5294 2899 3126 1660 2866 2637 2361 2395 1973 2528 
