includes/gis/ASCII_5k/mod13q1_ndvi_2007_337.tif.txt
ncols         25
nrows         20
xllcorner     257482.3972
yllcorner     9670060.6647
cellsize      5000
NODATA_value  -9999
4317 3188 4190 4739 5816 4715 4589 3507 4777 5118 5802 6702 7342 7049 6798 6192 4431 6432 7330 6599 5355 6156 5442 5753 5527 
4539 4690 3127 4004 5713 4959 4149 3536 3690 6289 6576 6594 7018 6365 6842 6712 7456 6492 6669 6602 5020 6412 6260 8071 8065 
3581 5983 3681 2891 4693 4299 4567 3141 5065 4310 5274 4896 5989 6697 6245 6491 7700 5993 6951 7081 7358 7599 7449 7219 6670 
4311 5869 3770 4176 3517 5037 4594 4090 4026 4357 3564 4297 5601 5539 6367 6274 7414 6918 4502 7301 6820 6147 6648 6057 6981 
3041 4165 4108 3895 3530 4121 3648 3079 3562 3967 3306 4410 3963 5249 5157 5009 6882 5676 5159 7318 7180 6292 5279 6567 6374 
2789 4139 4216 3900 4054 4505 3044 3085 3142 3446 4295 3787 3551 4312 2920 3785 4663 4007 5632 6951 8049 7831 6673 6123 6202 
4699 4646 4455 4303 3269 3354 2939 2475 2798 3256 3702 3348 4353 4421 3581 3895 4217 5167 4576 6456 6721 8152 5666 6500 6594 
4498 2381 2614 4265 3139 2829 2431 3058 2468 2535 3501 3163 3431 3307 2391 3556 4337 5457 5433 5182 7064 7286 8635 8454 8693 
3729 3206 3330 3082 3715 2310 2444 2018 2207 2447 2636 2512 3161 2716 2617 2839 3402 4226 5416 6223 5933 7147 6048 7699 8509 
4617 2505 2803 2578 2304 2681 2119 1846 1806 2079 2076 2709 2805 2612 2751 3694 3258 4102 3362 6082 6793 7029 6671 8200 8295 
3114 2993 2193 2520 2194 2029 1920 1137 1606 1683 1727 2146 1992 2096 2524 2739 2912 2915 3614 4434 6305 6819 6901 7568 8085 
2935 2413 2377 2017 1936 1623 1725 1286 1091 1679 1632 1644 1922 2372 2335 2134 2556 2977 2949 3553 5468 7854 7592 7305 7846 
2670 2186 1894 2403 1906 1627 1248 2980 2059 2174 2216 1038 1819 1768 2954 2447 2568 2869 2840 2828 5879 7182 6436 8134 7473 
2091 1922 1892 1893 2137 1688 1324 1931 1470 6259 3563 1639 2016 2062 1752 2614 3852 3387 4602 1512 5327 6381 7558 6482 7157 
2277 1700 1339 1600 3330 2271 2700 1648 1891 1940 2059 2197 2584 2375 2368 6591 3679 2509 3178 4070 2505 3340 6574 5430 7308 
2235 1726 1655 1945 1795 2096 2379 3334 2782 2932 2523 2821 2362 4469 3816 2939 2731 2924 3008 3620 4314 3425 5948 4438 5915 
2129 1885 1938 3166 3006 3946 5026 3978 5093 4985 5540 5666 5507 6319 5903 5257 3368 6376 5992 2495 3795 3899 4088 5175 5087 
1821 2101 3638 3360 3828 5257 5905 6246 7718 7889 6791 4969 5635 7007 6772 6092 6489 4342 3629 5324 4959 3601 4054 4046 5430 
1864 1938 2381 3580 3556 5829 5676 8856 8770 8474 8570 8933 8911 8126 6252 5870 5297 5268 6486 5856 4645 3613 3247 4372 4870 
1720 2181 3072 3716 4375 6980 8369 8883 5751 6137 6206 6265 6527 7452 7085 7940 5833 6096 5681 5513 5345 4895 5085 2704 2750 
