includes/gis/ASCII_5k/mod13q1_ndvi_2016_353.tif.txt
ncols         25
nrows         20
xllcorner     257482.3972
yllcorner     9670060.6647
cellsize      5000
NODATA_value  -9999
4146 3893 5699 4772 6211 4727 4873 3999 4155 5735 4538 5255 5426 5405 2838 3716 5512 6672 5979 5835 4583 4528 4579 4640 4367 
3841 3879 4683 5023 5737 3595 4098 3781 3379 5837 3462 4458 4832 6024 5089 4501 5107 5644 5790 4696 4407 5096 5324 6801 5977 
4351 5199 5195 3502 4983 4033 3467 2764 3698 3081 3643 2779 4057 4638 4452 3075 3711 3879 4548 3162 6489 4462 5393 4649 6040 
5070 7341 5474 4042 4355 4317 4194 4510 3455 3743 2953 3543 4055 3628 3630 3857 4226 2366 3942 6932 4247 4268 5019 4119 6625 
3904 4248 3856 4282 4352 6040 3736 3359 3094 4089 3615 4540 4449 5633 2572 2377 3376 2806 2832 6840 5772 6061 4273 7061 6394 
2987 4453 3601 3985 3757 3461 3717 3051 2636 2963 3111 3121 3381 3758 2410 2732 3150 2774 4403 6581 7300 7814 5822 5469 5668 
3356 4122 3669 3693 3166 2424 2751 2514 2236 2350 2344 2768 3720 3585 3397 3056 3203 3895 3758 6372 6580 7318 5750 6578 6484 
2938 3558 2995 3147 2886 2684 2259 2279 2400 2128 3689 2514 2531 2703 1968 2708 2048 1908 2611 4762 6486 7305 8274 8257 8584 
2736 2804 2629 2419 4153 2703 2595 2097 2017 2350 3366 2830 2579 1882 2235 2015 1663 2191 2522 3776 6421 6893 6059 8087 8187 
3824 2448 2865 2960 2556 2771 2425 1923 2191 1997 2426 2604 2167 2024 1947 2189 2504 2529 2108 3291 5612 6091 7989 8254 8500 
3105 3052 2216 2476 2304 2238 1863 1075 2007 1723 1414 2101 2107 2463 2540 2337 3286 2796 2696 3437 4230 6998 7230 8074 8259 
2599 2299 2230 1844 1820 1424 1650 1493 1072 1931 1774 1717 1892 2725 2299 2448 2512 3498 3326 3588 4519 7844 7894 7790 8213 
2703 2298 1851 2955 2003 1583 1389 2775 2152 1814 2294 1240 1839 2037 2656 2824 2489 3082 2736 2787 5715 6532 7134 8684 8062 
2437 1801 2248 1988 2438 1503 1289 2262 1666 6839 3475 1796 2204 2029 2029 2517 3731 3158 6392 1899 4516 5627 7866 6887 8079 
2236 2054 1286 1868 3282 2114 2583 1588 1698 1681 1642 2033 2256 2663 2979 7744 2492 2548 3047 5237 2066 2203 6749 6751 7620 
2192 1448 1648 1718 1739 1884 2166 2288 2880 2136 1832 2249 2374 3961 3401 3465 3591 3010 2549 3025 4375 2618 5681 5432 6260 
1806 1791 1698 2546 2268 3395 3537 3260 4110 3665 3607 4109 5690 4918 4733 4642 4325 4140 3436 2387 4529 3093 3174 4120 5470 
2322 1411 2019 2879 2958 3384 4709 6358 8481 8465 6685 6123 6885 6459 2945 3989 5220 3396 4187 5898 4925 3633 2847 3068 5751 
1632 1966 2311 3323 3405 4386 7964 9015 8417 8163 8177 9020 9037 8531 7038 5305 5937 6354 5699 5353 5098 3559 2283 3322 6361 
1800 2587 2659 3440 2775 4674 7933 8532 5051 4684 5067 5725 5892 7281 8734 7707 6364 5987 4982 6220 5214 3484 3922 3389 3711 
