includes/gis/ASCII_5k/mod13q1_ndvi_2002_161.tif.txt
ncols         25
nrows         20
xllcorner     257482.3972
yllcorner     9670060.6647
cellsize      5000
NODATA_value  -9999
6392 5203 5918 6846 6231 5980 6418 4506 4529 4676 2861 3631 4776 4153 2557 3773 3013 3661 3809 3484 3318 3432 3412 3103 4025 
6074 4547 4639 5531 6856 6135 6397 5313 3432 3950 2964 3557 4721 2955 2435 3356 3797 3681 3448 3336 3268 3705 3388 3604 4407 
5294 6496 4631 4467 5543 6543 4547 3486 4880 3136 2356 2594 3272 3126 2613 2486 2555 2872 3306 3074 4555 3889 3509 4165 3977 
6217 7364 4894 4851 5456 5408 5382 3966 3615 3908 2796 2847 3022 2447 2513 2293 3166 2399 2771 4825 3456 3228 3555 3080 4017 
5231 6707 5610 6509 6042 5870 4903 3595 2811 3330 3182 3183 2783 2998 2309 2487 2863 2737 2563 4431 3250 4233 3516 3538 3669 
3928 5575 5918 5921 5758 5317 2870 3066 3414 3266 6641 3181 2665 2540 2447 2542 3087 2728 3005 4633 4815 3278 4163 3999 3727 
4677 6189 5201 5256 4821 4040 3028 2901 2473 2635 2823 2612 3644 2655 2794 2777 2305 2573 2517 3569 3862 5538 4023 3924 4486 
4899 4501 3533 5341 4803 3183 2794 2594 2581 2585 3598 2759 2827 2935 2013 2354 2536 2127 2429 3346 4495 5866 4854 4717 4532 
3998 5172 5727 5164 5669 3631 2766 2289 2176 2312 2378 2382 2675 2859 2144 2195 1859 2290 2613 2942 5451 3691 5550 6424 5907 
4498 4163 3548 5270 3973 3313 2815 2024 2044 2172 2057 2178 2307 2196 2290 2093 2438 2371 2227 2471 3643 4683 2556 6165 5168 
4008 4712 2935 4437 3176 2950 1937 1344 2047 2052 2018 2344 2396 2589 2211 1991 2493 2339 2407 2357 3059 5288 6090 5372 5797 
3392 3637 3375 2610 2514 2042 1839 1507 1178 2193 1863 1763 1978 2327 2294 2028 2106 2500 1932 2107 2993 6115 6283 6141 5502 
4424 3002 2498 2725 2514 2194 1327 4193 2283 1644 2544 1179 1788 1975 2079 1734 1803 2669 2436 1798 3269 3849 4733 8129 6297 
3632 2965 2553 3327 3002 1648 1275 2647 2140 6119 3919 1979 2095 1860 1852 1756 1663 2401 3976 1616 2412 2717 4789 5623 6949 
3106 2945 1859 2205 3790 2449 3014 2146 2022 1893 2086 1804 2280 2036 2199 5758 2269 2336 2460 3720 1832 2088 4127 3694 6144 
2660 2047 2211 1929 2382 2395 3099 2992 2469 2539 2610 2921 2213 2640 1738 2711 2822 2465 2596 2680 2458 2051 4009 3342 5974 
2469 1951 1492 2163 2441 3062 3679 3973 3842 3825 3133 3203 1792 2440 2134 2835 2496 3290 2930 2148 2576 2653 2819 3523 4633 
1835 1519 2145 2411 3341 3207 4511 5047 2507 6459 5475 993 5279 2146 3529 2378 1887 2262 2995 3852 3712 2537 2769 2930 2954 
1860 2073 2421 2276 2530 5906 8378 9339 7540 8721 4999 2922 1281 2138 3843 3087 2089 2667 4098 4739 3874 2625 2437 3709 3980 
2054 2382 2825 2728 2696 5672 9094 8624 6621 5425 5889 5774 6189 877 983 1031 2780 3745 4931 3852 3127 3789 3164 3146 3479 
