includes/gis/ASCII_5k/mod13q1_ndvi_2002_017.tif.txt
ncols         25
nrows         20
xllcorner     257482.3972
yllcorner     9670060.6647
cellsize      5000
NODATA_value  -9999
6925 5277 5573 6005 5752 4725 5912 4287 4250 4566 4802 6354 6609 6897 5169 6576 5853 6790 6770 7306 6928 4379 7203 7158 7134 
5543 5903 5138 5985 6308 5334 5148 5310 4665 4990 3686 5682 5576 4549 5176 6138 6816 6925 5469 6408 4707 4690 6193 7227 6966 
5822 6549 4860 5788 5810 5240 5063 5522 5024 4499 4346 4639 5306 5733 4825 4602 5166 3445 2382 5432 5594 6386 6834 7259 7001 
6679 7803 6388 6824 5600 5544 5640 4930 3981 5591 4762 5451 6210 4933 4582 3964 4667 5138 5190 7895 7308 7102 7176 6290 6137 
6697 6746 6199 5750 5712 5491 5709 5032 4337 5351 5117 5446 5109 4872 3811 4511 4941 5323 5433 6672 6919 6907 6201 7224 6874 
5521 6711 6903 5837 5956 5917 4620 4294 5107 5381 6249 5978 4697 5045 4128 3905 4355 4776 5730 6356 7440 6619 7669 6923 6388 
6107 6898 6451 6195 5716 4956 4558 3216 3185 4465 4919 5516 5661 4937 4025 3856 4416 5791 5452 5674 6255 7051 7120 7464 6312 
6817 6677 5912 6322 5151 4366 3948 3690 5063 4266 6544 6197 5899 4343 3747 4625 4119 4639 5292 5794 7001 6888 7310 6437 6779 
6187 5788 6343 6207 6864 4774 4916 4367 3415 3952 5460 4475 5408 5637 4321 3392 3257 4083 5574 5758 5871 6828 5737 7215 7441 
6164 4726 5565 6011 4972 4599 4391 2652 3689 4672 4085 4680 4703 4479 4297 3004 3386 5059 5117 5480 6554 6371 7425 7559 6729 
5462 5570 5338 5572 3890 3874 4130 1348 3622 3668 4387 5725 5348 4386 4007 3081 3746 4398 4609 4206 5188 6489 7439 7875 7932 
5070 5159 5696 2928 4317 3138 2392 1827 1320 2876 2146 3229 4707 4291 3397 3498 2795 3994 3999 4007 5332 6870 7189 7651 7914 
5821 4709 4671 5037 4660 3552 1287 3754 2832 2300 2874 1851 3069 4357 3377 4522 3278 4536 4278 3217 6351 5985 6620 7958 7609 
5396 4243 4082 3576 3661 1945 1553 2897 2560 6715 5425 2083 3022 3227 3630 3882 4229 4662 7043 2347 5325 5232 6842 6883 8291 
4925 3158 2784 2640 4043 2432 4239 2809 2411 4415 3462 3498 2894 3632 4153 7559 3066 4212 4056 5946 3599 3381 5972 6434 7845 
3069 2038 2383 2753 3483 2963 3535 2878 3877 4323 4572 3953 4420 4405 5476 3945 3927 3901 2339 3061 4052 2902 5992 4711 6847 
2470 1809 1734 4001 3983 4691 4871 5330 4829 5682 4767 4094 5844 5107 4514 5587 3927 5522 3255 2671 3410 2843 3479 3914 4614 
2556 1967 2758 3310 4920 4825 5080 7833 8584 8585 7406 6739 6504 6785 4082 4833 5374 5195 4995 4744 5433 3045 2828 3229 3826 
2727 3324 3388 3671 3369 5054 4201 8957 8788 8203 7864 8792 8960 7804 7403 6379 5685 5678 6012 6048 5851 4815 2599 3434 4312 
3949 5615 3776 3733 3100 4499 8765 8930 6382 5304 5439 5960 6364 7653 7337 8100 6281 6895 6891 6157 5099 4447 3620 2874 2824 
