includes/gis/ASCII_5k/mod13q1_ndvi_2013_209.tif.txt
ncols         25
nrows         20
xllcorner     257482.3972
yllcorner     9670060.6647
cellsize      5000
NODATA_value  -9999
4742 3525 5023 4248 1841 1133 1838 1496 3014 2705 3136 3454 2037 4602 1801 3147 2889 2922 2112 2730 2899 3263 2550 2331 2273 
3251 3264 1473 3536 2233 1822 1084 2985 2381 2865 2615 2679 3211 3620 630 2799 2374 2864 2939 2747 2593 2745 1394 681 3594 
4125 3143 3695 3708 2552 2186 1203 2484 2795 2551 2435 2341 3041 3113 1466 2503 2980 2623 2501 1209 1700 2150 1425 1960 2900 
3542 1545 1833 2471 2552 2086 2189 3341 2820 3141 2791 2788 2973 2515 1576 2034 3501 2409 2069 1119 2016 2628 2941 2135 3335 
4930 2661 1126 3505 2440 3284 2809 2447 2736 2632 2964 3059 3299 3365 1961 2266 883 2134 964 1204 3054 978 1561 2833 3314 
2981 2014 2124 3355 3151 3588 2150 2242 1685 2934 4069 3250 2871 2087 891 911 1418 1966 2625 2738 2889 1078 2314 2532 3226 
4852 1904 1151 1463 1126 3224 1484 2348 1729 2151 2556 2603 2517 2615 1836 1423 2910 2421 2360 1433 1256 4043 3222 3368 3046 
3341 3035 3055 3408 2235 1182 2488 2702 2874 2599 4296 2595 2716 2441 1084 2817 2782 2560 2148 2687 2799 776 2801 3679 4449 
1628 3505 3155 1902 1661 1686 2163 2444 2452 2767 1222 2622 3171 2908 723 2145 1505 2314 2657 2496 5792 3708 1598 1784 4726 
1891 2833 3642 3677 2717 2737 2004 1710 2808 2518 1461 2501 2669 1998 1756 1030 2233 2363 2160 2437 2929 4178 1119 5851 4768 
1318 1898 1188 1583 1255 1923 1492 1580 1531 1988 1994 1542 2361 2421 1110 1827 2292 1975 2077 1995 2555 5076 3767 3917 5589 
2361 1371 840 555 1841 1701 1141 915 1076 1141 2002 2042 2072 1935 1783 1896 1838 2178 1779 2158 2685 6349 5347 5069 5816 
712 2697 730 1440 1150 1113 1285 2355 2499 1689 1675 1366 2138 2428 995 789 1873 2777 1794 1141 2704 3112 3596 6958 4163 
829 1630 1200 1425 1506 1543 1451 2397 1312 5999 3494 1706 2109 1232 2674 1927 1765 2011 3980 1464 1563 1939 4167 4545 5208 
964 1667 949 1823 2246 1936 2834 1962 1818 2183 1887 1596 2161 2251 2260 2309 1413 1847 1475 3083 2112 1853 4697 4256 1116 
2178 1386 1861 3963 2057 1952 2338 2499 2424 2734 2200 2501 2422 997 1515 1748 2116 2247 1938 1471 2547 2450 4894 3271 3975 
2118 2320 964 1429 1123 2735 1892 2725 3970 2382 3518 3411 2576 978 2272 3310 1739 1264 2517 2019 1985 1754 2465 2167 2357 
1902 1791 1912 1042 1390 2269 796 427 1710 1000 1229 4028 3468 2913 2350 2395 2776 2623 2383 3078 1591 1520 2193 1858 666 
1515 1468 1936 1501 1483 1982 1424 922 1971 443 841 7232 8068 6754 1725 2856 3226 2869 3019 3051 3313 2077 591 2917 3939 
1651 1787 2201 2329 2715 2817 930 3231 4385 2306 5088 6508 3810 3440 4733 5123 4624 3790 3953 3048 2469 2216 2551 2017 2891 
