includes/gis/ASCII_5k/mod13q1_ndvi_2018_001.tif.txt
ncols         25
nrows         20
xllcorner     257482.3972
yllcorner     9670060.6647
cellsize      5000
NODATA_value  -9999
3043 2922 4332 3322 4301 3793 3375 3228 3457 3794 3598 4049 4435 4938 2756 2331 3604 4692 3775 3537 2559 2674 2981 2586 2710 
2551 2947 2955 3555 3936 2897 4118 3154 3114 3483 3621 3461 3298 5074 2908 3293 4042 3888 3365 2999 2772 3287 2583 3269 3766 
2830 3617 2977 3418 4084 2938 3296 2204 3423 2876 3291 2691 3091 3246 2946 3710 2863 2910 3191 2999 4713 4339 3850 2949 3754 
3163 4852 4535 3503 2986 3457 3255 3371 2708 3085 2442 3483 3335 2859 2783 2945 3604 2494 2878 6347 2985 3022 3003 2779 4371 
2958 2940 3638 3445 3198 3353 3001 2809 2338 2459 2951 3226 3164 3922 2499 2632 3029 3337 2622 5149 3045 3921 3283 3827 3975 
2147 3291 2527 3132 2563 2576 3180 3235 2064 2312 2379 2562 2374 2625 2040 2368 2554 2343 3508 5248 5462 4555 3590 3757 3911 
2549 3405 3754 3555 3082 2345 2632 2333 2386 2433 2381 2151 2343 2817 2548 2191 2224 2693 3239 4488 4391 6153 4154 4760 4387 
2808 3247 3444 4564 3588 2907 2899 2792 2275 2460 3441 2144 2503 2572 1818 2351 1998 1681 2361 3253 5689 6473 7273 6824 5912 
3512 3153 3166 3099 4358 3134 2850 2545 2278 3004 3020 2214 2904 2674 2614 2320 1732 2012 2519 2587 5091 5516 5414 7163 7109 
3877 2823 2643 2838 2778 3090 2207 2005 2023 2664 2496 2358 2618 2837 2443 3133 1943 1716 1457 2755 4457 5789 6328 7631 7476 
3133 2939 2479 2558 2213 2117 1880 1248 2189 2387 2345 2969 2707 2990 2529 2033 2588 2119 1712 2202 2535 5947 5957 7144 7536 
2528 3268 2720 2072 1675 1455 1554 1505 1092 1987 1917 2284 1619 2525 2079 1707 1612 1697 1660 2078 2561 6745 6405 7318 7536 
2608 2480 2187 2782 2113 1820 1292 2796 2910 1701 2464 1232 1815 2539 2383 2072 1688 1964 1822 1415 2878 3988 6304 7941 7391 
2168 1542 1767 1579 2583 1317 1499 2737 1729 6575 3333 2059 2023 2035 2033 2361 2210 2270 5207 1230 3093 3039 4622 6275 7349 
2110 2162 1473 1630 2658 1744 2158 1983 1698 3196 1823 1960 2448 2309 2371 6236 2061 1615 1879 4145 2059 1726 4539 5189 7549 
2104 1444 2078 1625 1645 1719 2729 3398 3187 2895 2487 3091 3659 3508 2705 2122 2649 2473 2469 2493 2739 2444 4711 3083 4808 
1790 2131 1530 2356 2298 2988 3906 3692 3887 4614 4154 4798 5203 4144 2960 3142 3405 4005 2982 1801 3088 2220 2621 3327 4362 
2780 1480 1799 2088 3297 3810 5068 6357 7770 7988 6692 5987 6414 4036 2725 4748 5855 3908 3484 4209 3089 2649 2165 2606 3666 
3408 2838 2426 3045 2715 4103 6483 8289 8276 7866 7889 8142 8313 7816 6718 6752 5609 5215 4483 4129 3977 2257 1642 1995 4010 
2562 2829 3436 3936 2759 3933 7362 8623 4959 2269 4230 5456 5383 7087 8077 7497 7207 6071 4773 5535 4084 2889 2651 1735 2438 
