includes/gis/ASCII_5k/mod13q1_ndvi_2016_225.tif.txt
ncols         25
nrows         20
xllcorner     257482.3972
yllcorner     9670060.6647
cellsize      5000
NODATA_value  -9999
2935 2856 4083 3870 3989 3874 3953 2652 2638 2625 2278 2863 2835 3123 1758 1545 2005 2729 2603 2731 2423 2384 2410 2316 2242 
2942 2974 3067 3247 3561 2650 3175 2943 2052 2758 2231 2363 2676 3357 1839 2269 2628 2785 2734 2258 2273 2833 2278 2796 3103 
3702 3606 3219 2737 3126 2875 2603 2101 2519 2237 2195 2120 2752 2765 2175 1995 2118 2208 2490 2078 3102 2780 2556 2556 2795 
3060 3950 2951 3309 2917 2953 2863 2918 2443 3003 2428 2307 2669 2327 2139 2219 2784 1906 2025 4458 2334 2199 2439 2408 2913 
2700 3051 2942 3075 3077 4932 2952 2728 2427 3008 2832 2835 2828 3078 2092 1937 2475 2139 2218 3585 2468 2669 2189 3009 2944 
2465 2819 2696 3064 2843 2851 2613 2663 2576 2605 3231 2938 2222 2300 2028 2165 2409 1923 2414 3975 3612 2872 2057 2083 2648 
2610 3227 3143 3126 2623 2627 2726 2482 2305 2335 2510 2575 2582 2460 2626 2357 2047 2250 2217 3022 3192 4682 2308 2572 2934 
2776 2888 2886 2851 2729 2599 2444 2607 2494 2475 3637 2323 2254 2456 2118 2135 1860 1792 2139 2612 3916 5687 4295 3378 4017 
2623 2975 2894 2699 3082 2604 2379 2104 2242 2435 2369 2125 2356 2059 2042 1982 1722 2076 2217 2376 4860 4255 5084 5151 4042 
3174 2531 2571 2998 2437 2619 2337 2121 2009 2049 2044 2192 2190 2165 2099 1987 2099 2132 1705 2319 2756 3571 5453 5027 4009 
2679 3018 2349 2344 2334 2280 1940 1376 1907 1805 1732 2109 2062 2187 2139 1847 2142 2147 1790 1853 2222 4716 5441 5525 4984 
2090 2303 2373 1928 2132 1715 1667 1614 1125 1844 1699 1735 1887 1994 2019 1860 1762 2026 1686 1870 2338 6017 5001 5086 5656 
2394 2190 1958 2337 2041 1638 1214 2564 2052 1474 2400 1138 1825 1884 1950 1899 1668 1967 1682 1640 2574 2995 3542 7348 3675 
2258 1898 1910 1903 2905 1516 1421 2168 1578 5891 2551 1605 2002 1871 1596 1848 2323 1752 3749 1243 2357 2433 3594 3716 5311 
2208 2059 1401 1680 3409 1907 2642 1802 1689 1791 1855 1867 2040 1958 2075 4951 1966 1653 1793 2698 1530 1598 3924 2862 4554 
1981 1483 1534 1749 1754 1939 2313 2193 2471 2355 1937 2248 1987 2364 2039 2181 2137 2034 1703 1881 2249 2030 3831 2487 3567 
1805 1828 1316 2250 2006 2521 2753 2713 3120 2980 2899 2837 3042 2896 2326 2670 1778 2470 2048 1362 2552 2127 2211 2588 3729 
2042 1258 1742 2048 2351 2698 3609 3998 3533 4982 5467 3252 3038 2975 2289 2126 2225 1997 2304 2895 2177 1856 1886 2153 2412 
1234 1455 1800 2360 2342 790 4046 6302 6886 3308 2025 2559 6864 6023 3646 2928 2402 2459 2199 2360 2467 2046 1661 2609 3340 
1874 1733 2181 2426 2175 3232 2999 6651 5342 4364 1283 4779 5613 7136 8238 5115 3741 3005 2719 3106 2740 2395 2488 2163 2650 
