includes/gis/ASCII_5k/mod13q1_ndvi_2015_289.tif.txt
ncols         25
nrows         20
xllcorner     257482.3972
yllcorner     9670060.6647
cellsize      5000
NODATA_value  -9999
2459 2266 2695 2439 3419 2360 2902 1962 2232 2017 1673 2173 2617 2359 1270 1084 1477 2440 2334 2526 2153 2368 2243 1952 1915 
2176 2372 2174 2857 2625 2319 2717 2325 2131 2386 1919 2012 2201 2502 1685 1948 2136 2562 2214 2015 2258 2901 1968 2551 2783 
2382 2384 2602 1907 2587 2383 2084 1766 2295 1809 1722 1796 2338 2422 1935 1842 1744 1823 2107 1903 3627 3035 2526 2208 2499 
2811 3514 2302 2488 2063 2505 2600 2681 2270 3027 2045 2011 2285 1797 1953 1840 2127 1616 1947 3699 2248 1981 2258 2052 2693 
2557 3009 2281 2482 2755 2840 2361 2581 2184 2451 2216 2278 2316 2342 1866 1812 2405 1847 1804 3688 2245 2652 1886 2381 2639 
2001 2313 2455 2064 2874 2687 2270 2410 2440 2340 2673 2123 2048 2045 1819 1846 2320 1645 2084 3428 3164 2492 1970 2249 2035 
2058 2945 3141 2536 2477 2205 2729 2578 2052 2269 2209 1915 2391 2376 2437 2105 1917 2413 2105 2228 2222 3886 1940 2366 2576 
2126 2186 1845 1039 2203 2325 2464 2434 2180 2016 2839 2230 2524 2103 1942 2091 1763 1652 2087 2322 3119 4490 3818 3247 3770 
2167 1832 2723 1601 2000 992 1941 1870 2148 2267 2190 1905 2342 2042 1918 1821 1566 1955 2194 2434 3191 3169 4251 4577 4325 
2161 2091 2317 2522 1272 1849 1876 1908 1777 1751 1869 1938 1850 1964 1834 1816 1839 1916 1581 2242 2802 1449 3890 4380 3705 
2395 2621 1901 2137 1947 1809 1591 1156 1787 1588 1616 1890 1961 1964 2001 1749 2089 1908 1551 1775 2067 4689 4466 4333 3908 
1999 1885 1914 1806 1823 1491 1548 1203 1044 1519 1555 1511 1593 1935 1751 1625 1536 1723 1425 1741 2044 4878 3838 3287 4684 
2344 2174 1682 1883 1963 1604 1262 2142 1765 1404 2015 1051 1700 1589 1850 1663 1683 2021 1550 1404 2530 2671 3076 7742 3860 
2157 1702 1630 1676 2021 1551 1300 1863 1432 4977 2192 1554 1589 1498 1557 1508 2089 1854 2972 1210 2244 2024 3414 3118 4935 
2021 1803 1327 1525 3348 1759 2220 1658 1586 1609 1503 1429 1921 1814 1985 4112 1733 1490 1795 2195 1528 1423 4137 2606 4057 
1908 1375 1395 1559 1756 1799 1909 2244 2301 2001 1819 2109 1812 2117 2179 1941 1989 1947 1613 1842 2143 1967 4321 2134 2885 
1803 1856 1236 1938 1776 2206 2463 2147 2286 2234 2427 2249 2397 2558 2140 1936 1824 2241 1878 1351 2428 1793 2616 4057 4112 
1814 1171 1701 1986 2250 2431 2917 657 911 3301 3234 1738 1881 1233 1972 1777 2030 1994 1884 2592 2287 1715 1916 2304 2958 
1323 1431 1716 2205 2534 2566 1846 3619 949 2997 1114 835 2351 1143 2750 2242 2201 1768 1926 2150 2696 1696 1697 2098 3480 
1592 1747 2178 2866 2447 1181 3768 2054 1032 1284 483 525 271 1770 7171 5456 1993 2822 1411 2336 2338 2038 2846 1981 2144 
