includes/gis/ASCII_5k/mod13q1_ndvi_2010_033.tif.txt
ncols         25
nrows         20
xllcorner     257482.3972
yllcorner     9670060.6647
cellsize      5000
NODATA_value  -9999
6094 4194 5896 4496 5651 5860 5687 3870 5163 5988 3290 5174 5282 5037 3448 3166 2410 2638 3585 4314 3586 3829 3749 3914 2978 
5045 5446 4898 4728 5739 5035 4814 5507 3775 4916 3205 3852 3713 3902 4030 4804 3431 4050 3261 3808 3865 4127 3360 4360 4526 
4896 5645 5518 4175 4320 4706 4686 4029 5081 3824 5073 3367 3608 4829 3702 3215 2646 2612 3020 3668 5410 4721 4939 5032 3469 
5488 6951 6166 5946 4084 4636 3704 4603 3096 4400 2977 4289 4523 3955 3436 2441 2417 3596 3208 5401 3323 4059 4499 2721 4530 
5397 6086 5370 5436 6183 7585 4533 5253 2868 4062 3792 4397 4000 3884 3817 4549 3536 4677 3896 5837 3707 4237 3559 3198 4639 
4432 5821 5971 5915 6689 6152 3293 3351 5484 3209 6945 3453 2319 2632 2365 3372 3767 2596 4346 6113 6301 5403 3852 4679 4220 
5749 6108 5795 6290 6499 4704 4837 3583 2953 3079 2597 2892 2576 2677 3715 4437 3817 4246 3310 5104 4354 5464 5261 5601 5102 
6175 5673 6792 6806 5870 4401 3598 3121 3506 4396 5145 2807 2475 3651 2192 2601 3542 3855 3004 3482 6198 6613 7419 7758 8020 
5327 6828 6543 6091 5738 3581 3798 2525 2241 4601 3570 3535 2543 3007 1942 2128 1842 3108 3548 3456 5705 5764 5856 7547 7503 
5730 5228 5650 6145 3886 3933 3199 2349 1944 3713 3291 2726 2735 2226 2041 2093 1941 1870 1837 2643 4386 6584 7000 7127 7742 
3862 5368 3834 4578 3181 2414 2475 1958 1657 2781 2864 5315 3089 2473 2678 2789 3287 3225 2834 2316 3918 5873 7234 8139 8001 
2646 2463 3209 3050 3981 2893 3479 1591 1362 1791 2268 3231 2182 2399 2673 2217 1961 4013 2118 3034 2971 7100 7250 7761 8171 
3349 3530 2147 3365 3108 5530 2039 2987 2814 2204 2859 1069 1843 2647 2763 2260 1755 2276 1834 1652 4394 5678 6105 8475 7812 
2547 2543 2255 2792 6080 2124 1968 4117 3019 7274 3614 1633 2383 2607 3359 3831 2945 2970 6322 1350 4568 3203 6232 6240 7910 
2788 2314 1775 2556 3644 2542 5396 3341 2383 4669 2153 4532 3133 3907 2869 7116 3258 2608 1941 5660 2173 2550 5538 5247 7140 
2614 2198 3169 2084 2912 3582 3840 3811 4494 3471 3592 4488 3746 5074 5319 3131 3968 3667 2621 2719 3575 2694 5273 3866 5563 
3195 4419 1935 2717 2760 5230 5940 5463 3703 3870 3623 5193 6354 5454 5706 4084 3825 5736 3331 3205 3703 2868 2698 3520 4637 
4446 2680 3053 3122 3280 5094 4791 4637 7876 8356 6425 5808 5731 5959 4294 5086 7070 3552 3425 4817 4676 4081 2348 2904 3306 
4026 4388 3950 3413 3283 4272 3974 8875 8628 8443 8493 8866 9011 8155 7223 6274 5616 4544 4479 5207 5235 3619 2365 4067 3941 
3728 4317 3984 4511 5377 4863 8044 8529 5591 5411 5328 5331 5677 7451 8365 8043 6310 5901 5325 5202 5216 3946 3882 2882 4420 
