includes/gis/ASCII_5k/mod13q1_ndvi_2004_129.tif.txt
ncols         25
nrows         20
xllcorner     257482.3972
yllcorner     9670060.6647
cellsize      5000
NODATA_value  -9999
6477 5053 6911 7085 6248 6264 5378 3521 7322 2960 4115 5609 6706 7477 5612 5516 5125 5119 6434 4928 4460 4619 3578 3679 3147 
6388 6999 6398 5938 6671 5995 5590 3377 4189 5590 4669 6333 7105 6338 5755 5957 5044 5761 5325 3778 4159 5173 5097 4480 4080 
5289 6376 6237 5107 5221 6041 5094 3979 6286 5396 4882 5000 5687 5911 4258 3329 2547 2948 4488 3850 6053 4495 5030 4711 4367 
6719 7869 6247 6807 6513 6612 6186 6326 5229 5690 4788 5310 6275 4111 2812 3226 3456 3216 2575 5084 4429 3342 4467 3429 6149 
5964 6829 6758 6707 6282 7108 6579 5941 4625 5529 4724 5482 5335 5090 3122 2555 3073 3403 3101 4633 4174 5318 4251 5526 5348 
5199 6655 7126 6674 6619 5213 4390 5654 5080 4172 7080 4983 4131 3938 2530 2523 2746 2371 2590 4503 5561 5098 6598 5102 5616 
5954 6899 6852 5562 6151 5145 3882 3593 3482 3466 2807 2896 3482 3006 2825 2310 2881 2790 2830 3839 5488 6680 4583 5145 5310 
6915 6062 5724 7172 6192 5170 3894 4722 5584 3710 5956 3647 4082 3926 2628 2649 2910 2642 2479 3263 6710 7274 7344 6171 6152 
5724 5875 5149 6509 7311 5518 4072 3357 4217 4401 5094 3756 4083 3529 3677 2422 2688 2707 3073 3516 5953 6682 5844 7798 6448 
6541 4644 4101 4992 5605 6520 5424 4684 4863 3324 2847 2657 2767 3321 3947 2449 3431 2931 3098 3780 5219 6864 4252 7632 7257 
5907 6284 3293 4037 3662 3642 4209 1689 4190 3988 3398 3518 3075 4989 3897 3153 3603 4773 3032 3026 4847 6792 6798 6424 7952 
3789 4058 3151 3127 3098 3837 2620 2123 1256 2594 3206 3213 3861 4202 3769 3227 2476 4107 3568 4167 4517 7345 7492 6912 7659 
3746 3042 3054 3863 3426 4674 1343 3533 2660 1899 3069 1732 2430 3225 3088 3419 2904 3836 3822 4480 4830 5323 6620 8967 7449 
3193 2739 2455 2509 2250 1853 1630 3095 1945 7010 5501 2268 2706 2677 3370 2846 5199 3822 6328 1649 4194 3673 4749 6475 7792 
3591 2403 1731 2067 3404 2308 4059 2775 3319 3867 2893 2883 2531 3204 3313 7443 2630 2831 3148 4829 2250 1838 5497 3706 3825 
3009 2014 1882 2005 3215 3470 4563 5441 5148 4659 2856 3753 3156 4157 2802 4320 4546 3878 3089 2742 3885 3184 6018 4018 7218 
2677 2274 2045 3567 3726 5640 5851 6390 5698 6266 5714 4475 4456 3973 3578 3979 3605 4726 4442 2793 3890 2673 3648 3689 3653 
2993 2502 3541 3480 4967 5660 7376 4854 8008 8384 7192 6058 5610 4112 3698 3866 6329 4816 4792 5599 5061 3072 2693 3055 3669 
2905 3042 5312 4356 4402 6687 7754 8473 8023 8636 8338 8841 8843 6855 6485 5652 5735 4525 5970 6344 6282 4481 3294 4909 5815 
2392 2685 4133 3296 3421 5839 8664 8532 6525 5790 6101 6546 6242 7739 4854 7713 6452 6590 6125 6131 6494 5646 4941 4841 5243 
