includes/gis/ASCII_5k/mod13q1_ndvi_2010_097.tif.txt
ncols         25
nrows         20
xllcorner     257482.3972
yllcorner     9670060.6647
cellsize      5000
NODATA_value  -9999
7692 6374 1844 7141 6058 7280 7628 6232 4294 5868 5181 6275 4923 7746 6203 7250 5963 6381 6671 -9999 6535 6469 6974 6428 5908 
7677 7038 6968 6942 5108 6559 7159 5571 5842 6886 6560 4550 4540 6806 7211 8506 4724 6949 6364 6990 7582 7037 6805 8070 7913 
6858 7703 7084 6004 6420 7155 6447 5319 4881 5682 5767 6108 5241 7058 6524 7223 7496 5239 6354 6726 8176 7955 7635 7430 6704 
7265 8077 -9999 6058 4296 6506 5729 5171 4005 5430 4164 4712 6452 7185 7105 7685 8070 7388 5319 7159 7194 6347 7253 6130 6834 
6454 6370 6650 5823 4762 6431 5560 6927 4126 4362 3447 3907 5282 5153 5254 5007 7087 7993 5941 7381 8366 6583 5946 6777 6238 
6388 6565 7277 5471 5339 2825 2339 4433 6690 4253 6947 3914 3683 3440 3263 5297 6436 6326 6540 3057 8062 7288 7158 6932 6299 
4183 6563 5024 5822 6807 5413 4878 7320 4188 4443 3731 3472 2841 4326 4634 5922 4672 5724 5600 3952 7197 6804 7043 7048 6124 
6163 5604 6742 6000 5814 5646 5191 5997 5371 7058 6657 3468 3615 5602 5223 4540 5600 6888 6570 6316 3964 5891 8053 8101 8467 
7162 6246 5611 4039 5021 4649 4884 5183 2346 6881 5120 4157 3943 4184 3488 4571 3837 4932 5628 7038 6033 6789 5724 -9999 6573 
4244 3611 4326 4129 2747 4867 3384 4019 4226 4584 5970 4751 5463 4337 5657 3995 4057 5987 6396 7218 6970 4123 7762 7744 8119 
1749 3776 4210 5164 3121 5240 2484 1676 3392 3378 5036 5996 3446 3423 4567 4488 4308 4091 5156 5192 6876 5730 7634 7669 8324 
3172 3474 2999 1558 2609 5403 4919 3107 1282 2543 4665 5577 3666 4377 6493 5858 4287 3240 6273 5162 6856 6420 8244 7860 8041 
2099 2110 2776 3882 3383 5392 1443 3262 4514 3252 6543 2595 4051 6144 4481 4119 4846 4389 4671 5548 7484 7347 5748 8797 7862 
3327 884 2908 2492 6017 2396 2194 5098 5333 8264 5703 1929 3171 4668 3050 6711 6162 6653 7371 3593 7305 7413 5782 7054 7951 
3905 3166 1974 1875 4797 2730 5334 5797 4493 4741 3468 4017 3911 4022 2596 7818 3965 4237 3626 6512 4652 6535 6851 7406 5625 
2434 1853 2506 2279 2085 4034 4974 6116 5434 5197 3458 5600 5917 3726 4611 5804 5958 6047 4681 4812 6232 5084 6720 7281 7530 
2702 3908 2285 3536 4172 6435 6184 5099 5572 6198 6849 5773 5192 6578 4886 6275 3082 5993 4720 5160 7125 8313 6898 6862 4098 
4023 3252 2975 3600 4300 5783 5418 3332 6591 4997 2644 4581 6181 7592 5921 6838 7646 5845 4420 5882 5200 7588 5245 5758 6114 
5400 6790 5538 6686 6254 7064 5558 6551 3607 -9999 1965 5552 1796 3687 6687 5766 7486 6138 6205 6092 6998 4502 3827 7122 7096 
5520 5903 4802 7019 7470 6816 5465 6866 610 691 1732 768 1087 2310 4068 3676 6527 6851 7153 4930 6364 6572 5288 6909 5515 
