includes/gis/ASCII_5k/mod13q1_ndvi_2003_161.tif.txt
ncols         25
nrows         20
xllcorner     257482.3972
yllcorner     9670060.6647
cellsize      5000
NODATA_value  -9999
7710 6376 7219 8015 7579 7360 7325 5218 6445 6006 5802 6766 7323 7102 4943 5200 4773 4084 4251 3534 3504 3657 3767 3788 4785 
7278 7090 7634 7375 7642 7571 7601 6495 6221 6893 6105 6911 7747 6030 5431 5460 3715 4005 3501 4039 3587 4159 3685 4626 5673 
7276 7751 7617 7612 7574 7912 7420 6938 7048 6601 6415 6166 5848 6324 4743 5006 3489 3122 3823 4142 5572 4153 4479 4617 5173 
7867 7989 7838 8343 7406 7661 7364 6031 5924 6323 5934 7247 6267 6107 5867 5207 5476 3335 3517 6173 3605 3247 4084 3778 5797 
6914 7980 7421 7792 7744 7990 6906 7010 4971 6605 6055 6583 5783 5739 5442 5525 5781 5688 3160 5386 3783 4674 3637 4249 5762 
6236 6636 7357 7636 8213 6942 5611 5785 6182 6166 8087 6844 4576 4427 4527 4158 4416 3207 5724 6225 5333 4792 5722 6065 6220 
7388 7667 6899 7348 7117 6431 4592 4445 5315 3656 4446 5776 5131 3674 4183 3890 3330 2941 4663 5441 5623 6604 6440 5940 5397 
6955 7456 7212 7224 7109 6377 5499 4983 3823 3044 5769 4430 4670 4773 3567 3694 2797 2495 3055 5373 6079 6544 7045 7027 6213 
6766 7294 7557 7527 7813 6683 7371 4319 3408 3294 2630 3902 4559 3533 2502 2799 2207 2073 3451 4052 6029 6420 5635 7032 6597 
6384 5815 6334 7430 6712 6030 6322 5840 3777 2891 2783 3559 3432 3231 3253 2340 2822 2050 3923 3596 5737 6079 7352 7280 6246 
5644 7607 6374 5372 5206 4397 5059 2248 3753 3544 3108 3513 3321 3184 3499 2380 2657 2566 2537 2740 3813 6077 6867 6982 6617 
5038 5946 4984 4218 4716 5255 4057 3017 1385 2984 2467 3341 2794 2638 3375 2441 2368 3096 2739 2599 3765 6705 7282 7040 6419 
5847 6148 5050 4930 4421 5760 1594 4888 4012 2215 3865 1998 3623 2595 2920 2807 3232 3163 3088 2261 4519 5323 6051 8130 6556 
4161 4371 3800 4020 6516 3079 1768 5456 3099 7178 5718 2016 2921 2381 2300 2582 3403 3325 6129 1509 3921 4095 6906 6691 7598 
3886 4619 2587 2875 4206 3089 4894 5827 5242 3865 2285 2848 2988 2743 2489 7537 2522 2481 2982 4843 3202 2315 5537 6260 7374 
4318 3343 2637 2924 3785 3155 4628 6479 5535 4028 4271 4455 3169 3831 3351 3001 3731 3650 3313 4109 3580 4092 6334 5462 7152 
3731 4605 2719 5845 5640 6375 5957 6815 6751 5761 6621 5299 5610 4633 3497 3914 3323 4569 3828 2751 4587 4553 5842 5034 5216 
3803 3262 4662 6394 6991 7655 5949 7148 5047 8128 7711 6610 6643 4813 3674 4922 5490 4335 3897 4469 4327 3748 5105 4234 4675 
4123 4228 4297 5496 6673 8030 7981 3045 1808 8740 8417 8734 8775 7687 6205 5487 6486 5166 5242 4721 5708 3682 3039 4659 5951 
4179 3735 4280 6174 6816 7642 6790 2582 4708 5373 5611 6249 6028 7442 4524 7339 6000 6121 5395 4822 5430 4028 4094 4027 4162 
