includes/gis/ASCII_5k/mod13q1_ndvi_2003_209.tif.txt
ncols         25
nrows         20
xllcorner     257482.3972
yllcorner     9670060.6647
cellsize      5000
NODATA_value  -9999
4514 2627 492 5628 2956 1257 1885 558 3776 920 4824 1243 1386 1767 1602 2215 2315 1909 2716 1539 2816 3016 2932 3043 3409 
2333 1733 1018 828 1255 3517 583 439 585 792 3821 5059 1041 1072 2950 3102 2355 1311 800 3206 2945 2179 2302 3462 3222 
3475 4513 4160 1210 1843 5056 1304 3746 653 478 580 3009 2294 3262 2050 2703 1754 1653 1718 2645 4480 2863 3626 3398 3504 
4101 4819 1964 919 4324 2241 1579 677 1067 848 1363 1790 3941 2636 2212 2387 2336 838 1036 1249 2889 2419 3073 2300 3450 
1900 4954 3649 943 1066 2729 955 468 323 608 2145 4103 2965 2270 2852 1616 1578 2249 2228 1284 698 1771 2722 3263 3942 
4185 1572 1465 510 1551 846 872 411 640 688 833 2705 3196 2976 -9999 1631 2850 1676 742 2860 1264 1113 1825 3876 3761 
4339 2822 810 2283 2017 1258 2059 1304 488 585 518 2668 2999 1939 3380 2362 2411 1824 2364 3673 1025 5967 907 3412 3282 
1805 2411 1214 1554 2931 4898 1320 1192 1309 2238 1963 831 469 3066 2336 2977 2362 2283 2485 1579 4017 3552 2637 1507 1663 
3257 1432 1673 4002 689 2981 2582 879 2977 2143 2477 2112 1219 3149 1732 2256 1836 1877 2612 2831 4606 4025 1895 6779 927 
3134 2438 1531 2010 2856 4228 2966 1858 1734 1691 1981 1099 2073 3017 2599 1909 2782 1981 2188 2285 3783 4568 1968 4012 3472 
3422 2837 888 3749 1250 2821 2520 1305 1187 1438 1704 2547 2905 2531 2756 2398 2394 2267 1988 2282 2212 5164 4621 2922 5088 
2889 3661 2359 1579 1365 1589 2056 2008 939 811 719 458 618 632 2575 2004 2241 2625 2062 1927 2639 5627 3664 3673 3967 
2801 3108 1108 627 622 2806 1125 3433 2314 850 791 472 2145 1569 1743 2835 4585 1565 2113 1832 2439 2269 4187 3072 3581 
2501 2660 2288 872 2228 1828 1305 2398 1787 5732 2162 1309 2790 977 2045 750 455 1671 3826 1557 2246 2645 4237 3599 3409 
2719 2329 1679 2135 4041 3185 2576 2884 2731 809 1777 1554 929 1197 1643 4638 466 2293 2005 3297 1436 727 2207 3539 3118 
2591 2175 1897 1441 2873 1077 2400 1692 970 723 2923 1785 627 2800 3063 934 1099 2635 1992 2492 1962 678 1732 1404 1061 
2296 2190 2020 3006 2651 2474 2342 985 3828 1953 2815 481 568 1081 442 3475 4025 3268 2538 1583 2966 2056 1422 2242 4327 
2388 1947 2733 3747 3696 3227 950 2648 1087 532 2300 1385 1668 1006 1586 2304 1772 2793 2447 3152 1057 465 2543 1774 1770 
2380 2105 2750 3269 3424 4247 1250 3361 2815 1705 1990 1883 1876 1563 2435 2729 2945 3260 2748 1687 3767 2529 1953 1461 3164 
2533 2348 2782 3370 3577 5371 2582 8379 6153 5617 5928 6366 4967 7068 3341 7007 3405 2486 2903 3320 2776 431 2781 4171 2636 
