includes/gis/ASCII_5k/mod13q1_ndvi_2010_017.tif.txt
ncols         25
nrows         20
xllcorner     257482.3972
yllcorner     9670060.6647
cellsize      5000
NODATA_value  -9999
6778 5501 6008 5764 6093 6435 5686 4475 7388 5898 3818 5114 5628 5084 4137 4161 3074 2822 3634 4624 3828 4172 4107 4722 4062 
6098 6100 5976 5565 6532 5497 5620 7142 4669 4687 3268 4430 4383 4152 4710 5204 3649 3528 4283 3791 3893 4584 3869 5228 5811 
5139 6491 6248 6721 5002 5419 4748 5028 5331 4094 5252 4064 3748 5272 3415 3164 2939 2901 3267 3826 4934 5786 5070 5472 4100 
6031 6860 6174 6964 5279 5376 4714 5144 3884 5769 4143 4000 4994 3834 4280 3155 3074 3191 4073 5359 4058 4970 4858 2962 5286 
7306 6423 6008 6282 7272 7365 4756 5130 3543 4441 4292 5077 4258 4560 3550 3627 4572 4293 3640 5198 4287 4779 4456 3364 4856 
5647 6546 6504 6579 7419 5823 3948 4316 5602 4817 5703 4218 2991 3255 3154 4602 3402 2771 3834 6279 6587 5928 4924 4198 4913 
6263 6606 6364 6755 7027 4649 4715 4148 3422 4204 2902 3425 4359 4567 4680 5993 4226 3812 3455 4558 5072 5841 5734 6135 6118 
6435 5810 7065 6836 6294 5534 5551 4102 4238 5479 4845 4475 3730 4635 2929 3511 6166 5441 3715 4413 5706 6955 7872 8284 8021 
5921 7186 6434 6653 5963 4626 5078 3311 2670 4751 6011 3881 3818 5735 2890 2258 2582 3022 3712 3286 5500 6342 5894 7341 7818 
5778 5777 6321 6679 4690 3992 5534 2434 2184 4397 5304 4118 3697 3425 2138 2340 1962 1671 1867 2695 4868 6859 7779 7273 8426 
4227 5317 3731 4869 3233 2908 4520 1817 1785 2398 4209 7422 4900 4935 3955 3647 4327 3789 2823 2457 5009 6766 7345 7886 8286 
3706 3197 3680 3143 4502 3853 4039 1632 1130 2206 969 5682 3519 4548 2951 2958 2254 2663 2253 3212 3755 6981 7545 7908 8105 
4562 4670 2669 3559 5087 6059 2107 3230 3284 2249 2827 1212 1966 3680 4920 3427 2156 2284 2058 1717 4138 5152 7069 8434 7788 
3026 3111 2828 3374 5870 2302 1563 5528 4111 6932 3777 1951 2440 3743 4952 7071 3547 4319 6901 1748 4104 3908 6750 7008 8280 
3637 2814 2138 3338 4632 2342 5362 2975 4123 6397 2448 4705 4703 6164 3791 7203 3327 3359 2209 7242 3620 2401 6143 5884 7588 
3065 2454 4041 3485 4330 3802 4043 3459 4645 5435 5047 5271 5126 6396 6766 4786 4560 3467 4937 3804 5219 3653 5114 4704 7233 
4311 4754 2225 3565 3534 5201 6590 5543 4788 5084 4845 6596 6886 6928 7205 5717 5097 6363 3693 5748 4686 5399 3346 4619 4432 
5866 2839 3770 3702 3866 5027 5837 5954 8048 7913 6581 5906 5793 7056 6097 6925 8046 4466 5102 4898 5097 5352 3083 4235 5108 
4306 4770 5028 4923 4364 5566 4318 8625 8416 8138 7778 8477 8650 8028 7148 6731 6751 5464 5619 5230 6046 4119 3192 6754 4527 
4572 5584 4980 5468 6781 5834 7598 8754 5498 5266 5335 5079 5577 7046 8104 7987 6983 6630 5840 5402 5820 5831 4110 4809 5846 
