includes/gis/ASCII_5k/mod13q1_ndvi_2011_081.tif.txt
ncols         25
nrows         20
xllcorner     257482.3972
yllcorner     9670060.6647
cellsize      5000
NODATA_value  -9999
-9999 5019 6476 2165 4705 6145 6144 3562 4455 3884 2038 4745 4750 4371 2546 5653 2177 4052 5375 5305 3818 5063 3461 3572 3463 
5270 3388 4714 2749 5256 3510 5659 5241 5402 6091 5697 5385 6759 4873 5648 4616 3760 3951 3971 5012 3539 4407 3904 5281 5317 
5348 4490 5552 5466 5512 5975 5463 5382 6200 4430 2619 3636 5464 5158 4429 4047 3216 2976 4158 4789 6351 6611 5008 4967 4979 
5538 5795 6865 7044 6318 4390 6249 4873 4342 4496 4177 4916 3511 4183 3782 3627 3662 3376 3598 6378 4919 4526 5690 3975 5177 
5823 4312 5112 4248 6356 4524 5112 4178 4650 2982 2268 6631 3445 3675 2930 3105 4643 3768 4133 5735 5538 5899 3036 4169 4737 
5601 5793 6459 3272 5739 6055 3775 2290 5444 4570 4196 3594 4531 4244 3128 3627 3659 2943 3322 3371 6633 5567 4430 3665 4073 
6091 3606 5397 3396 3706 4750 4489 4772 1867 2731 3715 3650 4703 4628 4294 3714 4079 4519 1846 6029 4727 6198 4606 4084 5249 
5287 6215 5210 5546 3653 2608 4088 4632 2523 2948 1940 3714 2173 3624 1445 3114 4053 1780 3907 5229 5038 5923 7080 6715 6348 
4283 5016 4852 2881 5174 3966 4042 3165 1848 2105 1640 3681 2471 3168 3269 3585 2202 4710 2649 5258 3127 5436 5349 6910 6652 
3881 3938 2743 2651 3990 3953 4823 2522 3648 4259 3915 2770 4510 4531 2672 3126 3009 3560 3921 4681 4383 4723 7433 7270 6450 
4526 3865 2890 3752 3013 3060 2471 1595 1216 1666 3598 1467 3833 4473 4088 3447 3895 3563 3416 3397 1516 6406 5904 6961 6345 
3583 3943 3285 3869 2280 3006 2248 1475 1165 2489 2252 4486 4103 4042 4867 3874 3632 4317 4488 4314 2909 6370 3193 2404 6399 
3528 3926 2859 3796 2049 2859 908 3080 3252 2573 1820 2484 2706 3476 3921 4050 3304 3434 2960 2563 -9999 6751 5747 4907 2055 
3495 2580 768 2803 4195 1915 1115 3558 2207 7494 5246 1840 3305 2654 3449 4828 5058 4380 5416 1946 5143 5182 6230 6497 3581 
2486 2901 2136 1952 4188 2369 3371 2474 3155 4518 2296 3322 3637 4817 5020 7265 3426 3595 3461 5461 3186 2871 5541 5847 5053 
2003 2033 1977 2635 2365 2727 3009 4379 3839 3736 5532 4715 4450 5881 5151 5129 5085 4695 3324 3591 5131 3075 5543 2508 6022 
2499 2351 2073 2371 2997 4151 5530 3850 3669 3876 4459 4747 3975 5587 5129 4675 3446 4490 3631 2072 5514 5258 3581 5231 5032 
3386 3529 3468 2738 2789 5256 4779 2231 3975 4074 5613 4502 4950 5434 4033 5770 3145 3491 3635 4639 5176 4341 3369 3631 5052 
3335 2212 3588 5078 1616 1073 5255 7979 8389 5307 2842 6999 8839 7828 5860 3673 4698 2073 4715 5513 5539 3112 2229 3243 4810 
5765 4334 3106 3223 3874 848 2159 9001 6611 4550 1315 917 4612 3893 7459 4799 5020 6031 4527 3742 4872 3751 3637 3003 3196 
