includes/gis/ASCII_5k/mod13q1_ndvi_2015_129.tif.txt
ncols         25
nrows         20
xllcorner     257482.3972
yllcorner     9670060.6647
cellsize      5000
NODATA_value  -9999
6557 6084 5793 5831 6094 5837 5746 4687 4810 4974 4821 5776 6708 6458 3950 2782 3888 6280 4864 4553 3593 5271 4819 3965 2887 
6411 5535 5983 5937 6455 4195 4712 4314 3482 5370 5184 4417 4285 6126 2351 3306 5620 5145 5289 4416 4895 6027 4326 5155 4884 
5569 5824 5162 3804 5583 5747 4197 4221 4936 4381 4357 4307 4977 5638 4664 4545 4403 3913 4258 3521 6643 6737 5721 4584 5081 
6263 6450 4452 4538 3899 4725 5729 4616 4045 4532 4240 5654 5147 4050 5830 5567 6157 4305 3409 7034 4006 3931 4594 4474 6101 
5890 5090 4418 4056 4271 6107 4132 4562 3853 4443 3624 5037 5605 4779 3618 4215 4989 4423 3391 6685 5851 6310 4508 4757 4666 
3615 5269 5279 5628 4986 4315 3726 4916 4543 4654 5234 3558 3414 4267 2728 3782 5188 2753 3620 6900 7833 7584 5563 5079 3973 
4019 6211 6089 5326 2992 3394 3866 3692 3691 3555 3046 3925 4961 5314 4532 4299 3995 4733 3814 4989 6091 7473 4152 4996 5310 
5336 4594 4570 5900 4416 4643 3876 4153 3843 3374 5520 3851 4549 4678 3802 3414 2752 3940 4116 5819 7043 7480 8312 8275 8312 
4898 5063 4586 5077 5945 4169 4652 3940 4525 4698 5459 3430 4077 4328 2953 2974 2672 3320 4646 5340 6530 6790 6379 7982 8224 
5231 4184 4391 4174 2996 2940 3190 4167 4382 4311 3569 3071 2990 3355 2331 2733 2635 2864 2779 4551 6588 6838 7960 8015 8061 
4614 5099 3414 2976 3535 2681 3219 2142 3551 2209 1941 2771 3841 2573 3860 2944 3618 2698 3247 3272 4181 6888 7545 6850 8022 
3687 3989 3777 2470 2671 1965 3573 1902 1172 2531 2356 2048 3171 3867 3168 2756 2390 2290 2252 3324 4769 7148 7838 7956 7597 
5092 5222 3417 3576 3708 2120 1244 3135 3007 1865 3583 1636 2565 3567 2867 2499 2170 3267 2291 2952 6715 7011 6749 8736 7707 
4163 3189 2381 2888 6390 1793 1644 5615 2591 7657 5234 1894 2573 3462 4142 3430 3338 2899 5435 1892 6110 5672 7766 7032 8144 
3577 2887 1779 2364 3836 2542 4926 5924 4977 3018 2117 3584 2395 4167 4824 7808 2866 2825 4036 5515 2869 2927 6842 6748 7907 
3161 1827 2062 1840 2650 3485 5430 6425 6333 5922 3342 5321 5463 5853 4156 4708 4894 4782 4493 3831 5093 4698 6711 6543 7355 
3295 3475 1667 3075 3216 6909 7685 4662 6794 6354 6238 6246 6474 6073 4168 4076 3527 5881 4714 4501 5907 5886 5060 6592 6167 
4225 3094 2842 3363 5965 7442 7541 7715 4089 6418 6586 6716 6986 6663 3933 6126 6821 5414 4541 5632 5598 4935 5552 5537 6571 
3040 3031 3864 4415 5929 7824 7361 2093 5880 431 1460 1609 6766 8675 7601 7167 7342 6767 5244 5338 5633 4080 3698 5618 6007 
2341 2538 3551 4965 5364 7491 2243 2445 4360 5989 2764 2923 5190 8129 9101 8836 7661 6536 5650 5549 5801 3981 4708 5408 5192 
