includes/gis/ASCII_5k/mod13q1_ndvi_2010_161.tif.txt
ncols         25
nrows         20
xllcorner     257482.3972
yllcorner     9670060.6647
cellsize      5000
NODATA_value  -9999
675 1618 2071 6537 5982 4598 5924 4947 5517 5321 4318 4425 6693 6224 5668 5453 4603 4634 5491 4277 3378 3539 3714 3102 2917 
2113 4190 5291 4207 5924 1634 4393 5787 4041 5045 5179 4719 5503 5544 4731 5414 5070 4335 3709 3603 4396 3341 4122 4746 4285 
1232 6841 3515 4548 6218 5193 3386 3860 5121 5469 5043 4253 4602 6085 3794 5040 4314 2783 3223 3143 4809 4011 3872 4201 3890 
1535 4811 1830 5282 3339 4985 3897 4441 3949 4879 4328 3634 2735 4265 3959 4721 4583 3607 3567 5496 3581 3433 3692 3332 3786 
2791 4668 4615 4905 3064 2610 5055 4553 3164 3526 3708 4817 4125 4786 3316 3388 4075 3196 3156 4772 3692 3857 3348 3746 4015 
4084 4953 4775 4695 1112 5104 2015 3873 4224 3642 5336 3335 3226 3649 2632 3080 3230 2554 2890 4061 5198 4664 5012 5273 4295 
4494 3961 5709 3444 2562 2320 1829 1497 2854 3183 3300 3651 3280 3189 3813 3180 2579 2852 2496 3581 3664 5434 5447 5266 4372 
4161 3456 4463 3350 2758 3303 1673 2044 3878 2739 5517 2950 2485 2926 2365 2960 2456 2722 2581 3290 5072 6057 5598 5624 5487 
4313 4134 1132 3033 3689 2511 2826 1202 2814 3123 2803 3010 2636 2494 1689 2277 1861 2348 2767 2985 5804 4465 5242 5847 4751 
3961 3564 3382 3649 3480 3013 3086 1718 1701 2422 2860 2561 2675 2362 1960 2263 2311 2416 2315 2820 4064 6353 6382 6304 5789 
3107 3570 2490 3073 2480 3044 2227 1564 2006 2144 3299 2983 1912 2210 2599 2202 2604 2122 2284 2379 3867 6193 6535 7041 6474 
2256 2631 2793 2474 2644 2421 2558 1507 1102 1342 2241 2887 2194 2295 2897 2366 2195 2328 2276 2442 3410 6704 7049 6852 7421 
2912 2319 2083 2343 2313 3182 1559 3315 2144 2220 3197 1396 2124 2873 2973 2555 2196 2426 2201 2022 3601 4216 6153 7926 6436 
2529 1944 1873 1954 3230 1835 1377 2900 2107 7051 3787 2028 2766 2128 1926 2574 2959 1487 3162 1691 2906 3089 2671 4217 6961 
2287 2005 1420 2026 3316 2341 3235 2634 1970 2544 1731 2257 2432 1737 2043 6407 2238 2244 2246 3890 2421 2599 5392 5430 2825 
2108 1676 1816 1757 2014 2461 2844 3082 2844 2771 3038 3768 2930 3001 2866 2767 2760 3014 2383 2582 3341 2893 5392 3195 7314 
2015 2514 1472 2287 2567 2624 3362 2378 2902 3648 4187 3983 3899 2115 3441 3212 2339 3466 2889 2211 3598 4152 3742 4240 6016 
2393 1743 2071 2392 2783 4209 5244 2029 8490 4860 6074 2224 2596 2108 3256 3670 4347 3049 2679 3733 3456 3933 3428 3122 3616 
2297 2465 2326 2775 2888 4730 4582 1266 7453 1393 556 574 1210 471 -9999 4702 4214 3965 3278 3814 3772 3336 2985 4477 4730 
2242 2467 2363 3001 3790 6180 4321 8073 4286 4789 4412 4876 4203 514 8180 8167 5798 5049 4055 4246 4052 3546 3129 3304 4063 
