includes/gis/ASCII_5k/mod13q1_ndvi_2008_337.tif.txt
ncols         25
nrows         20
xllcorner     257482.3972
yllcorner     9670060.6647
cellsize      5000
NODATA_value  -9999
4309 3222 4733 3290 3494 2577 4321 2983 3940 5314 4607 5490 5572 5984 3958 4713 3252 4604 6295 5836 3741 3949 4657 3658 3293 
4889 3839 4181 3770 5143 4784 4922 4068 3928 5175 4946 4941 5482 4661 3157 4318 5262 4809 4503 3797 3610 4854 4396 6586 6049 
3170 4335 4233 3350 4883 4582 4494 3970 5351 4690 4199 3279 4485 4864 3756 3314 4024 4235 5142 4024 6199 5135 4036 3685 4683 
4938 5905 4858 3830 3330 4582 4486 4556 4529 5280 3967 3668 4510 2732 2696 2270 3145 2786 3120 5792 3939 3479 3675 2946 4449 
4977 4086 3606 3485 3569 5389 4884 4182 4124 4969 4073 4905 4015 4647 2255 2773 4535 4092 2562 6260 4192 3742 2940 4459 4316 
2844 4938 3419 3499 4234 4354 4058 4161 4126 4586 6491 4272 3365 3718 2475 2600 3035 2321 2956 5285 5603 5031 3431 4488 3846 
4242 4387 3802 4135 3980 4299 3627 2993 3791 3681 3711 3592 3834 4082 3837 2499 2829 2799 2845 3225 4129 6225 3825 4304 4609 
5063 3535 3648 5456 3140 3962 3856 3742 2958 3154 4844 2994 3047 3031 1911 2272 2219 2201 2367 2728 4283 6218 6811 6186 6957 
4539 4131 3648 4873 3611 2902 3140 2416 2497 3229 2986 3390 3445 4134 2846 2290 1855 2384 2908 3567 6069 5695 5201 7179 7355 
5785 3250 3413 3546 2990 2872 3277 2163 2206 3027 2360 3483 3874 2949 2629 1929 2676 2175 1860 3887 5282 5750 6675 7590 7110 
3636 3364 3048 3019 3233 2748 2762 1380 2518 2291 2189 3036 2568 3133 2613 2019 3187 2410 1750 2475 3648 6378 5838 7326 7671 
2906 2486 2690 2559 3635 1782 2032 1429 950 2490 2534 2939 2979 2951 2378 1890 2036 2656 1857 2591 4198 7177 6627 6568 7473 
2948 2574 1812 2611 1780 1601 1318 3000 2568 1586 3347 1694 2132 2274 3266 2506 1995 2239 1619 1776 5056 6642 6497 8074 7345 
2154 2021 2582 2356 5182 1697 1386 2567 1933 6400 3506 1670 2169 1897 2298 1965 3189 2946 4870 1469 4495 4502 7716 6285 6900 
3466 2220 1484 1623 3172 2495 2935 2124 1979 2022 2175 2670 3006 2710 2518 7174 2879 3306 3008 4290 1933 2047 5967 5938 7222 
2316 1668 1550 1661 1832 2137 2928 2611 2644 3221 2046 2990 3760 3410 3822 3929 4182 3263 2530 3130 3522 2722 5132 4185 6084 
2230 1623 1519 2354 2680 3450 3963 3137 2859 2816 3086 4405 5270 4637 3686 3834 2962 4597 4173 2495 3868 2946 2329 3781 5070 
3096 2542 2369 3036 4443 3855 4102 7160 6622 6809 5116 2949 3113 4494 4041 3465 4147 3676 3705 5655 3452 2487 2415 2473 4097 
2497 2615 3323 4225 4831 6130 6838 8975 8771 8459 8324 8279 8352 7532 5489 4664 4525 3885 4349 5710 5048 2743 2150 2923 4528 
2697 2879 2846 3129 3728 7257 8073 8387 5448 5237 5345 5336 5655 7282 7064 7651 5399 5484 4549 5361 5034 3193 3695 2193 3217 
