includes/gis/ASCII_5k/mod13q1_ndvi_2012_145.tif.txt
ncols         25
nrows         20
xllcorner     257482.3972
yllcorner     9670060.6647
cellsize      5000
NODATA_value  -9999
7733 7216 7366 7600 7489 7490 7386 5517 7535 7580 5797 7094 7577 7677 6599 7065 2968 5147 6566 6073 4710 5268 3756 4303 4023 
6984 6987 7586 7348 7773 7166 7713 7954 6502 8301 7126 7223 6618 7526 6793 4140 5945 5199 4861 5382 5212 4650 3831 4059 4562 
7378 7665 7612 7358 7032 7325 7579 7508 7894 7335 7600 4543 6436 6602 5391 3948 3698 2818 4847 5488 7585 5046 4444 4745 5153 
7581 8132 6832 7248 5569 7390 7306 6827 6331 7682 5493 5615 5433 4276 4523 5467 3867 3541 4756 6946 6520 4209 4663 4258 5030 
7220 7617 6275 6976 7407 8064 7605 7138 5136 6207 4731 5979 5925 6995 3763 3664 5250 5216 4816 6964 5631 5234 3925 4099 4577 
6830 7369 7808 6623 6954 7692 6574 6746 6693 5737 7430 4233 4017 4783 2968 3798 5527 4822 5672 6889 3991 6233 6004 5608 4889 
7314 7849 7353 6312 6851 6330 6244 6171 4440 4362 4685 5110 4794 5221 5241 6626 5165 4887 5765 5838 6726 5997 5213 5249 4453 
7161 7552 7835 7387 4658 6794 6133 6445 7043 6752 7810 6221 3965 7068 3622 4561 4719 6082 5157 5258 6547 6705 6484 7443 7149 
6546 7496 7943 7453 6320 6133 6808 5924 6448 6812 6436 6162 5894 5184 3425 3609 4124 6289 5375 5599 5567 5132 5891 7403 6408 
6683 6534 7273 6478 6104 3678 5784 5732 6545 6025 6043 4807 4926 4601 5066 3827 3193 4133 4578 5146 5992 7329 7590 7510 6433 
6400 6550 5094 5254 4380 4238 5062 2199 4559 3874 5370 6553 4912 3762 4021 3056 4076 4251 3201 3309 5326 6699 7093 5872 7132 
3576 4992 3996 3822 4878 4165 3926 2837 1045 2512 3342 4212 5466 4998 4293 3228 3333 3964 4701 3628 4058 6787 7200 7097 7247 
6044 3545 2523 3097 3175 4597 1541 3132 4367 2164 4234 2786 3881 6388 5021 4174 3203 4224 3855 3658 5767 5203 5880 8507 6813 
6495 3720 2909 2615 6497 2017 2106 4458 4652 7798 5263 2308 3034 3195 3942 5130 5018 3801 6137 2236 5811 4852 6057 6833 7147 
4548 4829 2299 2968 5039 3149 5897 4613 3532 4932 3811 3733 3990 5513 3009 7171 3501 2993 3023 5447 2967 2802 6853 6412 7702 
4311 2365 2573 3372 3168 4502 6276 5325 6347 6693 4928 5830 4168 4503 3718 3381 4722 4328 2883 3384 4615 5651 5574 5744 7018 
3255 4262 2377 4136 3144 6243 6890 6871 6161 5680 6365 7081 7090 5988 5547 3110 3660 4830 3849 3653 5146 4264 3676 5293 5507 
5766 2163 3385 3895 5017 6367 7594 6137 8238 7817 6596 2985 7211 6659 4248 4680 4951 3958 3460 5200 4087 3270 3548 4305 5732 
2150 2732 2817 3249 3123 6430 3637 1761 970 1751 2954 3430 5079 6970 6406 5372 6213 5316 4304 4570 3865 3361 2355 3443 5850 
3430 2563 3602 2943 2928 7636 5469 8353 5823 5651 444 4023 4470 4327 8166 8188 6589 6527 4392 3712 4090 3175 3357 2886 5356 
