includes/gis/ASCII_5k/mod13q1_ndvi_2016_337.tif.txt
ncols         25
nrows         20
xllcorner     257482.3972
yllcorner     9670060.6647
cellsize      5000
NODATA_value  -9999
5400 5084 6004 6013 6377 5563 6086 4256 5204 6056 5017 5867 6779 6663 4521 3340 6122 6636 5820 6665 6336 5248 5660 3920 3523 
5697 5479 5618 6063 6687 5295 5348 5724 4082 6373 4657 5298 5174 7110 5342 7181 6439 6808 6046 5040 4677 5556 5044 5785 5890 
5559 5549 6057 5054 6159 5919 4959 4135 5376 4091 5135 3667 5035 6187 4927 4137 5343 5095 4874 4028 6755 5327 5545 4491 5397 
5173 7359 6500 5946 5560 5813 6135 5513 4366 4133 3900 4501 5185 5046 5257 4320 5790 3978 3835 7606 4288 4861 4495 3618 6724 
4346 5769 5160 5038 5374 6217 5270 4624 3932 4907 3786 4742 4825 5607 3426 3152 3695 3934 3591 7178 4651 6141 4134 6982 6674 
3616 5874 4002 4646 4907 4192 4244 3568 3037 3626 3200 3095 3425 3773 3054 3715 3863 3595 4289 6998 7617 7349 4727 4936 5892 
3904 5280 4658 3637 3604 2905 3396 2291 2640 2419 2593 3340 3985 3785 3692 3403 3614 4375 3355 5441 6040 7416 5929 6897 6294 
3203 4052 3280 3454 3596 3171 2706 2441 2244 2157 3388 2707 2581 2687 1948 2435 2236 2511 2869 4416 6010 7674 8713 8489 8809 
3098 3016 2748 2747 4578 3312 3326 2096 2149 2625 3996 3406 2747 2142 2339 2025 1620 2521 2639 3994 6184 6867 6050 8012 8432 
3976 2476 3144 3212 2967 3264 2897 2011 2234 1950 2645 3138 2424 2175 1998 2451 2835 3063 2710 3870 6407 6261 8276 8547 8681 
3607 3099 2256 2622 2442 2523 1887 1177 2229 1872 1971 2243 2332 3038 3172 2844 3659 3200 2977 3994 5087 6938 7131 8211 8707 
2733 2586 2362 2004 1985 1540 1640 1484 1142 1865 1724 1812 1993 3119 2724 2715 2985 4507 4284 4590 5983 7988 7411 7721 8389 
2820 2351 1768 2753 1872 1613 1346 2680 2146 1609 2395 1731 2034 2212 2987 3093 2891 3471 3689 4223 6297 7041 6647 8680 8033 
2734 2071 2392 2161 2416 1520 1365 2314 1965 6185 3583 1593 2542 2043 2358 3270 4198 3654 7270 2558 5624 6706 8101 6467 8083 
2283 2274 1460 1847 3105 1828 2549 1644 1712 1930 1726 2259 2547 3220 3828 7840 2722 3042 3481 6599 2373 3009 6864 6316 7391 
2365 1551 1917 1955 1826 2138 2329 2492 3728 2302 1911 2490 2723 4274 4711 5054 5024 3821 3369 3936 5027 3043 6255 4953 5967 
1992 1872 1736 2798 2383 4173 4534 4161 4695 3928 4257 4447 5763 5817 5448 5751 4676 4400 4670 3484 5284 4731 3988 5539 5328 
2236 1514 2252 3061 3261 4120 6330 7969 8515 7720 6898 5607 6273 6131 3454 6023 6255 4662 4744 6075 5564 3935 3383 3883 6356 
1877 1908 2401 3480 4262 6070 8389 8944 7743 8025 8300 6321 6927 7195 6135 5799 6955 6355 6394 5764 5878 4090 3004 4979 6683 
1877 2538 3343 3877 3766 7058 7957 8315 4929 4735 5190 5904 7661 8217 9128 7934 6714 6874 5170 6619 5359 3950 4507 4041 4898 
