includes/gis/ASCII_5k/mod13q1_ndvi_2015_305.tif.txt
ncols         25
nrows         20
xllcorner     257482.3972
yllcorner     9670060.6647
cellsize      5000
NODATA_value  -9999
4393 2633 2892 2239 4813 3154 3795 1947 2863 2255 2482 3455 4003 2686 1281 1090 1587 3070 3726 4848 2630 2778 2852 2002 1837 
2233 2896 2202 3129 3016 2840 3642 2858 2009 2439 2021 2058 2278 3034 1320 2406 1137 3092 3168 -9999 3565 3518 1901 3537 3068 
2795 2849 2838 2152 2913 2822 3418 2053 2317 1942 1742 1919 3262 2889 2317 1842 1934 2394 3043 2105 5053 3969 3004 2662 2942 
2906 3594 2572 2553 2186 2739 2879 2906 2713 3391 2942 2188 2741 1926 2063 2061 2523 1725 1776 4573 2899 2222 3044 2201 3618 
2899 1246 2577 2428 2741 2513 3042 2460 2429 2984 2939 3841 2563 3619 1688 2133 2715 2263 1924 5574 2343 3061 2077 2680 2797 
2257 3582 1589 1820 2510 2719 2176 2367 2299 2765 3197 2640 2709 3288 2205 2103 2626 1755 2256 4817 4061 2890 2049 2255 2030 
2149 3083 2592 2635 2248 2253 2965 2405 2131 2762 2923 1954 3216 3696 3002 2345 2018 1880 2288 2586 732 4486 2105 2688 2885 
2081 2046 2783 2686 2251 2459 2184 2334 2575 2286 2979 2275 2876 3579 2179 2669 1303 1624 2065 2401 3671 5903 6521 3943 4476 
2306 2438 2581 2742 2679 2001 2092 2619 2517 2721 3873 2036 2432 2958 2981 2477 1683 1990 2349 2506 3875 4543 5141 5155 4661 
-9999 3028 2691 2340 1934 2140 2048 1936 1967 2391 2089 2136 1943 2048 2027 1936 1981 1822 1703 2205 3064 2839 4083 5823 4282 
3008 3233 2062 2317 2157 1884 1713 1064 1812 1674 1640 1871 1947 1951 1961 1862 2093 1779 1575 1769 2449 5098 4224 5836 6405 
2083 2066 2057 1515 1793 1513 1607 1420 920 1551 1571 1510 1779 1871 1823 1823 1852 1748 1391 1819 2009 5158 3711 3741 6854 
2575 2045 1608 2234 1724 1605 1343 2590 1885 1370 2245 981 1818 1635 1842 2270 2004 2031 1606 1487 2573 2848 3760 995 4638 
2307 1589 1746 1788 2224 1458 1517 2384 1512 5425 2928 1632 1712 1649 1587 1670 2767 2226 3060 1242 2508 2210 3757 3978 4892 
2185 1755 1355 1556 2518 2084 2575 2006 1793 1538 1449 1518 1957 2260 2303 5139 2092 2224 2041 2361 1580 1612 4163 2997 4022 
1896 1470 1538 1539 1662 1712 2212 2169 2993 2111 1807 2554 2062 2930 2079 2335 2828 2255 1606 1998 2270 1997 3838 2134 2958 
1838 1722 1697 2026 1886 2454 4161 2720 2465 1715 2524 1662 2891 3216 2746 2322 1717 2403 2142 1491 2704 1900 2332 3447 4130 
2475 1754 1714 2387 2977 3743 4183 3013 5077 2353 5199 1142 1106 2289 1931 2186 3454 2357 2193 2967 2340 2169 1529 2338 3086 
1615 1971 1908 2739 4116 4311 3171 2067 1851 374 2076 2499 5817 6180 3227 2301 2300 2278 2107 1902 2741 1225 1543 2014 2769 
1701 1776 2457 2714 2491 5528 1568 390 566 1021 889 859 2413 6061 2787 5389 2489 3630 1222 2832 3582 2640 2416 1748 2479 
