includes/gis/ASCII_5k/mod13q1_ndvi_2004_177.tif.txt
ncols         25
nrows         20
xllcorner     257482.3972
yllcorner     9670060.6647
cellsize      5000
NODATA_value  -9999
3374 3248 3980 4388 4056 3316 3804 2181 3120 3440 3482 5848 5334 5745 3964 1874 1288 4046 3298 3172 2942 3021 2900 2670 2525 
3227 3851 3220 3346 4128 3176 3493 2847 2301 3043 3627 3458 3330 3019 3041 3446 2054 3999 3007 2711 2733 3437 3146 3621 3735 
3596 3786 3313 2674 3350 2929 3151 2468 3985 2535 2620 3249 3354 3445 1267 1659 2014 1827 2191 2794 4043 3285 3264 2849 3412 
3738 5096 2949 3464 3410 3584 3217 4234 2870 3706 2619 2708 1956 2529 2330 1702 969 2855 2637 4119 2851 2604 2944 2689 3821 
3156 4218 3681 3609 4062 4808 2949 3212 2630 2611 2603 1515 2965 3307 2106 2070 2666 2073 2224 3781 2842 4022 2754 3111 3567 
2921 3790 4496 3647 4275 3558 2669 2611 2761 2779 3693 1284 1737 2693 1993 2250 2271 1216 2221 3716 3831 3161 3156 2359 3513 
3286 3350 3649 4083 3368 2930 2967 2722 2833 2365 2669 1143 1756 2574 2615 2215 2460 2351 2493 3118 3588 5197 3420 3581 3884 
3715 2667 2917 4500 4008 3142 2695 3120 2617 2395 3272 3079 2220 2401 2317 2440 1510 1702 2325 2829 4215 5791 4508 4043 4302 
2971 3448 3296 3434 4745 3133 2790 2196 2482 2326 2391 1465 2703 1868 1958 2348 1784 1960 2521 2858 5606 4630 5189 6178 5746 
3818 2545 2649 3187 3097 3901 3131 2529 2854 1877 2063 2218 1769 2243 1776 2156 2516 2074 2067 2338 3667 4788 6394 6058 5254 
3120 3169 2326 2638 2586 2683 2323 1450 2185 2254 1954 2376 2335 2964 2158 2347 2687 2361 2083 2179 2737 5184 5768 6135 5802 
2407 2267 2381 2290 2255 2185 1794 1484 1215 1622 1887 1852 2473 2112 2274 2023 2190 2399 2221 2260 2735 5702 2357 5942 6104 
2525 2159 1979 2438 2338 2133 1226 3482 2103 1460 2487 1270 1949 2622 2478 2599 2217 2114 2123 2167 2868 2818 4712 6512 5422 
2215 1811 1879 1996 2140 1619 1409 2299 1458 5810 3346 2044 2262 2058 1479 2176 2454 2035 3220 1377 2530 2301 3239 4438 6076 
2234 1888 1480 1658 3109 2153 2748 2032 1905 1957 1901 1986 2233 2349 1945 5213 1909 1959 1970 2898 1572 1651 3946 3425 5503 
2100 1668 1515 1668 1994 2117 2588 2757 2166 2339 2207 2601 2449 2648 2358 2837 2708 2287 1827 2108 2336 2001 3890 3000 4295 
1933 1717 1403 2089 2330 2848 2986 3281 4323 3256 1801 3291 3167 3019 2214 2428 2767 2829 2699 1749 2263 2016 2161 2675 3769 
2039 1482 2145 2211 2823 3088 4273 6749 4778 3404 3869 3775 3389 3131 2718 2352 2991 2459 2546 3112 2554 1859 1940 2389 2463 
1841 1799 2501 2346 2420 3076 7635 7218 4252 4851 7628 6881 7839 6592 4322 3749 3837 2578 3016 3972 3954 2285 1835 2391 3243 
1831 1973 2799 2537 2384 3761 8164 8231 5876 5605 5574 6292 6086 7013 5574 6685 4670 4203 3306 3356 3452 2783 2635 2250 2558 
