includes/gis/ASCII_5k/mod13q1_ndvi_2003_289.tif.txt
ncols         25
nrows         20
xllcorner     257482.3972
yllcorner     9670060.6647
cellsize      5000
NODATA_value  -9999
3057 2689 3146 4153 3817 3053 4037 2035 2381 2126 2218 2820 3455 2915 1717 1898 1935 2816 2930 2907 2389 2700 2708 2288 2526 
2533 2714 2803 3145 3576 3062 2810 2686 2395 2504 2518 2247 3213 2478 1933 2189 2586 2743 2684 2859 2737 3066 2841 3454 3858 
2819 3910 3228 2596 2974 3334 3077 2389 2675 2351 2454 2357 2670 2708 2097 2163 1960 2082 2565 2424 3941 3356 3378 3319 3318 
2896 4519 3344 3260 2704 2626 2788 3248 2449 3196 2577 2926 2730 2324 2245 2068 2497 2045 2083 4578 2777 2585 3179 2354 3561 
3017 3539 3277 3182 3276 4268 2601 2334 2415 2729 2734 2588 2613 3127 2230 2284 2472 2428 2169 3815 2515 3544 2389 2773 3063 
2753 3147 3701 3256 3470 3105 2549 2423 2564 2658 3866 2279 2209 2308 2085 2347 2519 2000 2365 3618 3710 2801 3648 3155 2923 
3004 3126 3832 3587 2641 2514 2242 2233 2291 2255 2302 2314 2432 2352 2152 2359 2207 2213 1969 2504 2602 4576 2737 3081 3170 
3015 2984 2840 3319 3117 2875 2473 2281 2282 2037 2748 2459 2315 2294 2107 2293 1996 1832 1742 2418 3725 5032 4134 3351 3863 
1857 2783 3186 2979 3370 2575 2379 2254 2335 2305 2137 2166 2495 2381 2069 1947 1924 1760 1844 2330 4126 3332 4419 4889 5102 
2910 2500 2681 2773 2719 2662 2298 2237 2079 2041 1904 2208 2211 2175 2156 1870 2049 1944 2084 2169 3455 3732 5754 5196 3956 
2827 3041 2439 2611 2449 2203 1892 1208 1837 1900 1844 2116 2127 2186 2282 1888 2066 1970 1878 1950 2510 4620 4587 5486 4299 
2442 2465 2410 1956 2257 2079 1661 1468 1041 1772 1686 1868 2032 2011 2255 1879 1837 2239 1730 1645 2335 5838 4187 3862 4671 
2744 2228 1909 2099 1945 1886 1075 3351 2032 1409 2205 1137 1840 1991 2041 2107 1970 2185 2048 1617 2700 3471 3757 8046 4236 
2113 1929 1552 1864 1646 1585 1349 2407 1534 5076 3162 1657 1877 1780 1740 1729 2107 1757 3133 1449 2441 2464 4330 3649 5938 
2056 1837 1433 1892 2815 2080 2510 2159 1921 1700 1670 1708 2174 2005 2082 5227 1982 1794 2043 2592 1539 1507 4121 2860 4645 
2049 1660 1710 1739 2015 1799 2225 2014 2011 2040 2115 2496 2026 2378 2290 2171 2499 2186 1888 2037 2171 1895 4171 2312 2837 
1842 1810 1429 2065 2101 2649 3009 2509 2761 2377 2475 3324 2603 2547 2242 2595 2048 2550 2361 1651 1999 1990 2226 2704 3998 
2104 1581 1954 2351 2748 2607 3216 2207 988 3345 825 2184 2263 2802 2229 1978 1892 2079 2137 2701 2071 1805 2085 2563 2586 
1828 1867 1461 2523 1679 605 576 8304 1964 4452 7943 8416 8484 5635 3045 2265 2505 2165 2370 2747 2760 1939 1752 2587 3489 
2129 1998 2343 3335 2911 577 4931 6453 2776 1758 4035 5185 5137 6828 3538 5682 2448 3146 2118 2672 2829 2213 2537 2010 2519 
