includes/gis/ASCII_5k/mod13q1_ndvi_2013_145.tif.txt
ncols         25
nrows         20
xllcorner     257482.3972
yllcorner     9670060.6647
cellsize      5000
NODATA_value  -9999
6058 5745 6027 6368 5820 5758 4800 3666 4834 4474 4905 5409 6497 6237 4254 5331 5022 5997 6147 5112 4462 4745 3604 3654 3400 
5275 5002 5741 5458 5937 4584 4728 4447 3391 4787 4444 4271 5635 6016 4373 5228 4877 5437 4295 5184 4911 4914 3931 4774 3985 
5965 5224 5153 4490 5707 5715 4737 3747 4393 3765 3517 2813 4003 5141 4950 4834 3856 3704 3686 4873 6726 4350 4266 3921 4126 
6747 7456 5841 5399 5024 4923 4424 4303 3539 3970 3300 4145 4040 3363 4340 5061 6571 3604 3807 6294 5736 3794 5033 3470 4987 
6129 6693 5360 5674 4715 6180 4431 4323 3329 4194 3798 3955 5104 4768 3602 4369 5258 4753 4194 5934 4401 5126 3164 4752 4258 
5256 6320 6070 5370 4543 5150 4184 3868 4035 3678 5672 4433 3484 3645 2905 3404 3633 3456 3757 5696 6388 5365 4348 4624 4290 
5823 6060 5947 6104 4559 3919 6251 3974 2858 3009 2807 3412 3678 3402 5048 4928 3636 3445 3953 4384 6197 6449 4857 5463 4855 
5553 5094 5554 6589 4685 4230 3627 3381 3564 3520 5825 3264 3105 4307 3217 4213 4568 4522 2987 3731 5717 6654 4096 6808 7195 
3528 4316 4292 5506 5044 3368 3281 2906 3420 4646 3451 3738 5458 4421 2975 2605 3088 3810 3590 3264 6304 6197 5832 6943 7414 
4961 3598 3881 4201 3997 4104 4024 3619 4498 4031 3834 3240 4361 3608 2845 2958 3048 4828 3283 3447 4986 6509 7265 7622 7332 
4235 4556 3046 3757 3034 3077 2576 2046 3961 3258 2356 3312 3492 3928 3164 2992 3620 2952 2798 3259 4557 6174 7058 7221 7769 
2749 2891 3362 2148 2577 2178 2118 2240 1297 2444 3194 2913 3331 2867 2420 2124 2242 3589 3461 3847 4322 7078 7326 7113 6543 
3949 4005 2766 2920 2306 2378 1459 3249 3670 2271 3132 1954 2812 3116 3308 2651 2774 3411 2361 2073 4529 5099 6388 8408 6715 
2859 2954 2347 2344 5344 1733 1493 2775 2722 6818 4784 1939 2427 2459 2451 3205 4405 2707 6191 2110 3390 4595 6547 6728 7233 
3524 2588 1574 2192 3757 2591 4068 2214 2242 2980 2588 2113 3001 3971 2327 6894 2829 2627 2693 4658 2548 2155 5553 6520 7032 
2716 1810 2280 2170 2549 2665 3243 3203 3969 6478 3186 3468 3586 3344 3481 3002 3872 3370 2251 2883 3576 4458 5812 5834 6802 
2797 3650 1692 2532 2988 4823 6096 5389 5533 4864 5631 5637 6038 4198 3532 3785 3128 4852 4114 2622 4750 3972 3866 5394 5351 
4716 1851 2352 2739 3933 5338 6568 7019 7494 8014 6764 5705 5936 5820 3254 2939 4526 3618 3031 5296 4846 4347 4181 3696 5499 
2168 2467 2615 3335 3515 6959 4530 8931 8701 8565 8041 6705 8252 7772 5657 4920 5121 4633 5483 5340 5427 3915 3455 4188 4716 
2134 2412 2928 3495 4032 6962 8209 8682 5919 5613 5650 6152 6340 7772 8214 7892 5708 5754 5512 5397 4781 4168 4573 3523 5081 
