includes/gis/ASCII_5k/mod13q1_ndvi_2000_097.tif.txt
ncols         25
nrows         20
xllcorner     257482.3972
yllcorner     9670060.6647
cellsize      5000
NODATA_value  -9999
4935 4083 5293 5515 5085 3894 4400 2379 1731 3548 4722 4816 3480 4597 3568 3204 3333 5595 6129 5791 5250 4914 5044 3368 3728 
4810 4470 3288 5427 4766 4378 3794 3408 4311 5554 4167 4002 3535 2851 3643 2939 5748 3787 3791 6610 5439 5604 4484 7028 6719 
4821 5557 4305 2871 4017 3521 3457 4214 4543 3476 2716 2524 3172 2911 2851 5306 4710 4440 4260 5804 6991 6576 6629 6405 6276 
5748 6491 3535 3910 4860 3889 3659 4751 3725 4626 3352 1948 3523 2687 3815 4662 5077 3760 2829 6706 6223 5556 6592 5452 6385 
5873 5287 4809 3241 4775 4594 4798 3835 2978 4944 3586 4322 4816 4248 2461 1508 4946 5299 4314 7105 4545 5054 4588 5672 5864 
4682 6762 4997 3001 3302 4709 3736 4095 3374 3993 5032 3822 3691 3820 2533 3456 3426 4826 4462 4770 7212 6255 7530 5459 5973 
2285 5962 4317 4349 3658 3684 2678 2752 2865 2628 3408 3394 2991 2973 2952 2743 3293 5328 4485 3505 2103 7073 5464 5444 5732 
3635 2877 2696 4416 2517 2394 2486 2474 3194 1689 4474 3176 3879 2974 2445 2581 3997 3915 5197 4421 6249 6827 7616 7321 7721 
5243 3259 3063 2777 3280 2552 2642 2392 2291 3061 3122 3082 3404 4250 4003 2328 4636 2972 4860 4713 6100 6932 5463 7450 7767 
5418 2522 3852 2761 2488 2370 2359 2200 2137 1932 2185 2659 3265 2415 4606 3940 3290 3170 3280 4983 6893 6642 7990 7718 7337 
3768 4598 4469 2872 2504 2258 2020 1459 2066 2002 2656 2987 4371 5776 4948 3699 3858 3446 2581 3770 4686 6496 6639 7358 7774 
4134 5143 2720 2236 2109 1815 1762 1677 1196 1925 1793 1949 2281 3792 5144 3819 3260 4586 3881 3653 4727 7627 7103 6900 7210 
1827 4413 2273 2568 2092 1892 1110 3872 2228 1617 2397 1152 1901 2254 3561 3915 3165 4007 4626 2909 5897 6763 6239 8473 7178 
4842 1838 1835 2043 2074 1507 1523 2459 1783 6589 3949 2072 2342 2271 3255 4020 5509 4906 6491 1634 5240 5552 6326 6348 7458 
4040 2889 1802 1884 3682 2362 2984 2232 1918 2105 1854 1817 2607 3178 2391 6917 3091 3171 2785 4090 2564 3694 5952 5637 6985 
3006 2260 1776 1720 1810 1995 2228 1973 2047 2412 2246 3556 2565 3287 3169 2979 4048 3958 3133 3386 3704 3689 5821 4173 6453 
2265 1914 1724 1629 2148 2493 2779 2608 3154 3206 3170 3300 3836 4806 3216 3907 3796 4237 3068 2165 2501 2916 2815 5125 5437 
2108 2198 2440 2186 2280 2432 2286 2172 8274 7360 5469 5131 3295 5560 4643 3402 3803 3252 3075 3815 2581 3020 2375 3312 5967 
3166 4693 3695 2945 1697 741 2168 7343 4285 7251 5984 8528 8726 7245 4864 4498 4648 4766 3914 5303 4821 2773 2428 4213 5989 
4274 5062 4347 3540 3017 4605 5760 5734 6569 -9999 1705 4297 5613 7199 6662 6514 6350 6280 5166 3730 4737 3683 4341 4387 4848 
