includes/gis/ASCII_5k/mod13q1_ndvi_2000_289.tif.txt
ncols         25
nrows         20
xllcorner     257482.3972
yllcorner     9670060.6647
cellsize      5000
NODATA_value  -9999
2467 2179 2875 2845 2862 1863 3189 1811 2168 2068 2106 2756 3190 2631 1654 1916 1919 2487 2812 2726 2185 2513 2584 2024 2353 
2392 2536 2159 3074 3047 2173 2675 2341 1803 2252 1990 2552 2526 2356 1882 2188 2554 2629 2878 2756 2478 2965 2442 3167 3297 
2695 2754 2941 2088 2377 2191 2382 1914 2442 2085 2090 1915 2202 2166 2201 1971 2113 2423 2529 2416 3850 3058 2842 3721 3063 
2696 3419 2481 2724 2073 2458 2262 2394 2200 2806 2197 2083 2283 1873 2039 1963 2145 1934 2008 3864 2739 2570 2969 2423 3298 
2737 3070 2674 2454 2706 2383 2252 2224 2100 2295 2322 2286 2190 2822 1868 1945 2483 2189 2009 3540 2472 3219 2328 2603 2981 
2284 2832 3048 2601 2648 2836 2082 2016 2172 2107 2516 2117 1888 2077 1822 2196 2757 1974 2167 3754 3723 2673 3561 2891 3034 
2515 2918 3021 2757 2445 2108 2039 2070 1881 1992 1979 1965 2171 2147 2130 2062 2034 2209 1972 2760 2306 4732 2514 2854 3141 
2514 2345 2229 2525 2201 2208 2090 2091 2046 1912 2258 2188 2108 2128 1974 2130 1958 2228 2097 2421 3319 4737 4044 3389 3809 
2555 2578 2758 2336 2589 1884 2115 1882 2027 1986 1970 1965 2300 2233 2083 1980 1718 1917 2256 2564 5222 3701 4509 5072 5224 
2648 2165 2319 2088 2023 1964 1942 1767 1858 1811 1803 2024 1879 1912 2163 1938 1927 1792 2263 2237 3645 2854 6100 4996 4022 
2595 2379 2161 2170 1926 1905 1684 1338 1793 1613 1638 1815 2022 2060 2166 1974 2166 1882 1903 2011 1915 4286 3158 4828 4214 
2139 2038 2060 1669 1677 1371 1550 1827 1148 1701 1514 1554 1558 1928 2005 1874 1823 2224 1869 1911 2065 5697 3628 3230 4529 
2478 1935 1658 1898 1802 1475 1139 3271 1916 1514 1984 1029 1708 1689 1940 1989 1703 1848 2117 1704 2806 3097 2984 7979 3708 
1845 1394 1557 1819 1862 1404 1242 2169 1471 4657 2857 1517 1673 1553 1593 1621 2113 1815 3887 1306 2340 2640 3791 2911 5030 
1835 1679 1381 1470 2570 2021 2322 1611 1570 1601 1624 1543 1985 1860 1857 4887 1765 1840 2032 2446 1501 1639 4291 2516 3683 
1766 1420 1295 1476 1678 1771 1963 1561 1624 1843 1891 2198 1866 2251 2092 1942 2218 2008 1709 2008 2135 1780 4067 2187 2544 
1503 1523 1076 1600 1824 2151 2410 2032 2129 1955 2022 2222 2317 2377 2094 2334 1951 2387 2240 1548 1687 1720 1985 2648 3864 
1582 1247 1590 1864 2094 2160 2878 2083 6607 6413 2716 1739 1755 2345 2089 1633 1929 1841 2153 2429 1727 1897 1852 2609 2737 
1362 1576 1862 2116 2339 2874 2250 3165 7498 7806 7681 7976 8244 4642 2623 1933 2340 1906 1872 2508 2408 2048 2022 2668 3590 
1584 1801 2237 2296 1677 2698 1906 7292 2777 4134 4608 4244 5375 6217 6306 4324 1995 2611 1777 2064 2479 2197 2421 1895 2470 
