includes/gis/ASCII_5k/mod13q1_ndvi_2005_193.tif.txt
ncols         25
nrows         20
xllcorner     257482.3972
yllcorner     9670060.6647
cellsize      5000
NODATA_value  -9999
629 798 524 4209 5529 2277 1611 2153 2735 1979 2452 3226 3917 3859 1824 1796 1984 3072 3162 2241 2495 2675 2365 1994 2555 
2682 744 1578 1039 4318 1946 1199 2709 1032 2885 2289 3068 3011 2605 1872 2734 3135 2884 2729 2128 2423 2242 1437 1250 3164 
3557 3649 5318 3258 979 2727 2478 2399 1689 2389 2226 2349 2887 2729 2152 2984 2389 2196 2229 2757 3932 2897 2886 3061 3349 
2947 969 1314 2641 1995 2617 2619 3173 2618 3842 2515 2798 2754 2355 2257 2351 2027 2211 2037 4696 2699 2267 2689 2479 3186 
2608 2967 1826 2885 2555 1593 2976 3004 2484 3431 2473 3124 2571 3057 2171 2203 2658 2457 2169 2799 2953 3398 2378 2590 2710 
2832 1415 3378 3091 3219 1874 3162 2724 2915 3048 4086 2969 2568 2450 2089 2317 2653 2305 2421 3366 2511 3372 3190 2439 2608 
4289 2292 2079 4185 3044 2226 3049 3148 2593 3000 2546 2566 2555 2380 2507 2636 2526 2348 2597 2991 3047 4074 2228 2735 3566 
2908 2081 4877 2654 2530 3557 2420 2802 2813 2352 3649 2585 2225 2682 2167 2355 2080 1659 2317 2651 4046 5470 4349 3768 4648 
2726 2609 2952 3997 3957 2839 1508 2183 2832 2871 2560 1937 2538 2682 2097 2120 2020 2484 2925 2866 5495 4742 4861 5765 5865 
3019 2397 2938 1901 3528 3740 2796 2355 2733 2238 2253 2295 2228 2244 2061 1955 2065 2077 2270 2415 3759 4513 6003 6095 5517 
2698 2781 2479 1435 2978 2895 2372 1445 2425 2123 2067 2406 2055 2061 2038 2058 2364 2115 2264 2194 2594 5283 6483 5555 5259 
2236 2036 1967 1546 2945 2011 1977 1808 1257 2077 2226 1955 1972 1565 1971 1770 2103 2446 1951 1970 2954 4954 6224 5377 4592 
2683 2056 2031 2173 2130 1645 1471 2936 2359 1724 2704 1226 1760 1661 1944 1850 1694 1828 2029 1754 2701 3436 3606 8124 4844 
2382 1713 1865 1826 3115 1659 1631 2579 1875 5710 3799 1994 2097 1916 1747 1644 2317 2016 3067 1091 2088 1819 3595 2379 7160 
2508 2256 1665 2008 3348 2453 3067 2375 2884 2164 1820 2356 2342 2119 1913 4916 1952 1938 2066 3055 1646 1787 3718 4291 5730 
2341 1841 2118 1938 2100 1948 3203 2607 3417 3483 2655 3070 2653 2454 2166 2139 2529 2224 1975 2016 2059 2288 3259 2536 3724 
1923 2007 1665 2617 2317 2829 3480 4816 5190 3525 3151 3924 3337 2942 2377 2752 2293 2568 2339 1849 2273 1774 2209 2954 4323 
2336 1681 2391 2954 3416 3220 4194 5341 2273 4045 1843 5699 5303 3238 2676 1971 2213 2218 2204 3233 2226 1948 2388 2496 2622 
2405 2183 2599 2807 2837 4214 3242 8064 8729 8582 3581 2716 7579 7354 4336 3375 2897 2327 2514 3228 2749 2500 1938 3408 3306 
2684 2583 3005 2814 2796 4273 7306 8234 5715 5760 6039 6670 4135 8775 5925 7033 3167 3279 2769 3001 3104 2455 2515 2463 2635 
