includes/gis/ASCII_5k/mod13q1_ndvi_2010_353.tif.txt
ncols         25
nrows         20
xllcorner     257482.3972
yllcorner     9670060.6647
cellsize      5000
NODATA_value  -9999
5708 4876 5957 5741 5578 5462 5603 4174 5347 6080 4665 5524 6043 6767 4402 2950 2653 3981 5111 5194 4567 3800 5368 5329 5185 
5007 5403 5367 5879 6033 5611 5586 5000 4065 4951 4691 5030 4990 5965 3040 4279 4242 3970 4402 4228 4853 5409 6353 5634 7311 
4585 6561 6577 5080 5666 5834 4647 3797 4594 3997 4113 3176 4579 5213 2922 3160 3809 3623 4421 4241 2995 7228 6234 7084 6144 
6052 7343 5760 5746 5129 5598 5325 4960 4095 4812 3506 3404 4938 3655 3444 3085 4744 4644 3765 6243 4540 5875 6716 5193 6499 
5698 5955 5673 5439 5129 7121 5316 4419 3821 4226 3150 4348 4323 4577 2964 3653 5422 5326 3913 6463 5597 6064 4133 6108 5912 
4433 5787 5428 6198 5756 5563 3970 4794 4692 4089 5277 4031 3796 3266 2623 3077 4428 3062 3954 5287 7488 6907 5905 5506 4431 
4800 5766 5913 6209 6181 4479 5298 3862 3523 3649 3345 3290 4311 3701 3054 2573 2849 3082 3111 4217 6119 6700 6000 6632 5214 
4798 4532 6050 6581 5645 4956 4284 3759 3735 2986 5113 2681 4056 3592 2295 2738 2889 2449 2652 3420 5656 7258 8544 8335 8774 
5531 5354 4391 5391 5696 4439 4298 3257 3328 3080 2622 2599 3548 3627 2489 3902 2925 3519 2744 3093 6016 6448 2430 6939 8577 
5162 4451 3668 3935 3615 3612 3369 2684 2276 2765 2432 3005 2549 2877 2652 3817 3669 3396 2333 3124 5328 7015 7916 5044 8541 
4450 4214 4560 4149 3405 3048 1806 1328 2143 2074 3227 3054 2438 2931 3693 3412 4324 2937 3622 3583 5275 6652 7606 7475 8282 
3091 3434 3635 2915 2600 2230 1796 1485 1055 2399 2241 2057 2622 3400 4568 3379 4276 4567 3040 3267 5027 7343 7389 7999 8059 
3314 2930 2541 3496 2671 2603 1342 3052 2377 1927 2880 1686 2879 4456 3422 4201 4186 2748 2740 2223 6299 6832 6863 8467 7963 
2932 1934 1830 1824 5666 1826 1318 3568 2616 7298 4252 1762 3125 4012 4508 6135 7211 5614 7125 2001 5344 5687 7555 6650 7982 
2411 2389 1597 1821 3509 2196 5504 5206 3553 5301 3300 5666 4492 5584 4446 6747 4717 3098 2709 6254 4396 3922 6409 6767 7894 
2396 1484 2115 1885 2033 2770 3299 3524 5218 4981 5665 4904 4378 6112 6050 5092 6028 5472 3731 4854 5907 4645 5663 5592 7569 
2642 2065 1567 2321 2548 3482 3854 3211 4915 5865 5534 6769 6175 5111 5043 3684 3991 5616 5728 5266 4622 4259 4105 6351 5000 
3477 2318 2415 2806 2884 3994 6528 6342 7686 7965 7413 4488 4978 5694 5530 7157 5414 4817 4887 5219 5156 4559 5198 6693 6174 
3809 3080 3209 4523 3000 5151 7697 8974 8240 8092 8073 8639 8707 7825 5961 6354 7815 7004 6497 6342 6360 5022 3524 7327 6024 
2861 4177 3228 5136 5912 6685 7798 8421 5449 4025 4867 5135 5589 6992 8211 7494 6765 7315 6919 6247 6905 6011 5722 4988 4628 
