includes/gis/ASCII_5k/mod13q1_ndvi_2001_081.tif.txt
ncols         25
nrows         20
xllcorner     257482.3972
yllcorner     9670060.6647
cellsize      5000
NODATA_value  -9999
3413 5015 5432 5765 6181 2842 4997 3319 1763 2222 3627 4222 4857 6834 3270 5213 2491 2162 3698 1170 2329 3852 4456 4017 2708 
5857 5945 5267 4222 6836 6330 3613 1526 2499 3059 3575 -9999 1417 3139 3946 4014 3033 1391 3488 6177 4887 5350 4138 5840 4954 
5929 6022 6778 5618 5250 5048 3529 2804 4419 3512 4562 3521 2928 4995 2297 4443 2736 4280 3664 3370 5399 5065 3613 5220 3787 
5468 6176 4931 5913 4671 3113 4905 4043 3599 6153 3885 3200 2490 3246 720 3458 3928 2137 3007 2904 5505 3213 5352 4659 2023 
6059 6298 5823 5816 6037 6515 4846 4153 6932 5290 2544 1695 3924 2907 2781 2172 2604 2341 3273 4490 3243 5037 4489 5301 4369 
3652 4166 5914 5409 4994 6932 3456 3458 3484 3384 5207 2988 3446 3204 3041 3129 3158 2531 3640 4503 6081 4784 5632 3773 1110 
5836 4697 4765 5124 5930 3961 4833 2212 5572 4326 4442 4797 4173 2192 2885 2502 2008 3486 3725 2642 2247 6639 4413 4406 4189 
584 5715 4159 5212 2940 3727 3752 3352 4579 3225 6023 4571 3664 2565 1846 2768 3204 870 706 596 5241 4097 5786 4891 6879 
4292 5178 4714 5220 1102 4091 6600 2399 1753 3765 6147 4044 4596 1984 2974 2034 1238 2693 1760 2653 5839 7100 2191 5021 6352 
3955 4744 2306 4792 4040 4687 1675 4130 2713 -9999 4145 5407 4250 4064 2290 1675 2822 531 2327 3159 5458 5741 7622 6739 6521 
2961 6459 4023 2195 3897 3503 2853 1721 4233 3760 4771 4298 -9999 3099 4527 2549 2955 2301 2380 2463 1841 3849 5474 7180 7511 
3152 4516 5267 2294 3756 3075 3052 2607 1638 4116 5003 3544 2670 3705 4978 3522 3185 2272 2504 3186 3656 1992 4784 3936 7263 
4552 4446 4468 -9999 3458 3612 958 5546 4291 2975 4905 3681 2248 4173 3367 3514 3013 2784 2799 2327 4499 6321 2968 8487 7251 
3745 3086 2497 3572 3702 2309 1527 4705 2909 7485 5583 2327 4167 3186 2337 3759 3971 3823 6456 1787 3887 2853 6415 4017 7748 
3336 2915 2037 2995 4074 2490 3832 2548 2615 4207 3809 4915 4456 5427 3609 8004 3496 4411 3177 4378 3094 2980 5853 5507 6157 
2027 1803 2158 1975 2381 2248 2686 3769 4409 4533 3114 3652 2657 5279 5824 3319 4624 3638 2626 3525 3310 2956 5605 3828 5050 
2921 2220 1825 2700 2800 3541 4818 3299 6673 5975 4938 4988 4496 2916 4997 5386 1235 5740 3712 2447 4239 2741 2434 3564 4490 
2131 2722 3364 1078 -9999 3772 2702 2058 3059 2867 7450 6656 6460 5888 5225 3315 3513 3958 3449 4909 4320 2507 2536 3137 3859 
4413 5852 4282 3169 1678 3218 887 7513 1593 1773 2833 6964 8286 5300 6492 5600 5401 4359 4602 4923 4376 3185 3372 3130 4832 
5322 4526 4588 5324 4374 2181 3455 1150 2744 1091 324 596 3009 3209 4721 7004 5055 5897 5215 4412 3657 3600 4007 2201 2910 
