includes/gis/ASCII_5k/mod13q1_ndvi_2013_081.tif.txt
ncols         25
nrows         20
xllcorner     257482.3972
yllcorner     9670060.6647
cellsize      5000
NODATA_value  -9999
2573 5548 2607 5487 5217 5203 4701 3337 1288 5052 5107 5057 4789 4918 1686 1625 1066 2825 2508 2864 2709 3402 2550 3195 2305 
5278 825 -9999 4896 1738 2804 2749 3914 3586 3641 2297 3722 4738 3580 2347 2400 3083 3181 2016 2188 2691 3148 2297 2080 2653 
2330 3845 4040 3362 5336 4455 5327 2237 4882 3838 4203 4327 5374 2828 3048 2616 3182 2160 1936 3756 4258 3112 2566 1544 3515 
4403 7183 3806 5817 4729 1866 3675 2882 3504 5209 4591 4984 5315 4019 788 1987 2480 1990 2451 2457 2822 2482 2750 2927 3363 
4265 1301 2341 3958 3671 6488 4113 3821 2578 2850 3298 4258 4925 4852 3634 2872 1773 1356 2142 1980 3044 3495 2465 3428 3299 
5259 5775 6990 1525 2312 4504 3476 2421 4243 4013 7476 1320 3042 2390 3236 3658 2670 2412 2290 5091 5855 3977 2524 4048 3302 
7818 4013 6132 2303 5771 3667 3333 2345 3443 3016 2820 3548 4849 3941 3468 3309 2378 1994 1339 2609 2629 6975 4953 3910 2700 
3485 4847 5850 5759 3662 2880 2378 4075 2475 2891 1338 3419 3738 2249 3274 3020 2813 2639 1557 4104 6154 6535 6358 7772 7880 
4112 1524 3171 2102 3430 1316 4191 3368 1131 3429 1455 2459 3141 1622 3292 3164 2380 4344 2787 3316 3888 5984 6032 6509 7679 
5159 3732 4537 4821 3847 3115 4293 1738 2939 3351 4265 2979 2545 3698 3269 2615 2962 3470 3676 3096 4046 6089 6063 7234 7772 
3782 4468 3167 3441 2990 3255 3144 1630 3336 1585 3014 2544 2106 3212 3281 2510 3248 2985 3209 3088 3697 3794 7934 5991 7334 
1152 1746 2958 1912 2895 2318 2321 1654 1143 1436 1943 3353 2269 3258 3309 3004 2776 3852 2485 2500 3347 1028 4028 7618 5138 
5755 3958 601 2718 2098 2664 1375 2470 3421 1874 2946 2344 800 945 2526 2917 2451 3925 2560 1777 6009 6090 6859 4630 4834 
5608 1480 3463 2945 2652 1717 866 3061 2354 2639 5259 2275 1652 2496 3127 2376 4357 3524 6084 1936 5912 6193 6377 6237 8036 
4168 2802 1712 2105 3853 2063 3228 2448 1158 4458 2059 3139 2746 3074 3258 6124 3015 3176 3310 5419 2449 2408 5944 6208 7428 
3056 1850 2063 2362 2096 2637 2868 1842 2217 4883 3305 3132 2530 2891 3631 3239 5095 3914 3003 3556 5277 4719 5316 2893 5628 
2847 2484 2316 2555 2949 4365 4590 4556 4555 4158 4358 5436 5059 3996 4408 4099 3317 5528 3978 3521 4735 4213 2919 4845 4559 
3645 3904 3535 3501 3806 2721 4127 1452 2874 2265 7277 2280 3024 4594 3592 4053 4101 3424 3448 2910 5009 2032 2323 2813 4391 
2557 4269 3471 2928 4106 2800 6672 2097 6568 1208 2236 7000 7144 7552 5826 4219 3263 4266 3193 5810 4308 2902 1643 2998 4207 
3758 3858 4456 4353 4925 6222 1518 8224 556 786 1209 743 5817 7079 8817 8047 5225 6036 3726 4635 4612 4335 3931 3052 3083 
