includes/gis/ASCII_5k/mod13q1_ndvi_2014_049.tif.txt
ncols         25
nrows         20
xllcorner     257482.3972
yllcorner     9670060.6647
cellsize      5000
NODATA_value  -9999
5696 6073 6288 6897 6843 5723 6596 4946 5140 5797 4140 5000 6016 5506 2813 4057 3347 4112 5062 6137 3917 4182 4089 4453 3673 
6596 5909 6634 5883 5831 5307 5689 5755 4146 4523 4695 4936 5535 5269 3122 4278 4315 3888 3794 4334 3931 4301 3736 5049 5232 
6431 6356 6326 5726 5816 5618 5946 5241 6059 5855 4798 4687 5162 5687 4412 4780 4099 2603 3150 4202 6354 6042 5278 4050 5075 
6266 7417 4374 5034 5779 5498 6380 6435 5464 5996 4977 5520 4976 4602 5138 4078 5324 2191 2318 5947 5263 3079 4019 3321 4817 
5025 5142 5334 5427 5275 6734 6565 5993 4728 6030 4582 5538 5005 5853 3570 3322 4553 3119 2920 5596 5331 5120 3483 4115 4600 
4020 5252 5486 5023 5761 4610 5647 6577 6356 5658 7493 5608 3821 4193 3314 2933 3656 2749 2778 4739 7335 6972 5215 4157 3776 
5532 5189 6571 5200 4812 4685 5596 5444 5000 4201 4509 5575 4961 5352 4554 4300 3758 3985 3608 5695 5961 7237 5640 5408 4701 
5359 4422 5404 5522 4209 5598 5317 6329 5766 5312 6831 5856 5060 5016 2893 3462 3855 4164 4433 5830 6515 6885 7888 7608 6686 
6402 6004 6132 3693 4366 4625 6070 5201 5205 5431 5877 4999 5357 5370 3335 2915 3065 3409 3963 5031 6313 6824 6227 8047 7951 
5201 4475 3875 3852 4208 4935 4697 4473 5057 5561 4896 4809 4613 4975 3693 3007 2922 3951 3316 4794 6631 6750 7568 8132 8175 
4616 6503 3240 3693 3939 3046 3818 1638 4799 4877 4024 5669 4091 4216 3643 2932 3908 4273 3771 4016 3947 6748 7554 8078 8165 
4227 4105 3861 2757 3201 3247 3536 2286 1280 3101 3152 2514 2526 3438 3659 4334 3643 3526 3165 4326 4913 7575 7248 7811 7507 
4542 3813 2685 3827 2761 4001 1527 3204 4072 2531 4006 1581 2426 2117 2912 3715 3708 4603 3161 2454 7081 6591 6889 8598 7890 
4260 2747 3215 2195 4965 1984 1465 4536 2469 7121 4683 2422 3412 3247 2628 3489 5187 4484 6678 1818 5589 6099 7666 6623 8290 
3663 2332 1996 2257 4346 2641 4554 3477 2400 2986 2394 2605 3227 3713 3281 7395 3905 4174 4727 5866 2215 2947 6599 6364 7329 
3529 1560 2172 1890 2267 3100 5372 4843 4681 3768 3535 4571 3579 4013 4713 3681 5592 4050 3067 3222 5810 5333 6520 6528 6959 
2522 3022 2069 2526 2792 5352 5782 5606 4997 5110 5174 5577 6011 6466 4865 4467 3780 4760 4398 3250 5597 5246 5877 6211 5219 
3971 2197 2524 2912 3361 4023 5330 4557 8106 8422 7620 5105 5746 6098 4882 5018 5912 3860 3878 5325 6083 4771 4666 4782 5866 
2114 2552 2897 4633 3899 4972 4566 8239 8908 8607 8066 8492 8610 6931 6449 5820 5400 5877 4957 6053 6315 4430 2728 3691 5957 
4127 2545 3736 3759 3870 5178 7860 8377 5304 5978 5650 6629 5500 6929 8395 7614 6266 6404 5249 6124 5459 4734 4216 2937 4624 
