includes/gis/ASCII_5k/mod13q1_ndvi_2005_353.tif.txt
ncols         25
nrows         20
xllcorner     257482.3972
yllcorner     9670060.6647
cellsize      5000
NODATA_value  -9999
2726 2510 3353 2804 3506 2477 3605 1682 2123 2054 2313 4348 3769 3165 1280 1561 2093 3580 3303 3938 2819 2926 2729 2519 2621 
2474 2452 2352 3320 3228 2327 2732 2110 1807 2284 2218 2827 2890 2585 1755 2723 3651 3250 4053 3184 2714 3231 2776 5121 4963 
2567 3184 2892 1989 2697 2242 2511 1813 2785 1948 1913 1955 2799 2955 1983 2040 1930 2605 2874 2667 4751 4075 4014 3412 4344 
3116 4188 2623 2694 2293 2390 2138 2608 2199 2997 2127 2151 2943 2051 2106 2063 2316 2084 2238 5544 3347 2944 3506 2570 4232 
2695 3507 3252 2677 3053 3322 2244 2164 2197 2308 2392 2796 2758 3958 1839 2028 2934 2759 2230 5781 4406 3983 2401 3860 4595 
2434 3403 3500 2707 2963 3139 2318 2191 2009 2348 2767 2617 2334 2618 2035 2492 2742 2037 2399 5418 6398 4906 5260 3769 4752 
2742 2875 3324 3452 2694 2401 2391 2335 2244 2286 2405 2175 2916 2787 2614 2059 1926 2519 2419 4112 4243 7008 5504 6016 5080 
2704 2202 2354 3073 2481 2236 2173 2248 2033 2291 2365 2525 2673 2639 1898 2051 1772 1559 2063 3046 5695 7247 8095 7726 7601 
2450 2685 2816 2909 3328 2348 2087 1889 2064 2359 2592 2101 2482 2205 2054 2090 1787 2020 2656 3380 6350 6724 6031 7701 7238 
3049 2071 2607 2582 2317 2279 2044 1782 1513 2093 2085 2374 1963 2055 2014 2073 2199 2018 1987 2754 4607 5730 7942 8342 8094 
2649 2644 2098 2500 2141 2024 1737 1029 1824 2357 1786 1752 2091 2198 2551 2286 2518 2166 2044 2214 3828 6658 6660 7822 8331 
2025 1980 2168 1783 2007 1614 1473 1208 1043 1765 1424 1759 1811 2009 2382 1967 2213 2529 2065 2401 3546 7561 7111 7693 8052 
2169 1711 1549 2254 1872 1594 1404 2602 1880 1257 2227 916 1790 1716 2438 2540 2597 2477 2323 1867 4738 5616 6715 8558 7639 
1870 1403 1767 1778 1991 1482 1211 1995 1466 6458 3351 1433 1901 1764 1971 1887 3070 2542 4154 1320 3346 3608 6665 6549 7887 
1763 1734 1305 1406 2918 1874 2345 1783 1783 1470 1578 1682 2233 2870 2222 6889 2444 2175 2214 4260 2031 1898 6176 5996 7265 
1802 1542 1471 1528 1751 1650 2099 2191 2190 2046 2091 3207 2308 2967 2663 2655 2537 3348 2256 2211 3282 2686 5840 3714 6419 
1476 1621 1335 2084 2095 2368 2882 2760 3057 2853 2877 3306 3878 3264 2572 3106 3301 3259 2811 1682 2830 2307 2681 3702 4550 
1723 1162 1843 2328 2574 2288 3089 4387 7217 7368 3965 3026 3749 3565 2425 2314 3564 3110 2881 4136 3104 2596 2866 3075 4707 
1615 1837 2090 2456 2524 2952 3587 8683 8373 8462 8286 8419 8701 6572 5310 4790 6009 5198 3994 4277 4321 2825 2858 3258 4247 
1794 2238 2790 3043 3067 4917 8460 8266 4810 4744 5007 5304 5808 7056 5800 7307 6203 6462 5754 5161 5437 4130 3832 2578 3256 
