includes/gis/ASCII_5k/mod13q1_ndvi_2015_113.tif.txt
ncols         25
nrows         20
xllcorner     257482.3972
yllcorner     9670060.6647
cellsize      5000
NODATA_value  -9999
4609 1503 6382 4758 6209 3547 4021 3367 5530 3011 5463 5085 5592 5748 2397 1054 4217 5892 3264 1210 4177 1497 2225 3758 3143 
3790 2333 5051 3613 5316 3095 4718 3356 2818 4493 2600 2108 1527 5368 2552 2346 3303 5975 3019 4665 4907 6501 2048 5247 5838 
2840 3745 3811 3834 4764 4435 4144 2139 4513 2752 2638 2301 3764 3462 4731 2889 3434 4066 2990 3456 6911 6997 -9999 5325 5358 
3549 1510 2444 1397 2884 5478 4581 4137 4981 4015 2189 2824 3695 3336 3213 3007 3778 3282 3441 6914 4159 3216 4160 3593 5775 
2877 6426 1754 5209 4517 5352 4915 3680 2979 3356 2327 3790 2162 2442 2427 2353 3955 3230 2756 4320 3254 5635 3589 4492 3744 
3064 1973 4810 4822 5501 4516 1930 3961 2977 3314 2765 3000 1657 1317 2419 2901 2967 1784 2536 2564 4094 6386 5296 4879 4359 
2544 2930 5239 2872 1189 3556 3594 1279 3610 3537 2992 2789 4010 -9999 6677 4347 2561 1543 3733 4572 2424 6109 3590 2325 4734 
2812 1846 2496 2033 3581 4292 2966 3603 3007 2867 5774 4070 3355 2576 2630 2650 2743 1913 3229 5419 7469 7582 7441 8108 8501 
2719 3595 1663 3487 2615 2302 2389 2159 2333 4051 5671 3494 2474 4528 2017 2441 1337 2074 3807 5290 6692 5008 4491 7571 8435 
3842 3356 3508 3485 2736 2541 1993 1900 1754 2772 1705 3893 3637 1697 2232 3395 1411 2457 2456 3997 6184 4911 7263 7967 7822 
2839 4181 3087 2779 2843 2488 1702 1556 2337 1917 1896 1895 3129 1058 4571 1286 4125 3230 3038 3725 4711 6681 7461 7837 7701 
3453 4289 4223 2190 2511 1720 2108 1570 1103 2137 1459 1571 2052 2493 1564 2441 2536 2390 1934 3209 4678 7108 7109 7357 6773 
3776 4476 2231 3547 2207 2023 306 2836 2607 1765 2516 1640 2121 2861 3485 2535 2130 5467 2582 2401 5918 6820 6116 6719 7360 
4248 3123 2903 2356 2545 1677 1792 3115 1590 7088 4136 1956 2156 3135 3184 1472 -9999 3569 4540 1546 4533 4669 5188 4515 7026 
4107 3765 2307 2317 3508 2528 3755 2843 1824 1830 1592 1539 2337 3680 4165 6702 1759 1922 2707 4920 2237 2517 5303 6926 5914 
3733 1806 2615 2005 3545 3610 4507 5011 3315 2805 2407 4228 3457 4448 1009 3112 3673 4006 3511 3601 4683 2933 5282 3600 5583 
3022 2533 1649 2911 3824 6270 5398 5471 1245 3594 4732 1902 5827 5423 4443 4220 3434 5970 4568 2500 5542 2741 4422 5014 5048 
5098 2455 3263 3747 4851 6364 7106 7376 2525 5329 3497 1517 3530 6228 3951 5198 4965 4725 5662 5495 4521 3047 3787 4459 5593 
3247 2711 3545 5285 5115 6973 5172 4331 1894 1870 1023 2245 5346 -9999 6610 6028 7051 6724 5657 5147 5443 3617 2476 2885 6313 
2266 2853 3907 4890 5654 6524 2447 2839 6096 2106 1331 1554 4175 5018 8794 8454 7179 6317 4847 5524 5838 4356 4206 3303 3821 
