includes/gis/ASCII_5k/mod13q1_ndvi_2006_193.tif.txt
ncols         25
nrows         20
xllcorner     257482.3972
yllcorner     9670060.6647
cellsize      5000
NODATA_value  -9999
942 3018 1253 672 3960 2449 4432 3098 1559 2506 2461 3471 3927 5353 3844 5097 3549 3958 3162 3121 3123 3062 3076 2870 2371 
3973 3731 3092 3225 3640 2548 3194 3468 2356 3263 3334 3273 2086 3857 3292 3546 3207 3852 3907 3271 3192 3374 2994 2913 3106 
4742 2775 4098 2651 3285 2959 2961 1575 2811 2757 3852 2046 2593 2954 3233 3273 2419 2775 3201 2905 5111 3567 2934 3260 2948 
4118 1004 2384 3071 2559 2882 2053 3481 2850 3411 2397 2757 2869 2739 2963 3456 3893 2520 1768 5001 3320 2708 2862 2336 3303 
3576 4856 3152 3212 2479 5153 2876 2875 2268 2654 2925 1407 3447 4122 2543 2445 2379 2810 2893 2336 3755 3559 2458 3771 2891 
3092 3581 4183 3643 3344 3707 2706 2472 3582 2677 5317 3064 2502 2542 2199 2214 2742 2083 3048 5077 3628 4280 2893 2554 2573 
3419 1398 1969 4238 3162 2890 3419 2663 2150 2366 1663 2757 2985 2817 2940 2988 2302 2475 2526 3495 2958 3723 2755 2517 2930 
3369 2929 3550 3103 3590 2980 2858 3322 2528 2621 3445 2961 2946 3144 2393 2925 2680 2389 2601 3151 4515 3789 3913 3533 3309 
3106 2010 1786 2936 1159 2563 1564 2538 2223 2509 1968 2789 2828 2681 2215 2022 1956 2500 3147 2892 5738 4249 2642 5638 5186 
3811 2890 2084 3886 2113 1165 3877 1875 2246 1848 2514 2602 2655 2526 2386 2237 2201 2291 1924 2618 4111 4774 5981 5031 4302 
2127 3144 2499 2563 2651 2706 1289 1161 1997 1940 2045 3057 2493 2399 2420 2317 2443 2417 1911 2416 3220 5332 5798 5939 4743 
2445 2503 2254 2394 2861 1821 1995 1660 1144 1839 1707 1812 2294 2462 3242 2281 2063 2539 1970 1949 2725 6486 6288 5893 4825 
2836 3385 2626 2359 2345 2250 1061 3027 2628 1635 2032 1472 2390 2414 2747 2734 2066 2452 2101 1705 3052 3897 4819 7774 5093 
2231 3335 2215 2676 2966 2047 1523 2207 1797 6191 3437 1798 2320 1992 1897 2491 3132 2016 3572 1297 2839 2871 5046 5128 6177 
1606 2092 1845 1818 3213 2273 5301 1740 2084 1919 2171 2152 2512 2549 2192 6142 2126 2102 2031 3289 1755 1832 5293 4876 5846 
2620 1545 1901 2074 1935 2450 2972 2922 2358 2309 1649 2759 2712 2406 2509 2377 2785 2385 1899 2233 2347 2111 5326 3992 6304 
2145 1795 1698 2105 2372 2610 1403 2110 1337 4495 2333 1422 2328 1176 2999 2887 2249 3505 2563 2006 2474 2126 2605 3573 4161 
1919 1884 2598 2424 3565 5401 2919 2586 2465 2321 5139 1976 1075 2851 3143 2747 3681 2696 2258 3043 2188 1842 2457 2548 3916 
1838 2090 2729 2683 2795 3679 2734 349 640 884 266 4142 2916 3692 4115 3771 3228 3174 2842 3039 2763 1950 1806 2937 3857 
2802 2302 3151 3574 4183 4668 6064 1920 4281 4866 1808 1212 2418 1645 5774 7074 4198 3654 3848 3133 3157 2679 2830 2368 2456 
