includes/gis/ASCII_5k/mod13q1_ndvi_2008_289.tif.txt
ncols         25
nrows         20
xllcorner     257482.3972
yllcorner     9670060.6647
cellsize      5000
NODATA_value  -9999
2513 2334 2856 2601 2754 2452 3652 1987 2357 2041 1883 2909 3054 2775 1916 2196 2143 2699 3028 2855 2527 2817 2695 2368 2334 
2318 2537 2243 2753 3112 2416 2757 2482 1720 2135 2091 2501 2626 2672 2128 2323 2749 2995 2964 2688 2738 3087 2679 3254 3760 
2640 3307 2927 2289 2650 2613 2511 1859 2286 2097 2097 2192 2618 2787 2325 2329 2477 2370 3010 2648 4040 3252 3239 3089 3307 
2712 3644 2589 2992 2251 2680 2439 2452 2219 3001 2256 2218 2770 2180 2327 2393 2818 2499 2293 4247 3006 2548 3014 2362 3226 
2500 2909 2777 2778 2983 3053 2339 2328 2230 2304 2415 2545 2404 2926 2061 2123 2489 2355 2272 4037 2994 2957 2418 2593 2922 
2221 2832 2990 2825 2800 2748 2220 2121 2253 2250 2874 2481 2068 2340 2065 2223 2359 1969 2210 3214 3875 3293 2541 2981 2511 
2437 2976 3462 2813 2519 2396 2440 2228 2086 2060 2133 2152 2440 2627 2413 2435 2200 2358 2239 3226 2794 4594 2555 2723 3050 
2787 2240 2433 2989 2520 2370 2311 2266 2225 2100 2393 2333 2293 2423 1979 2250 2131 1929 2169 2401 4304 5182 4764 3571 3934 
2399 2675 2669 2625 2814 2109 2211 2143 2448 2367 2368 2213 2473 2309 2091 2055 1794 2045 2581 2556 4988 4023 4692 5205 5343 
2669 2130 2602 2448 2165 2249 2088 1940 1911 2034 2031 2163 2066 2148 1968 1908 2082 1909 1747 2123 3070 3500 4577 5452 3975 
2647 2558 2153 2326 2166 2015 1672 1099 1638 1699 1795 2084 2077 2077 2131 1864 2052 2066 1756 1941 2228 4507 3560 4666 4040 
2156 2204 2245 1904 1892 1539 1402 1336 947 1639 1660 1793 1650 1950 2120 1951 1912 2128 1756 1871 2373 5904 3842 3352 4819 
2232 2102 1853 2163 2015 1552 1342 2822 1852 1429 2052 1014 1942 1862 2025 2087 1769 2026 1792 1546 2688 2946 3450 7069 4333 
1947 1650 1915 1956 2275 1734 1416 2064 1382 5484 2178 1518 1991 1668 1685 1592 2015 1989 2623 1151 2259 2516 3908 3084 5746 
2211 1910 1356 1487 2894 1927 2361 1721 1490 1738 1709 1705 1912 1999 1758 4934 2009 1694 1773 2358 1508 1512 4111 2804 4354 
1983 1492 1267 1532 1705 1827 2051 1843 2013 2198 1590 2518 2036 2533 1997 1894 2296 2237 1701 2082 2307 1912 3973 2424 2796 
1923 1767 1229 1988 1968 2819 2359 2202 2416 2300 2540 2441 2911 2922 2445 2614 2010 2572 2277 1632 2092 1836 2059 2642 4280 
1894 1531 1867 1954 2191 3209 3769 2879 961 5723 2935 2162 2184 2718 2362 1841 2513 2242 2068 2624 1969 1657 1965 2405 2627 
1290 1561 1972 2746 2313 2918 5308 8641 4495 1154 3004 7912 8297 6925 3167 2255 2169 2087 2258 2658 2695 1560 1654 2436 3503 
2026 2029 2262 2387 2218 5501 8124 8255 5137 3303 5056 5580 5324 6595 6520 6463 2646 2903 2052 2426 2571 2165 2321 1929 2328 
