includes/gis/ASCII_5k/mod13q1_ndvi_2001_321.tif.txt
ncols         25
nrows         20
xllcorner     257482.3972
yllcorner     9670060.6647
cellsize      5000
NODATA_value  -9999
5802 4553 5458 6221 6040 4539 5230 3151 5174 5075 4395 7357 6336 3576 2190 5123 4033 6481 5448 5826 4315 5172 6839 6207 4225 
6140 4702 4607 5634 6061 4946 4780 3017 2988 4646 4538 5788 7137 3872 5457 5522 4831 3097 6704 6197 3832 6221 5814 8542 7763 
4300 6013 4317 3735 4996 4739 4778 4344 4211 4501 5002 4774 5736 7180 5530 3364 6784 4816 6143 6366 7472 7108 7760 5993 3856 
5195 7160 4053 4877 4453 5026 4625 4132 4307 5163 5138 5191 7484 5266 5485 3713 2994 4949 3901 7683 5235 5108 6529 4018 7262 
5021 3362 5133 3616 4770 4390 4329 4011 4171 5864 4616 5432 5664 6386 5280 5422 5507 5367 2702 7030 5245 4571 3207 5817 5680 
4728 6190 5467 5207 5652 4540 3934 4427 4144 4635 4767 3115 3534 4967 3819 5582 5404 4533 5370 7414 7083 6104 5661 6150 3568 
6025 6361 4887 5187 3706 4007 3725 3425 3014 3791 3099 4075 2679 4978 4251 5151 4739 6824 3889 5683 2390 7095 5293 5690 5816 
4537 4037 2986 5302 3331 2761 2551 2966 4086 3857 6731 3756 6183 4343 4483 4179 2010 3485 3436 5862 2957 1807 7528 6792 7784 
5023 3543 2694 3870 5421 3255 2464 2542 3407 3699 4142 3478 4706 1865 4348 5204 1859 4765 5796 2756 6156 4069 2467 4640 2894 
5188 2866 1495 2579 3066 1710 2809 2262 2217 1970 3988 4291 3786 4271 4784 4048 3976 2896 3580 4573 6609 4129 5397 3790 6971 
3617 3024 3019 2794 2870 2622 2176 1268 2277 2374 2443 1834 3345 2083 4847 4279 3668 3998 4771 4963 4240 6503 4260 5273 6905 
3444 3341 3025 1790 2058 1748 1290 1714 1056 1893 2355 1246 2323 5429 4285 2672 3612 4133 4092 4489 4822 6658 6576 4497 4085 
3462 2439 2780 3196 2534 2149 1106 3858 2154 1949 2444 1946 2903 3410 4945 4718 3825 4554 5938 5343 6136 5451 3708 2645 5684 
4142 2367 2011 2241 2278 1519 1166 2538 1596 6446 3484 1724 3096 2355 1585 1696 6439 4255 6685 2405 5353 4726 5509 4410 3388 
3067 2254 1672 2055 4292 2199 2781 2064 2313 2784 2152 3868 2921 2940 2874 7609 3138 3465 4426 4611 2581 3084 -9999 4803 6304 
3075 2412 2244 2227 2962 3288 3368 3355 3803 2392 3074 3460 2723 3969 3438 2933 4294 2928 2903 3499 5042 3658 5783 4462 5909 
2556 2084 2009 2684 3071 4220 6039 4755 4665 2488 2521 3162 3772 4797 3927 2437 4702 6357 5225 2751 4412 4372 4684 5567 3643 
2619 2323 2499 2912 4493 4124 6105 3166 2608 4293 5714 3154 3387 4930 4423 4055 5830 5636 4352 6367 5210 4026 3140 4124 5358 
3530 5294 4907 5453 5753 6261 5977 4174 1781 1155 4490 7671 8795 6644 4802 4274 5428 6163 4225 7304 4417 5315 3859 6157 6388 
3309 4054 4877 5579 4430 2456 2219 579 2785 1190 467 657 6034 7205 6118 6515 4637 6091 5808 5770 7183 5489 5588 5027 4187 
