includes/gis/ASCII_5k/mod13q1_ndvi_2001_065.tif.txt
ncols         25
nrows         20
xllcorner     257482.3972
yllcorner     9670060.6647
cellsize      5000
NODATA_value  -9999
5316 5351 5693 6030 5627 3817 4128 3385 3924 4815 3635 5333 6147 6410 4102 4888 4651 4307 4273 4721 4588 3936 4434 3908 4571 
6041 5889 5333 5743 6180 4596 4693 3604 3247 5392 3863 4363 5191 4006 4542 4878 5020 3572 3513 5001 3999 5534 4504 6131 5311 
4905 6512 5724 4728 5144 5245 4296 3473 5367 4647 5130 3855 3648 4698 3181 3526 3359 3062 3498 3337 5704 5683 5775 5434 4562 
6099 7179 6203 5420 4849 5093 4784 4434 4132 4936 3774 3544 3729 3040 2666 2977 3432 2939 3102 6388 4328 4111 5889 4701 5719 
5563 5771 4616 4945 6076 6667 5213 3941 3660 5221 4471 4220 3519 3953 2500 2849 3291 3524 3877 5725 3654 4852 4360 5819 4956 
4131 5112 5833 5401 5642 4508 4974 4820 5003 4738 7136 4923 3557 3315 2690 2831 2972 2993 3703 5526 6615 5663 5659 5486 4502 
4350 5624 5295 5581 6032 4294 4938 3697 4350 5061 4267 4515 4841 3766 3150 2538 2815 3647 3744 4342 4203 6997 5037 4829 4555 
6471 3802 3217 5282 4062 4264 3987 3711 5458 4923 6329 5878 4255 3506 2801 2670 3123 2313 2504 3561 5355 6402 5867 5246 7338 
3973 4636 5017 4699 5118 5332 4966 5012 5515 5652 6588 4470 4189 3442 2831 2799 2114 2582 2504 2940 5653 6447 3183 6667 7597 
4877 3726 4419 4485 4869 5090 4420 4309 3867 6267 5050 4792 4010 2704 2927 2553 2541 2024 2559 3225 5148 5671 7645 7464 6601 
4276 5590 4641 4248 4208 3874 3767 2300 4245 4747 4255 4910 4068 3541 3531 2843 2688 2237 2535 3470 4384 6128 6893 7608 7572 
4304 5185 5152 3743 4402 3546 3439 2711 691 3565 3421 4415 3015 3975 4357 3565 2966 3029 3173 3518 3831 5072 6671 7300 7546 
4652 5208 4661 4299 3794 4548 1340 4124 4297 3043 4997 3178 3658 3822 4007 3357 2853 2894 3072 2477 4139 4484 5198 8517 7061 
3998 3566 3075 4066 4933 2516 1879 4323 3590 7094 5265 1932 3302 2973 2478 3424 3522 2888 6495 1898 3791 3554 5881 5743 7654 
4228 3333 2435 2825 4454 2340 4091 2847 2957 3744 3712 3900 3276 4242 3826 6850 3179 3561 2828 5544 2748 2028 5761 5739 6511 
2825 2006 1872 2183 2773 2699 3160 3880 4506 4018 4547 3947 4575 4937 5117 3121 3763 3610 2929 3366 3194 2897 5731 4005 5989 
2699 2785 2051 2436 3049 4167 5182 5292 6103 5516 4704 5208 5258 5577 4774 4053 3514 4956 3824 2843 4062 2974 2602 3276 4399 
3023 1982 2742 2575 3120 3374 5047 3520 8234 5109 7459 5755 5928 6373 5968 4538 4734 3182 3273 5111 4598 2777 2524 2800 3499 
2767 3417 4063 3614 2760 4424 3184 7917 3020 -9999 8306 8502 8700 7708 7109 5785 5240 4905 4535 5119 4543 3155 2415 3193 3955 
5899 4213 3064 3244 3485 1808 7338 6137 6648 5513 5891 4996 5532 7293 7294 7577 5956 5793 4832 4657 4468 3428 2988 2307 3012 
