includes/gis/ASCII_5k/mod13q1_ndvi_2002_113.tif.txt
ncols         25
nrows         20
xllcorner     257482.3972
yllcorner     9670060.6647
cellsize      5000
NODATA_value  -9999
6459 5561 6137 6913 6476 5658 6506 4248 4553 3646 4069 6638 4822 5132 3494 5314 4319 5505 7089 5940 4856 4972 5598 5797 5678 
6343 5062 4603 5230 6483 4785 4796 4410 2478 3334 4045 4694 5223 4671 4869 5319 4936 5493 4655 5626 4990 6056 6160 6549 4548 
4848 6027 4383 4176 5063 4929 4013 3021 4295 3515 3196 5138 6564 6118 4406 3855 3230 3261 4252 4271 6624 7542 6352 6313 5737 
5327 6008 5159 4916 3751 5350 4673 3042 4501 5370 4858 5603 6358 4486 3211 2964 4417 2697 3647 7180 7296 6556 5927 4933 6251 
4585 6214 5822 5061 4745 4379 4625 3813 4021 5587 4785 6016 5860 3746 1206 2917 3471 4297 3211 6203 5144 7020 4606 3990 5076 
3855 4114 5958 4807 2242 4441 3836 3637 4160 5486 7134 5600 4000 4627 2694 2751 4023 3107 3435 6884 7221 5172 5906 5947 5613 
4987 6303 5774 4582 4564 3966 3516 3031 3543 3797 3677 3537 3958 4284 4103 3512 3363 3928 3297 5412 3678 7402 6244 6415 6013 
5954 5274 3535 6294 4930 3465 3426 2782 2963 3515 5625 4764 3817 4007 3236 3524 4363 3675 2330 5025 5927 5673 7215 7195 6276 
5797 6200 5846 4727 5308 2826 3595 2626 3134 3613 5076 2821 3203 4010 2748 2492 2212 2304 3391 2002 6562 5948 5347 7989 8427 
5968 5517 4114 4850 4555 3039 3141 2294 2336 2551 2627 2742 2788 2618 2444 2141 2418 2887 2997 3988 6888 6815 4244 8178 7694 
4165 5368 4678 4955 4514 2709 1952 1216 2766 3138 2659 2861 3110 3129 1996 580 2297 1649 3235 3402 4980 3693 -9999 3669 7961 
4509 4440 4770 4272 3421 1953 1822 1610 1181 3257 2497 2116 2219 3432 3079 3618 2412 3767 2440 3046 5820 7824 3052 6301 7770 
5572 4231 4104 4930 3130 2568 1383 4747 3120 2303 4335 1516 3023 2196 2279 1995 2969 1702 3977 2331 6515 5211 5703 3353 7791 
4522 2855 2820 4326 3432 1946 1363 3956 3682 7022 5000 2385 2858 2266 2456 2406 1772 4186 5981 2336 4870 5355 6479 6877 7718 
4759 3119 1693 2461 4536 2591 4614 3154 4278 2650 2792 1708 2359 2738 2871 7354 3879 3399 4822 5699 2676 2261 6336 6373 6923 
2705 1928 2360 2958 3428 4500 5503 5657 4722 4681 3205 4113 3383 5185 1547 2121 5143 4711 5361 3125 3894 3283 5917 5018 6127 
2321 2094 2293 3692 3729 1533 4615 4524 5524 5631 3891 5029 5285 1675 1363 3850 4113 2066 3864 1156 3539 3990 3687 5318 5372 
2145 2246 3005 3896 4923 4430 2443 1102 7899 1596 3293 2180 3819 2981 989 3018 3182 552 3267 4632 4167 3339 3678 4384 5267 
2513 3444 3432 4242 5144 2202 1703 6159 4804 4617 998 1092 1285 5015 1362 2313 4384 3602 4126 6139 5798 3805 3309 4529 6299 
2733 3482 3980 3768 4607 7593 411 1494 6214 4210 1021 1282 3062 2972 1477 4402 3323 2156 5117 5694 5890 4435 4759 3865 4722 
