includes/gis/ASCII_5k/mod13q1_ndvi_2014_209.tif.txt
ncols         25
nrows         20
xllcorner     257482.3972
yllcorner     9670060.6647
cellsize      5000
NODATA_value  -9999
2991 2843 3280 3347 3802 2935 3112 2240 2506 2366 2359 2980 3079 2926 1811 2297 2138 2774 2727 3059 2723 2871 2710 2540 2449 
3371 2945 2814 3167 3259 2777 2957 2869 2179 2989 2477 2495 2742 2842 2091 2512 2619 2942 2660 2671 2626 3100 2817 3241 3181 
3211 3393 2822 2668 3058 3138 2869 2504 2721 2318 2217 2170 2770 2700 2347 2250 2257 2282 2462 2815 3952 3280 2291 2841 2807 
3291 3251 2636 2894 2500 2888 3133 3184 2552 2854 2339 1925 2554 1788 2427 2353 2728 2073 2253 3143 2608 2413 3035 2588 2127 
2900 2985 3131 2868 2948 3367 3128 2954 2464 2681 2609 2505 2516 2787 2059 2022 2389 2257 2124 3842 2559 3382 2603 2826 3411 
2421 3224 2879 3023 2916 3094 2653 2779 2255 2569 3313 2725 2200 2292 2045 2155 2320 2016 2420 3800 4171 3184 3074 3206 2908 
2941 3419 3865 1746 2345 2524 2820 2460 2249 2278 2223 2363 2459 2631 2782 2296 2174 2329 2274 3146 1422 4889 1773 2213 3340 
2336 2869 2840 3207 3248 2585 2540 2706 2423 2477 3367 2025 2015 2698 2258 1969 2133 2029 2156 2275 3524 2876 3926 2193 4215 
2700 2843 3367 2862 1618 1018 2394 2200 2440 2366 2709 2332 2584 2273 2143 1932 1813 2053 2474 2380 4943 1932 3319 5850 4843 
3023 2504 2914 2836 2073 2625 2501 2199 2567 1785 2172 2295 1498 1426 2163 2114 2076 2159 1867 2392 2638 912 1518 4743 4468 
2984 3037 2348 1680 1214 1878 2005 1427 2150 1973 1769 1602 2346 2418 1802 2032 2272 2459 1974 2121 2329 4723 4107 5582 5363 
2062 1930 1868 2017 2228 1890 1922 1714 1224 1507 2082 1814 1852 2213 2072 2022 2084 1924 1993 2258 2643 5570 4484 4896 5663 
2118 1762 1567 2052 2064 1762 1084 3050 2406 1598 2384 643 1684 1694 1742 925 2401 2274 1810 1839 2639 2859 4209 7792 4722 
2002 1821 1942 1930 2499 1527 1542 1990 1719 5811 3048 1338 1755 1920 1393 781 1599 1923 1658 1409 2248 2274 3847 3110 5608 
2019 1627 1306 1672 3279 2056 2751 1939 1847 1875 1667 1817 1983 2138 2160 4346 1385 1790 1823 2877 1587 1602 4341 4076 5284 
1498 1496 1625 1307 1761 1935 2468 2208 2480 1615 2203 2651 2258 1324 2605 2135 2146 1949 1783 1902 2110 1797 4942 3847 4307 
1860 1903 1124 1373 1195 2429 2647 2487 3062 1346 2258 2654 2003 3378 2347 2158 1920 2591 2094 1538 2626 2196 2387 2061 2950 
2156 1413 1664 2154 2398 2836 2589 789 1289 1733 853 1537 509 2925 2193 2637 4105 2139 2015 2900 2207 1789 2037 2321 2897 
1504 1549 1981 2305 2366 2737 3909 1113 3169 2765 415 513 964 1184 866 1124 1651 2903 2488 2702 2609 2360 1535 1829 3714 
2066 2030 2415 2357 2288 4328 6244 2132 3014 3163 2621 476 1771 1008 1887 2684 4451 3360 2307 2843 2808 2055 2487 1920 2058 
