includes/gis/ASCII_5k/mod13q1_ndvi_2005_113.tif.txt
ncols         25
nrows         20
xllcorner     257482.3972
yllcorner     9670060.6647
cellsize      5000
NODATA_value  -9999
4603 3901 5191 5879 6215 5185 5356 3405 3558 4039 3516 4886 4700 5440 3776 4377 3499 5511 5591 5604 3761 3849 2956 2753 2936 
5266 4702 5022 5698 5594 5554 4897 3585 4076 3581 3106 4952 4701 3679 2799 6002 4998 4420 3643 4133 3555 4532 3361 6624 6926 
5095 6694 5790 2935 3968 4959 4616 3368 4700 4181 3211 3438 5006 5266 3202 4128 5686 3121 3185 4241 6859 5375 5353 4625 6364 
6360 7594 6012 4858 2884 3942 3684 5508 4058 5177 3974 4991 4969 3615 4207 4458 3469 2916 2544 7236 4723 2910 4408 3316 5002 
5696 6628 5885 4517 4144 6833 3767 4723 3867 4089 3810 5428 4403 5801 2893 4210 4453 4209 2351 6249 5202 4830 3235 3294 4147 
5238 6136 6429 5321 4174 5014 4616 4476 4680 3924 6619 4684 3242 4033 3247 3323 4484 3799 3330 6402 6589 3960 5746 3325 3697 
6003 6698 5955 4698 4860 4725 4661 4814 4156 4273 3500 3650 4355 4042 3669 5066 3858 3538 4694 4811 3814 6536 2794 3957 4471 
5509 5409 5872 6330 4592 4657 4012 3948 3710 4574 6448 3799 3562 4516 3050 3907 2273 2495 5026 5411 6837 6558 6996 6298 6537 
5320 5043 5875 6730 6745 5319 4910 3150 3968 4394 3919 2857 3139 4408 3368 3687 3262 3820 6607 6397 6073 6506 5587 7333 7743 
5924 3827 5041 5560 6111 5309 5656 4851 4322 4298 2580 2987 3897 3766 2601 2500 3396 4871 5855 6320 7002 6142 7503 8166 8276 
4908 4755 3618 4336 4284 4731 4986 1544 4255 3979 3440 3159 2916 2529 3448 3679 4344 4548 4573 4557 5200 6593 6978 7624 8200 
3509 3598 3828 3628 4051 4011 3799 2440 1177 3398 3226 3134 2245 2109 2225 2156 3484 4475 4122 4377 5559 7261 7352 7420 6927 
4889 2595 3122 4319 3506 2431 1801 3448 4048 2036 5076 1794 2082 2370 2209 2336 2506 4007 3715 2989 6235 7055 6811 8515 7452 
4520 2514 2925 4708 6973 2586 1670 4850 4779 7579 5150 2148 2467 2208 2426 2590 4519 3737 6659 1856 5121 6141 7316 7042 7893 
4755 5269 3348 3119 5709 3139 4918 4599 5408 5901 3154 6206 2955 3439 2298 7490 2640 2421 3982 5352 2697 2612 6045 6686 7579 
3898 3159 3547 3133 3780 3392 3798 5044 5150 5578 5042 5598 4331 4364 3022 3192 4134 3804 3349 3557 3362 3640 5874 5001 6610 
3274 4884 3134 6169 4102 5660 5926 5830 5784 5451 5658 5900 5492 4309 4188 3803 3394 3650 4696 3129 3630 4003 3301 5240 5258 
4513 3547 5480 5702 6094 5634 4333 6069 6493 6755 4784 4971 5243 5768 4570 3935 5261 3094 3695 5674 4521 4073 4615 4280 4718 
5157 5859 5788 6440 6213 7189 5095 4940 4241 6265 3333 7325 8815 7882 6053 5370 5638 4778 5262 6225 5851 4676 3705 5615 5486 
6102 6093 5241 5202 6801 7051 4595 4704 2787 1890 1654 6810 5726 7493 6781 7695 5671 5543 5813 5462 6656 4746 4923 4275 4918 
