includes/gis/ASCII_5k/mod13q1_ndvi_2002_097.tif.txt
ncols         25
nrows         20
xllcorner     257482.3972
yllcorner     9670060.6647
cellsize      5000
NODATA_value  -9999
5749 4642 5495 2107 5921 5655 2598 2789 2176 4080 3773 5845 1356 6405 5117 4395 4781 6504 7358 3490 5752 5376 6001 5017 6057 
6222 4854 3469 5514 5471 3439 2142 5205 2798 1481 3876 4858 7854 5084 4087 4926 4549 5878 3438 5624 5729 6386 6807 6145 7731 
4849 3638 4477 3788 4161 3008 3135 2785 4416 3507 3066 3809 5424 5704 3866 3318 2795 3705 3851 3865 6118 7380 5257 6166 6420 
3732 6027 4005 4276 2153 3930 5151 4428 3047 5787 4195 3716 5043 4033 3664 2972 3919 3182 3797 5482 5593 6913 6128 4650 5349 
5374 5222 5563 3630 2725 4714 2908 3100 4963 5928 5243 5664 3586 5039 2659 2853 2227 3781 1727 2904 4111 6541 4345 5018 6463 
2514 5856 6244 4386 4949 5181 3300 4090 2615 6619 5914 2537 3312 4421 3894 4064 1494 2994 4376 6131 5032 5309 7853 6407 6303 
4986 1804 5076 2886 4859 3340 2867 2999 3196 4329 3780 2825 3829 4752 4071 5138 1484 4748 4599 5510 3255 6857 5910 7484 7129 
2458 3405 3507 6235 1915 2798 3284 3161 3255 4096 5855 4046 4811 4091 3017 3876 3734 2986 3832 6096 6388 6760 8163 7967 7691 
4220 881 3072 3480 1405 3249 4334 2693 3887 4661 5983 4328 5255 3985 4424 3201 2334 2960 3667 4987 5258 6984 6084 8433 8436 
4871 1659 2250 3371 2732 3255 3297 3007 2769 3393 3352 3827 3426 4247 3254 2846 3261 3839 5815 5188 7259 6446 3453 8754 7944 
4017 3070 3676 2928 3228 3658 2625 1368 2226 2293 1850 1257 2663 3606 3698 2914 3111 3684 4690 4864 5938 6663 7267 8033 8434 
3173 3776 4202 2340 3109 2184 2392 1725 1307 1767 1566 1934 2754 3258 2076 3142 2871 3088 2633 4589 7216 8039 5619 7486 7703 
5850 3939 3055 3781 2225 3421 1533 4501 2181 1772 3201 2095 2202 2225 2635 1473 2728 3428 3562 2776 6918 7234 4317 4960 7983 
5279 3131 2964 3520 2733 1832 1357 5501 3063 7607 4729 1835 1888 1863 1914 1999 3944 3487 5498 2040 5378 5602 7179 2126 5937 
3864 2360 2201 2466 4174 3152 4294 3101 2640 2944 2378 2097 2386 2659 2445 7994 3882 4192 3923 4637 2166 2437 5571 6298 7636 
2800 1964 2028 2665 2476 2855 6184 5865 4708 4921 3624 3171 2986 4420 3059 3356 4968 4930 3347 3585 2557 2566 5863 4298 6154 
2602 2278 2372 4258 4164 4760 7251 6784 1917 6455 5197 5748 5664 4676 3573 4198 4615 5393 4617 1842 2668 3722 3035 4722 4948 
2848 3938 3217 3972 5228 4098 4427 2323 2187 8725 7219 4778 4941 5515 4894 5452 7054 4206 3799 4211 3634 2567 3120 3798 4179 
3355 3909 3460 4082 2194 5593 1894 6783 395 -9999 8754 8842 8958 7624 5751 5169 7454 6078 5536 5872 5492 3063 2683 4069 5910 
4483 4984 4724 4013 5737 5819 1314 -9999 5229 1908 2788 4730 6096 7625 7337 7963 4950 6176 7310 6485 4679 5696 4526 2750 4027 
