includes/gis/ASCII_5k/mod13q1_ndvi_2001_353.tif.txt
ncols         25
nrows         20
xllcorner     257482.3972
yllcorner     9670060.6647
cellsize      5000
NODATA_value  -9999
2713 3566 6082 4958 6406 4035 4315 2402 3333 6108 5601 7220 6904 8005 5402 -9999 3746 7566 8041 7164 7030 7478 7270 6806 7182 
5576 3672 3783 4437 6408 4927 3526 3811 4064 5406 5869 5374 7007 7344 4856 6931 5972 6608 7503 7702 7101 7585 7495 8448 5981 
4824 6542 5035 2723 4107 2901 3707 3533 3851 4097 5409 5109 5086 7640 5821 5083 7472 5921 7230 7842 7420 8404 -9999 7814 7568 
5331 7117 5246 4475 3727 3960 4744 4465 4850 6147 5740 6128 6202 4797 1823 5639 5146 6322 6653 5076 8419 5730 6318 6362 4857 
5416 5962 4816 4225 5589 3916 4177 3933 4538 5941 5677 6851 6302 6826 6123 4533 5739 6260 5926 5781 5830 5204 6039 7198 7806 
3054 5721 6135 3510 4677 4106 3510 3975 4413 5328 5784 6252 5483 5429 5755 5991 5619 4582 6064 5395 7566 4482 6296 5012 7327 
4592 6935 4159 4124 4460 3072 3314 2916 4496 4958 2407 5165 5998 6636 4110 5188 5915 4910 4955 5957 3437 6176 5840 6450 7076 
4969 4028 3963 5444 2819 2424 2544 2930 4004 2754 4895 4455 5374 4477 4004 4958 5492 4521 4360 2068 6755 3113 2605 7690 7431 
1814 4089 4356 3171 850 2621 4753 4006 2576 3846 2111 3790 4729 5262 4812 5265 2377 3356 5322 5856 6480 4317 6011 7831 8691 
3211 2802 2908 2707 2474 2275 2658 2100 2362 1904 3094 4160 4627 4428 5021 4884 4110 5073 4366 5849 5651 6080 2522 -9999 8690 
3188 2436 2063 2693 2254 2267 1833 1498 2203 2162 1953 3380 3876 4742 4770 5041 3839 5679 4822 4936 5769 7010 3527 -9999 8980 
2434 2306 2423 2409 1797 1620 1700 1774 1205 1795 1792 2044 2714 4091 4398 3960 3965 4696 4977 4751 5572 7473 5473 2660 6298 
2634 1834 1918 2510 2024 1779 1237 3742 2264 2165 2170 1380 2146 2972 4184 4000 3865 4153 5048 3975 7207 5784 5258 2601 7806 
2807 1998 1769 1866 2174 1664 1345 2195 1568 6893 3773 2022 2246 1518 2215 3314 3883 5473 6758 2185 6082 6081 8117 6762 1518 
2235 1823 1368 1422 3391 2050 2680 1834 2043 2094 2162 3348 3448 3090 3548 8157 2531 3676 5450 4466 3649 4946 7448 6604 7842 
2168 1662 1615 1870 2134 2278 2492 2337 2627 2299 3135 3725 2867 3816 3762 3991 4542 4104 3834 4209 4471 5139 7327 5392 7494 
1884 1656 1367 2022 2271 3347 4834 4848 4896 4118 3448 4314 5308 4456 3900 4386 4655 5857 4597 2911 4612 4146 5106 4987 5298 
1818 1447 1822 2214 2816 2881 4083 8095 8135 8405 6523 5653 5928 6389 5279 3523 5363 6343 6103 6483 5062 3928 3627 4075 6384 
2121 3684 2891 3067 2970 4597 7782 8807 8529 8536 8430 8781 8863 7341 7100 7553 7638 6380 7273 6879 6199 4541 4223 4347 5917 
2134 2478 3345 3827 3741 5176 8667 8650 5497 4442 4827 5411 5734 7026 6878 7687 6964 7331 7319 7292 5344 4726 5427 4133 3407 
