includes/gis/ASCII_5k/mod13q1_ndvi_2000_081.tif.txt
ncols         25
nrows         20
xllcorner     257482.3972
yllcorner     9670060.6647
cellsize      5000
NODATA_value  -9999
3262 2907 3222 1985 3529 2714 4146 2131 2452 3403 3187 4629 4761 3900 2689 677 2416 3881 2805 2920 3091 2783 2752 2989 3256 
3310 3341 2488 3247 3523 2574 3019 2732 2940 3461 3276 2584 3484 2628 2504 1000 3511 3703 3706 5143 3383 1010 3989 3786 4695 
3458 3295 3298 2332 3223 2720 3564 2860 1791 1307 4073 3034 3035 3051 1167 3313 3063 2436 3547 839 4401 -9999 4546 5168 2738 
3546 4728 2578 3125 2318 3685 3263 1713 2106 3118 2850 2646 2430 2032 1963 1596 1152 2176 2582 2804 2348 3879 4409 3571 3987 
3402 3716 3044 3271 2385 2656 2715 2401 2293 2663 2857 2666 2911 2243 2347 751 2824 1946 2415 5209 3499 4745 3270 1871 2142 
1952 3239 3345 2671 2985 3406 2354 1873 3199 706 4977 2474 2344 2622 2224 2695 3142 2736 3405 2294 3533 3847 2526 4421 3575 
3376 3147 4057 3152 2571 2212 2450 2922 2353 2021 1204 2506 2385 2118 2200 2416 2927 3041 3076 2543 2714 2041 3885 3755 3904 
2491 2732 2449 2973 2359 2358 2030 2945 2496 1447 1823 2595 2573 2317 2868 2673 2378 2322 2660 2702 4565 5508 5205 5125 6956 
2822 2566 1073 2709 2775 2119 1828 2272 2187 1599 2118 2128 2822 3222 3205 2458 2311 2575 2702 3078 5601 2171 -9999 6415 5881 
3132 2250 2181 2014 2231 2175 1700 2102 2215 1915 2562 1909 2258 2436 3256 2948 2203 2135 2114 2995 4330 4748 3695 2810 5579 
3010 2553 2114 2748 2437 2289 1748 966 1824 1935 1466 2314 2370 3177 2419 2253 1687 2801 2966 2574 3163 5599 4498 -9999 6668 
2474 2306 2552 2016 1932 1520 1813 2238 1029 1866 1894 2052 2415 2342 2511 2318 2327 2664 2648 1798 3030 7427 5404 6076 4805 
2751 2031 1706 2380 1895 1740 1147 3760 2194 1676 2581 1393 2162 2257 2473 2437 2343 2515 2772 2633 3679 4963 4720 6051 6884 
3148 1576 1669 2049 2132 1522 1270 2268 1675 6471 3550 1925 2159 2099 2041 2561 2779 2035 5337 2053 3358 3893 5992 3498 6213 
2870 2767 1789 1905 3419 2041 2759 2008 1852 2164 1915 1911 2355 2475 2482 6216 2263 2391 2686 2850 2010 2236 5966 5084 5359 
2943 1668 1715 2091 1894 2023 2248 1928 1900 2225 2438 2641 2413 2637 2794 2797 3163 3054 1522 2527 3575 1463 5184 4556 1132 
2019 1867 1399 2198 2342 2251 2601 2552 3110 3039 2564 3047 3601 2953 2626 3319 2547 2991 2930 1613 2312 2461 2664 4572 5470 
2365 2594 2426 2291 2247 2527 3017 2181 6155 7847 2236 3869 2884 3185 3993 2084 2538 2537 2734 2485 2109 2518 3058 3587 4696 
2534 3676 3916 3385 2443 2851 3577 7736 7501 1670 6636 9250 9391 6972 5044 4002 3862 3673 3816 2162 3482 2266 2460 4072 6050 
3474 3942 4279 4528 3035 2712 7310 8908 5978 1545 1868 2967 2957 5898 4710 6204 4187 6236 3492 1813 3324 2951 3085 3275 3497 
