includes/gis/ASCII_5k/mod13q1_ndvi_2011_289.tif.txt
ncols         25
nrows         20
xllcorner     257482.3972
yllcorner     9670060.6647
cellsize      5000
NODATA_value  -9999
4945 2887 3145 3105 3750 2513 3575 1835 2299 1949 2531 3998 4690 4748 2583 1665 1842 2502 3124 3369 2267 2604 2492 2172 1957 
3279 2981 2843 3473 3491 2522 2427 2479 1874 2438 2064 2354 2231 2312 2382 3195 2664 2960 2913 2757 2337 2815 2172 3110 3291 
4199 4098 3158 2223 2919 2797 2411 1883 2411 2180 1932 1798 2748 2645 2150 2253 2445 2530 2419 2478 4035 3434 2185 2806 2736 
2708 4210 2598 3055 2323 2630 3156 2551 2188 3041 2097 2259 2685 2145 2146 2159 2243 2934 2777 4302 2482 2133 2629 2318 2732 
3111 2828 2896 2773 2761 3014 2616 2334 2136 2246 2351 2455 2323 2790 1957 1972 2623 2537 2229 3944 3227 3108 2233 2438 2994 
2365 3530 2487 2491 2571 2581 2265 2347 2365 2238 2740 2138 1904 1954 2093 2420 2680 1984 2284 4223 5416 3125 2296 2504 2204 
2348 3652 2994 2850 2543 2316 2723 2276 2049 2056 2096 2093 2474 2773 2675 2240 1897 2489 2093 2837 4169 4512 2272 1912 3268 
2653 2369 1495 3172 2430 2272 2311 2407 2165 2192 2753 2050 2107 2161 2150 2444 2049 1936 1994 2416 4197 4450 5235 6283 6988 
2447 2707 2911 2480 3096 2076 2160 2119 2138 2241 2277 2031 2136 2065 1844 1902 1803 2024 2199 2132 4878 5482 5019 5927 6944 
3070 2247 2800 2477 2221 2387 2600 1808 1699 1812 1774 2114 1986 1992 1950 1864 2186 1818 2071 1808 3011 4572 5312 7647 7285 
3200 2805 2319 2349 2199 2084 1555 1274 1571 1516 1660 1814 1945 2007 2034 1801 2393 2195 1853 1792 2199 4418 5139 7261 5791 
2237 2389 2129 1981 1980 1678 1656 1483 1041 1526 1732 1728 1743 1912 2095 1896 1830 1956 1819 1761 2133 4954 5331 6220 7373 
2420 2305 1843 2573 2047 1794 1543 2576 1893 1474 2159 1107 1762 1738 1872 1880 1619 1911 1677 1672 3588 3267 4748 8418 6986 
2009 1729 2081 1785 2246 1674 1402 2177 1509 5695 3081 1608 1724 1633 1542 1961 2122 2079 3761 1462 2748 2440 4539 5435 6962 
1966 1710 1265 1570 3088 2067 2388 1678 1502 1677 1470 1601 1983 1916 1837 4772 1875 1686 1877 2407 1637 1588 4218 4081 6340 
1776 1498 1581 1500 1675 1759 1901 2049 1888 1960 1962 2165 1803 2320 2124 1901 2208 2008 1753 2755 2478 2234 4218 2781 4858 
1639 2137 1070 1726 1836 2660 2954 2202 2192 2250 2305 2403 2562 2654 2416 2373 1878 2313 2135 1845 4394 4091 2786 4553 4723 
1923 1921 1878 2011 2627 2594 2497 2770 5306 5785 3181 2050 1751 2318 2035 1990 1966 1847 2136 4191 4135 5427 4165 3575 4236 
1670 1903 1998 4135 4051 4537 5538 4588 6616 6462 8253 7448 8334 5472 3096 1925 2075 2423 3889 4816 5306 4384 3967 5479 4874 
1690 1846 2131 2767 3470 4175 5062 6777 4159 1571 5156 5157 5300 6863 7792 7050 2315 4936 4090 5404 6152 3831 5005 4994 4836 
