includes/gis/ASCII_5k/mod13q1_ndvi_2001_017.tif.txt
ncols         25
nrows         20
xllcorner     257482.3972
yllcorner     9670060.6647
cellsize      5000
NODATA_value  -9999
7587 7218 5840 6589 6734 6469 6572 6376 6526 6723 6466 7593 7895 7931 6438 7589 7366 7439 7780 7583 7194 7166 7211 6877 7274 
7502 7538 7537 7064 7168 6498 7024 6779 5690 6957 6278 7234 7385 6864 6632 7820 7904 6940 7022 7440 7440 7395 7458 8155 8262 
6824 7894 7790 7243 6587 6730 6848 6448 7456 6807 6972 6587 6103 6975 6752 6803 7076 5472 7220 7388 7867 8218 8010 7699 8007 
7981 8132 7838 8091 6932 6541 6668 6335 6092 7468 6658 5725 6875 5886 5932 5999 6769 6029 6060 7810 7594 7269 7789 6971 7973 
7750 7653 6867 7530 8051 7421 7207 6621 5568 7097 6748 6840 6399 5679 6094 6328 6164 6747 6650 7623 7106 7461 6650 7746 7626 
6298 6543 7280 7466 8025 7494 6501 6715 7057 6629 8018 6940 5031 5140 5379 6274 6905 5714 6638 7420 8376 7769 8551 7342 7457 
6355 7021 7010 7265 8039 6624 6748 6127 6372 6245 5347 5868 6841 6227 5679 5539 5345 6562 6204 6697 7219 8006 7461 7793 6964 
7360 7167 7357 7200 7467 6691 5697 5943 6737 6676 7538 7183 6972 6171 5566 4970 5086 4775 5093 6503 7551 7978 8345 8466 8453 
6791 7642 7695 7153 7117 7399 7472 7302 7654 7141 7207 5728 6812 5763 4855 6174 4224 5000 3980 5928 6905 7678 6415 7887 8070 
7252 6514 7118 6716 6176 7036 7152 4787 4934 6823 6185 6039 5534 5098 6279 5483 4429 5404 5081 5672 7349 6891 6736 7923 7876 
6440 7406 6538 6212 6261 6473 5688 593 5167 4882 4881 5632 5725 5916 6078 5386 4965 4535 4846 5737 5592 6760 7652 8359 8671 
6072 6365 6739 5971 6839 5500 4889 175 486 5308 864 4862 5388 5245 6654 5265 4730 5858 4946 5444 5813 7574 7446 8302 8490 
5845 6977 5879 6325 7820 7091 949 4548 6029 3776 4340 3983 4717 6651 6673 6005 5675 5856 5503 3625 6874 7456 6617 4878 8323 
6200 3737 5786 6876 6406 3863 1413 6935 6798 7487 7197 2305 4839 5651 5747 5542 7020 6249 8153 2892 6717 6478 7634 6963 4243 
4666 5153 2968 3804 6460 3360 6011 5565 6464 6431 6197 6324 6247 7196 6644 8157 5623 5410 5685 6564 5721 4177 6094 6781 5705 
3084 2842 2440 2079 3946 3766 4709 6413 6151 7185 7942 6817 7050 7267 7799 6148 6195 6550 6579 6245 5803 4860 7068 5743 7383 
3325 2974 1873 2710 3758 5403 6868 7070 7256 7167 7281 6893 7096 7495 7185 6922 6183 7199 6495 6825 7271 5639 4082 5109 5651 
6495 3009 3429 2955 4327 4521 6730 7332 8125 8384 8035 7082 7719 7400 7605 7445 7028 5740 5680 7290 7012 6166 5257 5596 6298 
5414 5598 4450 3627 4230 6155 6697 8955 8899 8549 8677 8990 9193 8106 8379 7463 7961 7390 7134 7405 7131 6292 4776 7227 6806 
6301 5974 5370 4602 5198 4500 8260 8756 5893 5573 5914 5988 6425 7718 7445 8250 7668 6851 7233 6956 7804 6175 6194 5155 5077 
