includes/gis/ASCII_5k/mod13q1_ndvi_2001_161.tif.txt
ncols         25
nrows         20
xllcorner     257482.3972
yllcorner     9670060.6647
cellsize      5000
NODATA_value  -9999
2705 1736 2113 2383 5741 4697 5088 2916 3810 3722 2655 5196 4740 5545 3782 2024 4130 4751 5412 4572 4364 3962 3929 4571 3898 
2197 2659 1652 2826 3063 2656 4649 4064 2925 3771 2828 4445 4833 3556 3760 1382 3813 3561 5107 3221 4829 4981 4259 4847 4697 
4102 3859 3847 3995 2146 3738 4549 3972 2708 2624 3593 3243 3538 2962 2968 4616 2441 3047 4920 5390 3287 5207 4442 3948 3071 
6646 1723 3557 3733 3934 2599 4460 4233 2575 4520 3437 3234 3875 3989 3570 3090 1851 891 3324 3452 2357 2761 3627 3828 3931 
2041 4696 1636 1369 4441 3998 3235 2184 1851 3442 4188 3789 2387 1342 2847 2256 1682 2559 2788 2002 3441 4220 3503 3794 3925 
2300 5098 5705 5199 5738 1944 1744 1313 3738 2693 4809 2005 1899 1839 2160 325 1635 1866 2924 1885 1240 846 4538 4212 3423 
4720 5359 3873 5723 4923 4020 3859 3008 3133 3032 3014 944 3959 2989 1702 2693 1651 3286 3095 2681 1105 5347 4275 4439 4361 
3410 4613 4136 6108 4567 3446 3530 2942 2568 2949 4866 3974 2252 2928 1764 2109 395 2918 3170 3781 835 4881 3377 5450 4506 
4096 3741 4222 5406 5417 3884 4307 3787 3979 3045 2412 3204 3351 2209 2317 1608 1160 1372 2544 3148 5668 1657 5061 2891 3677 
2504 4016 4193 3941 4479 4066 2408 2523 2189 2664 3033 2849 1554 3195 1140 1707 490 1634 2355 2664 3593 4526 1153 6091 6077 
2698 4287 4154 3743 3696 3408 1689 1766 2693 2420 2861 3300 1429 1295 1027 1006 1061 2439 2936 2862 3263 5683 5432 1582 1471 
4446 5246 4661 3721 3095 3115 2591 2425 1054 2152 3049 1495 1067 2531 727 2145 2438 2585 2683 2472 2997 6522 6498 6263 6526 
3515 2269 3480 4565 3726 2851 1531 3212 1549 2552 3061 2177 1954 951 737 361 1142 580 2898 2452 3656 4552 6074 8338 6093 
2671 3275 3121 3112 3461 1854 1709 2988 1446 6704 3549 2565 3197 1765 498 1054 1441 1825 6098 2382 3300 3564 5805 6409 7305 
2600 2746 1987 2450 3761 2614 3860 2036 739 1219 932 1569 2032 1256 1393 826 1261 2767 2609 4342 3083 2745 5691 6390 6758 
2602 2126 1837 2092 2374 2469 2640 2964 1836 614 667 3208 661 668 691 513 1541 4011 2687 3216 3756 3378 5837 5866 7330 
2280 2117 2129 3122 3140 4532 5528 1613 2063 914 959 433 154 376 511 746 1425 3058 3018 3399 3749 3393 3531 4530 5578 
2371 2011 2316 2938 4449 4606 5652 1433 1574 1519 660 688 683 379 1643 944 417 1400 1890 2544 4544 3231 3281 3325 3705 
2743 2802 2696 2660 3832 7672 7238 5246 6085 5753 5429 961 534 618 501 454 662 3222 4208 5329 3992 3466 2945 3743 4673 
3528 3078 3570 3496 4007 6980 8722 7201 5105 5157 4876 4216 6413 3611 642 929 2248 3349 5106 4099 4915 3891 3423 3026 3115 
