includes/gis/ASCII_5k/mod13q1_ndvi_2002_065.tif.txt
ncols         25
nrows         20
xllcorner     257482.3972
yllcorner     9670060.6647
cellsize      5000
NODATA_value  -9999
5766 5973 2480 7162 7342 5322 4686 3871 6423 3828 3131 3024 5033 6331 3586 3808 4018 4709 6275 5943 5742 5456 6107 5440 5975 
6354 6828 6712 4878 5160 1592 5410 3849 2404 2588 4369 6587 6358 1044 2388 3927 3758 5082 4443 5381 5732 5763 5271 6077 6619 
6221 7789 6391 4505 3466 2771 4602 3696 4710 3037 2651 3210 1099 1715 2749 3408 3562 3666 4379 4442 5978 6220 6317 5940 6298 
6967 7107 4300 5260 5821 5514 3553 3258 3092 4717 3898 3865 2980 4008 4292 2769 3306 3445 3935 6082 5795 5918 5984 5509 6753 
6918 6900 6592 4069 3321 5821 5813 3155 4431 4330 2970 2241 2376 4177 4043 5693 5445 3438 3290 5716 4957 5966 5062 5611 6276 
4999 6761 5685 3224 5363 5536 4624 2955 5572 3365 8750 4312 4313 3450 2237 1816 5010 1191 3814 5650 6543 5489 6572 5827 6359 
4481 6211 5412 1524 3115 4620 3594 2814 2808 3798 3472 2573 3206 3711 2680 1589 898 3628 3986 4436 5020 6770 6201 6184 6311 
3051 3390 4048 4102 3281 3757 3137 3476 2570 3650 2502 4547 2855 2680 2296 2305 2144 2171 3260 4745 6153 6497 7193 7197 7457 
6624 5161 4666 5247 4696 4166 5270 2525 3713 4541 2136 2856 -9999 4534 2926 3287 2794 2946 3319 4097 5898 6210 6015 7063 7576 
4791 4958 3518 3752 1940 872 2091 2437 2421 3294 2481 4124 3240 3549 3597 3056 5448 1792 3329 4028 6028 5775 7193 7341 7223 
5191 4305 4744 3922 2102 2657 3049 1399 1813 4277 2401 2700 3623 2682 2054 1834 2391 2365 928 2674 3669 5604 3237 7324 7657 
6324 4658 3912 2519 3249 1897 1770 1474 1382 2081 2020 1904 2146 2456 2107 2162 4002 2551 2594 3011 4647 6876 5218 4700 7393 
6509 3717 3522 5439 3396 2870 780 3881 1898 1797 2788 1362 2169 696 2042 2444 2500 3923 3088 2246 5971 5553 3498 3951 6412 
4232 4034 3890 2997 1816 1843 1409 2657 1937 6608 5158 1954 2222 1697 2510 2211 5390 4933 5336 1830 4687 5036 5527 5272 5078 
1901 3602 2356 2436 3973 2796 3660 2608 1844 2625 2484 2152 3117 3967 4984 8221 4994 4916 5848 3448 1966 2383 5891 5861 5140 
2371 1742 2021 2501 3611 2703 4366 2051 5775 3906 2983 4433 2864 6002 2737 5660 5507 3797 2415 3506 3578 2573 6605 5081 3671 
1987 1725 1837 4012 4614 4751 4336 3575 3150 5122 5133 3744 1598 6495 5425 5441 3375 3306 2903 2833 2711 909 3812 6099 5083 
1872 1783 2945 2858 3150 4418 4895 3020 8071 5806 5406 5478 4108 7066 4637 4094 2362 4693 3608 3750 3807 3675 4042 5390 5338 
3054 7075 3442 3948 4373 4048 3948 8650 9046 9001 3981 -9999 7839 6467 5667 4810 4840 4439 5027 4482 4631 2829 3097 6186 5553 
3050 3697 3469 2199 3656 3261 3234 1682 4590 2382 648 1819 1713 1641 6074 7388 4678 5322 5878 4257 4086 3731 4299 3886 3931 
