includes/gis/ASCII_5k/mod13q1_ndvi_2000_273.tif.txt
ncols         25
nrows         20
xllcorner     257482.3972
yllcorner     9670060.6647
cellsize      5000
NODATA_value  -9999
2437 2161 2515 2659 2622 1939 3109 1759 2063 2103 2012 2539 3024 2453 1539 1780 1812 2648 2424 2688 2323 2376 2395 1933 2169 
2167 2489 1992 2568 2776 2150 2460 2128 1697 2182 2032 2462 2398 2385 1737 2600 2374 2633 2743 2672 2526 2911 2233 2961 3304 
2507 2914 2696 1832 2182 2041 2156 1839 2124 2020 1861 1809 2101 2077 2054 1992 1996 2001 2645 2335 3594 2761 2748 3686 3005 
2548 3177 2268 2383 2044 2260 2087 2233 2102 2605 2068 2005 2117 1813 2014 1855 2217 1852 1990 3810 2666 2514 2796 2328 3384 
2635 2741 2495 2380 2553 2338 2124 2023 1982 2111 2326 2105 2099 2670 1789 1908 2408 2092 2193 3807 2346 3149 2214 2528 3360 
2107 2544 2686 2427 2447 2567 1664 1895 2046 1976 2610 2045 1803 1937 1680 2053 2331 1907 2487 4173 4132 2588 3422 2695 2947 
2419 2808 2813 2538 2152 1985 1962 1943 1806 1937 1832 1879 2041 1971 1893 1953 2076 2344 1986 2533 1800 4474 2461 2676 3614 
2520 2418 2206 2888 2179 2123 1891 2017 2272 1911 2305 2104 2040 2105 1961 2099 2009 1988 2007 2176 3569 5023 3754 3432 3853 
2350 2569 2430 2282 2630 1836 1892 1719 1890 1910 1952 1837 2241 2126 1949 1947 1693 1855 1968 2250 5947 2946 4161 5246 4831 
2681 1621 1916 1980 1870 1994 2000 1776 1784 1737 1850 2041 1773 1849 2490 1781 1967 1739 2028 2083 3328 2393 5355 4660 3726 
2633 2405 2022 2123 1854 1782 1755 1481 1654 1626 1526 1822 1944 1924 2097 1786 2046 1772 1807 1884 2134 3722 2692 3918 4101 
2121 1989 1913 1666 1620 1306 1384 1663 1008 1664 1453 1503 1625 1817 1995 1819 1793 2123 1713 1862 1966 5672 3239 2858 4164 
2288 1877 1664 1927 1852 1438 1058 2561 1768 1537 2038 947 1653 1647 1810 1853 1672 1746 2040 1624 2776 2897 3093 7137 3722 
1890 1416 1581 1791 1811 1429 1273 1981 1361 5165 2324 1486 1597 1560 1464 1536 2025 1830 3912 1251 2232 2498 3602 2649 4080 
1690 1705 1362 1340 2602 2011 2226 1583 1497 1549 1538 1412 1819 1769 1638 4371 1622 1868 1792 2350 1463 1641 4084 2542 3323 
1750 1265 1251 1482 1553 1563 1847 1471 1517 1892 1825 2150 1707 2139 2473 1742 2043 1988 1495 1901 2091 1656 4025 2173 2447 
1474 1427 1104 1638 1890 2159 2124 1910 1979 1861 1906 2098 2240 2214 1926 2106 1736 2235 2060 1522 1654 1696 1835 2481 3862 
1593 1252 1560 1618 2107 1987 2349 1575 6375 5646 2755 1624 1755 2316 2004 1576 1781 1867 1945 2401 1669 1708 1731 2411 2752 
1514 1745 1894 2086 1940 2302 2583 1926 1995 581 1277 4404 8143 4715 2519 1876 2254 1753 1872 2148 2259 1816 1788 2499 3788 
1532 1610 2269 2380 1952 2440 4428 3240 1270 2477 2970 4789 5833 6183 6738 4024 1993 2835 1694 1898 2167 2176 2388 1972 2189 
