includes/gis/ASCII_5k/mod13q1_ndvi_2008_225.tif.txt
ncols         25
nrows         20
xllcorner     257482.3972
yllcorner     9670060.6647
cellsize      5000
NODATA_value  -9999
2640 2504 3014 2928 2530 2689 3742 1336 2436 1873 2277 3208 2492 3098 2075 2441 2485 2855 3088 2875 2614 2822 2862 2616 2429 
2495 2718 2631 2857 3059 2664 2890 2395 1886 2727 2523 2796 2948 2308 2424 2721 2949 2862 2737 2735 2817 3075 2739 3123 3456 
3167 3542 2873 2498 2804 2735 2595 2477 2360 1771 2149 2301 2800 2722 2417 2612 2524 2658 3027 2815 3338 3143 3116 3002 2991 
2871 3819 2560 2798 2443 2735 2562 1552 2683 2357 2335 2470 2699 2279 2521 2450 2979 2552 2439 4365 3022 2708 2878 2493 3067 
2751 3097 2670 2743 2901 2613 1156 2583 2428 2534 2589 2653 2391 2898 2369 2026 2603 2353 2396 3731 3020 3176 2441 2697 2463 
2478 2865 2891 2839 2534 2832 2325 2042 1983 2522 3100 1749 2288 2615 2261 2250 2444 2136 2440 3726 3032 3311 2784 2962 2696 
2515 2707 3370 2766 2715 2552 1554 2059 1188 2571 2136 1965 2561 3014 2453 2427 2259 2326 2430 3098 3247 4832 2746 2793 3160 
2691 2369 2471 3031 2670 2199 2300 2215 2159 2257 2623 1717 2553 2336 2066 2321 2089 1905 2143 2368 3470 5072 4201 3601 4095 
2361 2463 2674 2604 3096 2316 2134 2065 2275 2290 2244 2511 2471 2163 2117 2054 1891 2220 2500 2445 4638 3700 4663 5265 4587 
2726 1926 2479 2552 2253 2423 2326 2265 2081 2123 2008 2211 2307 2312 2228 1910 2108 1991 1974 2121 2877 3787 4464 5377 3843 
2694 2609 2179 2354 2240 2193 1948 1355 1781 1881 1753 2208 2071 2245 2189 1934 2123 2218 1987 2145 2446 4366 3398 4964 4290 
2283 2125 2221 1843 1778 1709 1694 1616 1015 1725 1569 1953 1955 2033 2069 1918 1804 2103 1899 1893 2445 5612 4691 3230 4609 
2310 2191 2037 2236 2029 1431 1470 2580 1930 1497 2105 1312 1969 1778 2028 2069 1876 2006 1836 1677 2516 2701 3672 7520 3451 
2149 1751 1974 1854 2302 1328 1513 2157 1453 5309 2387 1630 2055 1701 1701 1905 2172 1974 3217 1332 2230 2297 3602 3740 4859 
2385 1959 1461 1587 2756 1954 2529 1731 1619 1567 1760 1663 1952 2031 1776 4803 2042 1835 1899 2753 1536 1609 3905 3032 4478 
2091 1642 1299 1677 1750 1830 1894 2093 2396 2182 2098 2415 2088 2310 2053 1879 2134 2023 1810 2002 2267 1887 3575 2474 2998 
2023 1723 1370 1720 2079 2253 2359 1297 2131 1388 2668 2414 2810 2773 2544 2357 1880 2535 2301 1541 2124 1912 1973 2564 3902 
1934 1589 1815 1989 2777 2596 1722 523 983 683 471 668 713 2608 2709 2163 2650 1940 2153 2679 1922 1635 1884 2062 2502 
1498 1585 1973 2212 2138 2574 2399 831 5291 632 339 288 650 1115 3411 2901 2390 2309 2165 2605 2535 1658 1554 2155 3314 
1886 1898 2275 2353 2166 3291 7964 7903 5120 5046 1922 4594 1512 417 1136 6964 3554 3242 2237 2465 2549 2157 2342 2012 2460 
