includes/gis/ASCII_5k/mod13q1_ndvi_2014_081.tif.txt
ncols         25
nrows         20
xllcorner     257482.3972
yllcorner     9670060.6647
cellsize      5000
NODATA_value  -9999
6256 5771 6304 5855 6614 6406 6851 4970 4421 4438 5069 5883 6588 6500 3995 4619 4187 5233 5938 6453 4595 4851 4727 5006 4673 
6311 6221 6177 6401 6842 5960 6075 5861 5004 2893 5003 4792 5768 5667 4189 5090 5204 4746 4769 5193 4777 4435 4868 7943 7842 
5116 5247 6541 5775 6463 6798 4951 5481 6314 -9999 2953 4705 5097 6106 4860 4717 4812 3849 4578 5107 5487 7573 7026 5677 6456 
5494 7190 5771 6187 5855 5995 6925 6123 6036 6006 4600 5091 5549 4099 4804 4302 5444 2814 3184 7025 5251 4527 5687 4621 6589 
4542 5259 5808 6169 5767 7217 5471 5632 3277 5952 5124 6415 4494 6090 3812 4154 6234 4373 3722 6862 6121 5602 4978 5505 5967 
4120 5125 6154 5789 4427 4879 5845 5227 6934 3324 8695 5543 4166 4459 3531 4180 4284 3285 4668 3156 5845 6419 5844 5065 4822 
3991 2811 -9999 3654 5060 1751 4812 2946 5147 3911 4663 4977 5107 5585 5000 4209 4273 4545 4262 6461 5863 3208 3520 6024 6183 
3838 3868 5299 3114 4967 3980 4169 5586 -9999 3908 6721 3554 4917 4730 3139 4318 3396 3856 4752 5881 6253 6754 8314 8078 7548 
5943 3432 5634 4275 5055 3888 3381 5224 5977 5378 5454 4505 5000 5379 3964 3606 3505 2778 1104 4612 1031 5473 6886 7782 -9999 
4191 4933 4388 4654 4814 3174 4236 3384 5107 4744 3179 5119 5412 5331 4853 4382 3183 5744 4421 4384 -9999 6060 6436 7356 7979 
5658 5905 3683 3925 3078 3515 3312 1812 5353 5168 3623 5218 4748 6565 4966 3656 4498 4495 3911 5016 3736 3743 1251 5375 8490 
4649 4971 4026 2231 4373 4022 4073 2150 1258 4096 2424 3460 5431 5637 5937 5249 4623 4791 5433 4326 4845 2865 -9999 2064 6721 
5430 1782 3103 4220 2465 3365 1669 3651 5174 2365 3840 2999 2489 6176 3976 5131 4597 4884 4394 4705 7094 6956 6022 5080 5521 
4197 3098 3577 2651 3270 2330 1439 4955 3265 7728 5236 2043 3112 2483 3904 5374 5685 5622 7238 2485 6018 6843 6245 3222 2537 
4411 3184 2330 3148 4674 2587 7016 4212 3573 5998 3555 4835 4362 4525 4616 7793 4556 4488 3847 6257 2437 3000 6034 -9999 3905 
4455 2140 3151 2363 3778 5229 5829 5749 6623 3561 6682 6312 5671 5915 5768 4740 5703 4284 3457 4101 6312 5050 6743 4246 2836 
3258 5015 3379 3546 3863 6703 5957 7248 6335 4807 5786 5942 4852 6208 5728 4351 3500 4696 4680 3347 6366 5297 5092 4363 3513 
6264 4542 3002 3702 6573 6972 6540 2928 8138 7944 6039 5344 6829 6960 5905 5984 6809 5146 4273 5757 5846 4486 4470 4060 5672 
3946 4186 3803 5120 5203 4797 4403 6041 5248 6877 3146 5597 3326 7563 7006 6335 6119 6439 5174 4714 7165 2419 2517 4741 6365 
5567 3977 5074 5371 4775 4285 4168 1605 4502 3573 2777 2165 2690 7246 6905 8380 6617 6944 3523 4541 5218 4112 4241 3493 4957 
