includes/gis/ASCII_5k/mod13q1_ndvi_2018_017.tif.txt
ncols         25
nrows         20
xllcorner     257482.3972
yllcorner     9670060.6647
cellsize      5000
NODATA_value  -9999
3121 2691 4495 3434 3886 3326 4096 2466 2654 3586 3258 3600 4046 4765 2230 1940 3627 4106 3462 3059 2268 2715 2594 2635 2301 
2557 3163 2861 3721 3469 2808 3584 2910 2837 2684 2979 2751 3199 4623 2787 2935 3942 3225 3085 2721 2579 2899 2620 3351 3153 
2852 3719 3095 3202 3765 2886 2878 2161 3362 2243 3242 2448 3114 3496 2725 2752 2506 3004 2523 2559 4302 3599 3047 2898 3831 
3600 5107 4361 2998 2920 2992 3007 3700 2788 3199 2820 2966 3244 2536 2733 2746 2913 2597 2514 6190 2708 2426 2556 2301 4404 
3204 3301 3666 3267 3089 3334 3046 2855 2340 2483 2964 3410 3647 3865 2340 2490 3293 3175 2609 4627 2700 3184 2388 3921 4282 
2234 3246 2331 2912 3155 2608 3007 3029 1967 2316 2435 2460 2420 2642 2036 2480 2498 2182 2666 4433 4777 3460 2574 2914 3706 
2556 3651 3902 3253 3229 2476 2441 2511 2379 2568 2332 2199 2639 2810 2315 2173 2078 2217 2833 4194 4416 5549 2964 3586 3660 
2486 3219 3363 4193 3587 2762 2754 2663 2181 2275 3420 2060 2426 2888 1934 2161 2258 1813 2082 2542 5461 6497 6745 5012 4779 
2944 3409 3036 3570 4384 3176 2629 2355 2324 3171 2859 1975 2656 2388 2653 2073 1682 1901 2118 2550 4974 5551 5776 6800 6040 
4094 3299 3165 3861 3148 2870 2105 2052 1915 2379 2525 3095 2673 2631 2440 2668 2022 1909 1552 2763 3603 6029 6343 7309 4941 
3565 4236 2560 2628 2496 2134 1900 1256 2136 2405 2352 2389 2313 2471 2331 1729 2746 1908 1673 2050 2541 5675 6347 7400 7170 
2811 3108 2552 2102 1765 1408 1528 1361 1019 1797 1832 1940 1733 2266 1920 1770 1618 1698 1603 1877 2458 7138 6858 7684 7885 
2701 2277 1842 2703 2183 1521 1355 2664 2402 1524 1974 1113 1871 2178 2487 1991 1628 1980 1702 1524 2868 3677 5759 8515 7664 
2065 1493 1867 1643 3348 1449 1366 2662 1833 6962 3241 1555 1946 1997 2040 2125 2340 1765 5049 1264 2668 2836 4268 5812 7495 
2431 2202 1440 1688 2780 1837 2732 2175 1713 2537 1808 2008 2318 2139 2549 6481 2104 1664 1801 4043 1600 1849 4936 4728 6641 
2026 1519 2730 1649 1686 1814 2698 3312 2911 2813 2272 2915 3123 3016 2762 2178 2307 2401 2034 2110 2806 2570 4945 2977 4105 
1862 2625 1573 2529 2211 2797 3800 3533 3859 4307 3917 4675 5099 3472 2867 2859 3072 4069 2678 1485 2758 2262 2902 3392 4346 
2921 1536 1917 2104 3077 3705 4504 5511 8004 8331 6766 6359 5829 3876 2760 3775 4866 3573 3214 3643 3130 2923 2253 2701 3612 
2395 2669 2555 2934 2707 3786 6267 8708 8482 8392 8294 8595 8768 8146 7093 6295 4837 4475 3956 3836 3681 2368 1759 2182 4016 
2283 2656 3115 3578 3024 3647 7684 8856 6251 4983 5507 5884 6196 7585 8385 7787 7059 6274 4470 5232 3911 2711 2685 1757 2831 
