includes/gis/ASCII_5k/mod13q1_ndvi_2003_353.tif.txt
ncols         25
nrows         20
xllcorner     257482.3972
yllcorner     9670060.6647
cellsize      5000
NODATA_value  -9999
3908 3240 4356 4143 4672 3296 4236 2260 2967 2888 3085 5808 5862 5523 3231 3649 3931 4432 5020 4972 4280 4044 3893 3608 3185 
3484 3088 3133 4190 4702 3652 3750 3062 2555 3044 3185 3842 4476 2956 2577 3457 4107 3941 3755 4344 3934 4134 4666 4840 4623 
3552 4876 3961 2830 4122 3353 3386 2505 3278 2694 2826 2835 4170 3767 2690 2563 2962 3402 4297 4069 5976 5281 4551 4706 4968 
3801 5269 3293 3252 3142 3207 3350 2968 3010 3741 3515 3342 4171 3218 3133 3771 3209 2800 3075 6551 4310 3437 4251 4006 5387 
3153 4386 4140 3743 3580 3409 2695 2585 2966 3299 3268 3912 3852 5109 2662 2676 3473 3557 2703 6645 4776 4996 4285 5147 5701 
2804 3778 4022 3524 3575 3344 2517 2546 2797 3589 4304 3608 3592 3298 2632 2887 3043 2395 3771 5837 5877 5489 6257 5725 5686 
2970 3674 4235 4018 3162 2963 2845 2562 2563 2700 2956 2773 3413 3365 2751 2383 2979 3076 2656 4414 5302 7416 6194 7147 6138 
3459 3101 3091 4461 3246 2743 2568 2672 2212 2147 3145 2603 2569 2459 2111 2554 2412 2728 2959 4176 6738 7021 7022 7103 7291 
3079 3052 3839 4199 5243 2933 2769 2172 2137 2205 1887 2057 2700 2224 2199 2381 2103 2464 2899 4151 6246 6113 6820 8214 7750 
3410 2416 2857 2835 2858 2771 2264 2031 1925 1982 1949 2158 1989 2110 2245 2150 2584 2046 2334 4046 6823 5376 7631 7793 7800 
3286 2899 2465 3571 3038 2653 2140 1196 1737 1824 1749 1963 2050 2225 2217 2016 2453 2239 2208 3612 5110 6654 6730 7685 8264 
2672 2646 2177 1803 2088 1874 1606 1536 1110 2032 1879 2022 1979 2392 2420 2033 2034 2623 2586 2808 4895 7239 7361 7370 7950 
3022 2336 2064 2360 1999 1789 1350 3889 2139 1681 2464 1216 2013 2026 2618 2571 2450 2798 2819 2286 5374 5779 6677 8260 7328 
2355 1863 1889 2013 2223 1694 1419 2280 1514 6246 4540 1701 2190 1823 2063 2102 2935 2693 4208 1495 4971 4294 7076 6605 7600 
2081 1868 1394 1644 3498 2284 2643 1898 1791 1614 1694 1887 2170 2173 2278 6903 2045 2280 2577 4320 2367 2363 5680 4873 6776 
1947 1702 1845 1647 2154 2311 2807 1938 2193 2780 2170 3421 2451 3054 2947 2646 2880 3485 2580 2352 3110 2651 6092 3650 5016 
1765 1665 1329 2216 2460 2722 3765 4531 4858 5223 5530 5949 4726 3972 3256 3089 3282 4309 3669 1760 2502 2786 3116 3717 4629 
1959 1628 2258 2491 3229 3947 4946 7626 8231 8229 6340 5513 5981 4676 4275 4273 5567 3461 3819 4375 3115 1985 2144 3133 4101 
2063 1765 2245 3049 3195 3828 4685 8861 8310 8175 8135 8449 7977 7949 7507 7136 7076 4847 4354 4606 4095 2843 2565 3216 4477 
1996 2163 3051 2959 2777 5695 8938 8131 5725 5255 5469 6075 5769 6988 6212 8035 7336 6671 5046 4624 4910 3551 3707 2604 2546 
