includes/gis/ASCII_5k/mod13q1_ndvi_2014_065.tif.txt
ncols         25
nrows         20
xllcorner     257482.3972
yllcorner     9670060.6647
cellsize      5000
NODATA_value  -9999
6554 3579 2246 4768 4635 6291 7211 4034 4524 4470 3855 6023 6748 6836 4192 2655 2228 3024 5445 4368 3557 4193 2499 3573 3308 
-9999 4306 5368 6983 5758 5531 1241 5329 4156 4531 5073 5803 6036 5252 2939 4650 3047 4449 1888 2890 3410 4538 3993 3337 5013 
4101 5220 4348 5085 5572 5055 6077 5315 5730 5084 4617 4284 6176 5388 3528 4511 4741 3728 2482 3906 5745 5488 5233 3459 4173 
2961 4139 4195 4732 3495 3727 6697 6099 5962 5706 4624 5452 3202 3216 1366 3360 4373 3052 1600 2575 1464 2671 3544 2117 3532 
4522 -9999 4118 5803 3933 6134 3600 6094 5294 6035 4644 6567 5490 5322 3036 2535 4829 2789 1455 5214 3933 4257 2021 3316 4876 
3378 3022 5495 5031 3638 2409 5298 5941 6525 2722 7346 6853 5153 4480 2054 4294 5107 2514 1891 4814 6358 -9999 5349 1628 3734 
5123 5584 6293 6270 4020 5194 4148 4533 5004 4081 5843 6046 5975 6286 4456 4197 4480 4816 4106 6261 5755 5007 5076 3926 4282 
5761 4691 4829 4069 3977 4711 4242 4828 3189 4169 6899 5623 5826 5409 3635 4550 4036 4290 4015 5152 6615 7027 7840 6163 -9999 
6739 5792 4400 5143 4504 3737 4148 5146 5040 5576 6247 5522 5717 5097 4453 3851 3966 4660 3610 4167 5337 3802 3322 7339 5768 
3058 4228 4866 3211 1634 3055 3843 3812 4003 5077 4642 5176 5757 5516 4234 3682 3739 3482 2302 4946 6724 7074 6755 5162 5624 
4321 5211 3784 2998 3329 3473 2523 1678 4157 4290 3310 5610 4854 5334 4748 4182 4432 4936 3042 4246 4628 6536 7388 4346 7849 
4325 3888 3827 2630 3378 3311 2847 2195 1449 2474 2979 2828 3894 5374 5738 5103 5059 5181 4298 4570 5200 7472 7223 7115 7846 
5229 4639 3449 4072 2795 2783 1777 3379 4374 2431 3613 2848 3055 3506 4663 5118 4615 5112 3818 2574 7454 6737 6450 7444 4953 
5179 3225 3503 2727 4594 2091 1589 4996 3393 7272 4914 2669 3425 3477 4005 5528 5775 5563 6916 2095 6169 6575 7975 7006 5266 
3538 3255 2359 2771 4721 2673 4745 3152 3519 4263 2808 3511 4132 4571 4504 7492 4518 4584 4828 5565 2266 3321 6760 5994 7484 
3432 2205 2933 2830 1789 3467 6010 5684 5135 4660 4554 5560 4689 5307 4275 4665 5745 5453 4907 4396 5836 5337 6699 6090 6685 
3309 3378 1775 3042 4384 5570 6344 6020 5528 5778 5835 6609 6617 6326 5465 5380 5089 5786 5083 3360 6151 5735 5136 5825 4993 
3997 2762 3230 3759 4927 5290 5517 5617 8173 8179 7332 6665 7159 7044 5845 5457 6417 5386 5718 6204 5892 4800 4093 4992 4103 
3663 3888 3680 5094 5359 5398 6930 5114 8523 8463 8393 8721 8832 7882 7339 6781 6094 6432 5871 6533 6560 4958 2596 4715 6770 
4062 3669 4980 5869 5089 4635 8197 8823 6315 5033 5841 6047 6334 7518 8484 7867 6456 6435 5371 6021 6026 5184 4495 3756 4069 
