includes/gis/ASCII_5k/mod13q1_ndvi_2004_321.tif.txt
ncols         25
nrows         20
xllcorner     257482.3972
yllcorner     9670060.6647
cellsize      5000
NODATA_value  -9999
3465 2865 4347 4299 4751 2711 4430 1879 2842 2316 2470 5207 6221 4604 1379 1262 2186 2778 2903 3036 2562 2512 2152 1845 2041 
2927 3060 2641 3348 3596 2906 3048 2794 2454 2753 3950 4292 4578 2210 2072 2524 3458 3210 3232 2019 2861 4039 2893 5442 5923 
3316 4398 3648 2298 3288 2789 2893 2192 3063 2754 2162 2302 3181 2499 2109 2216 2194 2511 1296 2950 6014 4720 3623 3512 3627 
3065 4114 2680 3026 2453 2726 2857 3023 3464 3865 2674 2462 3805 2107 1959 2063 2005 1904 2162 4945 2744 1654 4805 2425 4466 
2892 3437 3122 3227 3210 3200 2838 2698 2597 2827 2600 3843 2946 4888 1940 1920 2573 3100 2148 3350 2971 3082 1931 2752 3501 
2379 3322 3557 3020 3458 3250 2734 2274 2309 2688 3150 2673 2505 2413 2335 2160 2731 2013 940 3908 3970 3471 1699 3647 3129 
3599 4152 3801 3475 2655 2486 2296 2354 2229 2173 2289 2118 2446 2427 2774 2206 2297 2397 1675 4610 1748 4017 2357 2918 3709 
3864 2405 2663 3261 2737 2378 2341 2281 2307 2337 2482 2451 2962 2734 2013 2110 1985 1648 1997 2255 4922 6831 6089 6010 6101 
2652 3338 3724 3540 3804 2378 2213 1982 2114 2267 2132 2056 2403 2267 2021 1932 1681 1773 2265 2927 5654 5563 5556 6714 7688 
3805 2624 2931 2653 2715 2688 2284 2023 1909 1948 1852 2092 1753 1871 2311 2289 2961 2445 2207 3663 5473 1504 3823 7112 3898 
2669 2709 2344 2693 2215 1995 1795 1279 1761 1771 1744 1939 1950 2070 2137 1864 2146 2024 1969 2562 3401 6515 4684 4331 4378 
2260 2075 2114 1908 2030 1786 1602 1396 1093 1748 1726 1772 1888 1935 2055 1810 1828 2253 1837 2317 2934 6310 6356 6544 3860 
2717 2102 1826 2511 2156 1820 1231 2599 1902 1440 2158 951 1922 1762 2124 2335 2037 2057 1938 1607 3773 4335 5176 5259 6933 
2123 1520 1656 1908 2014 1444 1389 2272 1343 4946 2856 1578 1876 1576 1805 1739 2424 2094 3269 1439 3241 3239 5645 5666 6467 
2683 1993 1543 1593 3173 2000 2533 1717 1643 1653 1623 1645 1974 1996 2071 5484 1958 2031 2868 2600 1667 1660 5720 4845 5766 
1990 1730 1594 1848 1624 1888 2188 1916 1891 2064 1993 2397 2016 3136 2192 2341 2515 2213 2374 2917 3611 2259 5936 3611 4683 
1689 1595 1415 2576 2701 2209 2498 3123 2717 2280 2480 2611 2576 2858 2235 2282 2130 2750 2451 1969 3236 2688 3198 3816 5195 
1864 1515 2068 2399 3801 3454 3329 2781 6748 6903 3456 2394 2022 2484 2045 1880 2223 2108 2516 4827 4235 2532 3558 4587 5172 
1951 2079 2297 2604 3506 4664 8064 8480 8165 8153 8124 8457 8481 6038 2939 2847 4455 3247 4843 5291 6114 3983 3366 3989 5914 
1883 2157 2951 2776 3285 7719 8666 8411 5781 5248 5357 5835 3898 6616 5556 6640 3138 4405 5244 5187 6279 5040 4858 2687 2928 
