includes/gis/ASCII_5k/mod13q1_ndvi_2010_209.tif.txt
ncols         25
nrows         20
xllcorner     257482.3972
yllcorner     9670060.6647
cellsize      5000
NODATA_value  -9999
835 2944 4052 4320 3440 3336 3676 2713 3235 3175 3008 3789 3449 1781 2912 2408 2813 2417 2868 1806 2464 2807 3157 2811 2643 
3531 1973 2692 4110 3852 3064 2814 2567 2442 3275 1099 2159 2987 3334 2853 2990 3371 3147 2933 3162 3517 3421 2913 3551 3486 
2018 4680 3533 2613 3901 2960 2513 2334 3330 1243 2901 1163 3120 3152 1237 2682 2888 2504 2795 2797 3971 3484 3212 3321 3145 
3556 3813 3706 3236 3872 3928 3150 4578 2779 1150 2033 1663 1410 2535 2361 2825 3325 2771 2523 4509 2908 2599 3327 2740 2951 
3399 3688 3986 2320 3057 5033 3078 2231 2067 2060 1507 1225 3034 2911 2565 2681 2922 2744 2209 3973 2663 3148 2479 3170 3314 
2762 3080 2959 2013 3573 3025 2712 2042 2780 2783 3695 1318 2008 2669 1955 2440 2541 2068 2538 3740 2740 3478 3699 4252 3611 
2846 2412 3687 3701 2957 2017 3183 2534 1800 917 1817 2626 2485 1849 1860 2539 2168 2203 2348 2951 2773 4966 3538 3991 3584 
3068 1891 2933 3889 1911 2860 2931 2269 2556 1960 2960 1259 2452 2395 2389 2373 2267 2387 2087 2502 3759 5592 4517 4661 3488 
1927 3283 3463 3123 3229 2256 1573 2102 2152 2140 1989 2997 2360 2239 1968 2057 1765 2229 2405 2457 4607 2486 5208 6116 4996 
3260 2765 2790 2883 2693 2553 2306 2047 2176 1762 1886 2128 2111 2196 2280 2012 1995 2191 2162 2569 2850 3059 4498 5508 4274 
2350 3532 2290 2768 1998 2121 2130 1631 1920 1722 2241 2669 2131 2127 2254 2082 2198 2072 1930 2219 2726 4725 3540 5613 4978 
2217 2218 2353 1929 2043 2110 1500 1657 1257 1791 2175 2195 1973 2175 2510 2085 1834 2214 2196 2212 2712 6161 4524 5292 5491 
2443 2144 1925 2127 2082 2493 1353 3014 2304 2003 2913 1437 1912 2252 2354 2138 1771 2081 1823 1779 2793 2984 4082 7817 4155 
2117 1862 1958 1990 2969 1614 1490 2522 1855 5817 3318 1681 2217 1999 1827 2126 2293 2160 4072 1297 2420 2285 3757 4535 5773 
2127 1889 1446 1719 3739 2111 2879 2232 1832 2059 2310 1802 2106 2403 1969 5363 2166 1939 1774 2848 2004 2025 4560 4018 5322 
1965 1661 1662 1732 1927 1978 2264 2329 2240 2278 2162 2631 2233 2480 2499 2197 2309 2365 1891 2036 2603 2394 4409 3532 4419 
1922 2242 1376 1907 2081 2553 2617 2388 2472 2740 2861 2780 3105 2981 2864 2694 2198 2724 2153 1773 2796 3148 2743 3151 3211 
2201 1593 1825 2037 2380 2281 3329 1542 2162 1425 5494 1864 1076 1154 2462 2801 3316 2313 2168 2781 2339 2582 2425 2385 2901 
1878 2037 2234 2471 2422 3527 3043 634 5804 3087 436 946 717 2743 4293 3476 3519 2685 2361 2796 2988 2471 1977 2587 3440 
1986 2191 2428 2588 2787 4005 3903 8083 6311 5769 6517 5255 6449 783 5200 7752 4346 3593 2760 2756 2778 2551 2429 2010 2760 
