includes/gis/ASCII_5k/mod13q1_ndvi_2016_257.tif.txt
ncols         25
nrows         20
xllcorner     257482.3972
yllcorner     9670060.6647
cellsize      5000
NODATA_value  -9999
2873 2738 3465 3759 3667 3177 3240 2388 2485 2284 2333 2524 2778 2833 1683 1387 1914 2604 2377 2631 2363 2373 2300 2142 2133 
2742 2816 2801 2938 3223 2565 2978 2744 2058 2382 1845 2395 2564 2929 1805 2314 2490 2733 2651 2200 2354 2706 2215 2638 2816 
3330 3400 3010 2581 2884 2709 2498 2106 2342 2035 2187 2055 2543 2541 2058 1986 1932 2040 2215 2109 3449 2766 2501 2583 2598 
2931 3752 2898 2826 2695 2716 2726 2798 2355 2713 2275 2292 2478 2247 1945 2086 2311 1852 2045 3960 2191 2233 2399 2303 2733 
2706 2948 2798 2858 2789 4250 2841 2715 2443 2834 2789 2708 2641 2820 2011 1940 2115 1931 1920 3461 2291 2775 2041 2640 2692 
2435 2696 2544 2793 2661 2791 2624 2545 2439 2534 3069 2733 2308 2264 2081 2081 2263 1807 2397 3409 3279 2816 2084 2197 2437 
2556 2810 2926 2785 2521 2402 2664 2419 2209 2324 2512 2500 2549 2454 2486 2277 2005 2175 2293 2874 2665 4552 2234 2544 2756 
2658 2692 2844 2581 2608 2477 2346 2377 2394 2330 3088 2235 2269 2291 1963 2149 1760 1689 2113 2387 3652 5319 4427 3246 3916 
2573 2724 2837 2563 2960 2434 2256 2029 1990 2224 2148 2160 2311 2067 2010 1952 1703 2015 2026 2334 4858 3661 5540 4959 4549 
2576 2341 2452 2710 2265 2490 2322 2035 1983 2058 2013 2046 2050 2114 2014 1909 2093 2111 1624 2197 2636 3859 5136 4734 4307 
2544 2704 2092 2275 2137 2154 1874 1343 1951 1766 1763 1972 1944 2109 2059 1907 2193 2079 1556 1901 2220 4973 4707 5374 4635 
2172 2162 2211 1782 2011 1713 1634 1515 1143 1752 1721 1649 1813 1919 1953 1861 1648 1888 1685 1913 2250 5166 3979 4473 4832 
2256 2198 1763 2088 1950 1560 1234 2489 1985 1516 2246 1211 1832 1755 1866 1905 1537 2022 1670 1541 2447 2690 3348 7346 3898 
2163 1794 1804 2005 2631 1457 1402 2224 1482 4836 2683 1706 1960 1788 1617 1737 2005 1781 3246 1279 2193 2220 3095 3194 4206 
2152 1923 1442 1648 3150 1968 2421 1723 1746 1724 1721 1710 1900 1877 2222 4501 1818 1658 1839 2221 1523 1605 3462 2944 3683 
1966 1495 1609 1740 1723 1867 2146 2132 2231 2370 1767 2182 1998 2203 2119 1834 2165 1821 1639 1758 2124 2049 3319 2423 3066 
1792 1772 1275 2144 1964 2433 2689 2731 2693 2622 2676 2729 2806 2618 2306 2527 1844 2787 2012 1344 2417 2130 2054 2399 3457 
1936 1263 1810 1926 1862 2303 2589 3429 6142 6996 4883 2668 2196 2219 2183 1944 2093 2252 2162 2797 2097 1944 1933 2157 2350 
1087 1408 1705 2065 2053 2569 4265 5445 8000 8092 7483 7236 7253 5658 2910 2715 1963 1961 2147 2264 2419 2031 1686 2200 3001 
1921 1518 2023 2226 1983 2760 5961 7905 4786 4479 4651 5183 5901 6982 7538 5149 3024 2886 2033 2806 2601 2259 2263 1878 2206 
