includes/gis/ASCII_5k/mod13q1_ndvi_2006_353.tif.txt
ncols         25
nrows         20
xllcorner     257482.3972
yllcorner     9670060.6647
cellsize      5000
NODATA_value  -9999
7794 6637 7076 7524 7022 7276 7765 6685 5650 5591 5069 7933 8137 7716 6240 7676 6692 7730 7807 7338 7150 7066 7076 6864 7033 
7217 7327 6809 6411 6503 7448 6871 7230 5863 7451 7464 6494 7529 8249 -9999 7731 7143 7358 7443 7746 7245 7290 7394 7904 8023 
6910 8169 7402 7105 4564 6937 6639 6338 6441 5760 6382 6620 6946 6996 7400 4366 -9999 6302 7417 7845 7829 7615 8056 7842 7710 
6922 7510 7018 7419 5726 6385 6096 5865 5853 5887 5577 6479 7306 7775 8148 6840 7596 6475 6378 7996 8281 6003 7715 7205 7739 
7958 6839 6384 6327 7607 7121 6304 6167 4863 6407 3586 7483 6210 4934 5591 7112 7476 7277 6813 7404 7215 5265 6961 7617 7377 
6750 6935 6338 6495 7134 6505 4974 5678 6509 5013 7940 5959 5595 4974 4438 4844 6250 4288 6525 7116 8018 7905 8120 7310 7370 
6671 7156 6544 6511 6880 5370 6747 6440 5546 5033 4771 6949 5847 5751 5056 6267 5230 6392 6166 5703 6959 7589 7331 7315 6818 
7375 6667 6892 4217 6478 5740 4974 5644 6584 6590 6836 7312 6087 4866 3852 5851 5934 4012 5475 7792 5281 7569 8174 8147 8369 
7203 7204 7422 6065 6654 4624 5466 4716 4705 5439 6219 5432 7151 6305 4412 -9999 2652 2602 5339 5083 6762 7469 6082 7971 7794 
6602 7209 6776 5757 5411 6114 5047 3722 4966 6233 5670 5847 5681 5474 4238 3801 4418 2303 3647 7458 7590 6863 7933 8165 8303 
4646 7703 6992 4302 6189 4722 5148 -335 5155 3176 5616 6419 5217 5329 4694 5209 4564 2699 5013 6384 -9999 7079 7651 8104 8314 
6447 6438 6738 5769 6089 4995 3817 1784 634 2475 2603 4050 5314 5081 -9999 4516 4899 5715 3032 -9999 6754 7038 7576 7863 8136 
5501 5949 5010 5294 7280 6061 1366 3536 2880 2409 4693 2128 5024 6204 6290 5178 4786 3709 6414 4220 7568 -9999 6867 8568 7957 
6737 5599 6305 5234 6888 2661 1545 6831 4546 8269 6974 2682 4372 6202 5110 7685 6813 7035 8319 3136 6989 7491 7556 6624 8035 
6213 5078 2558 2993 6653 3297 7867 5723 4011 6319 5372 6676 6277 7120 6103 8461 5307 3931 5386 -9999 6292 5488 7386 6487 7070 
5920 -9999 2653 2577 4052 5940 6030 6546 6411 6649 7829 7287 7356 7782 7448 6884 7137 5444 6849 -9999 6667 7246 7425 6193 1278 
4754 -9999 -9999 -9999 4401 5981 7196 6616 7492 7085 6899 6736 6953 7642 7555 7887 6916 6636 6948 6784 7480 7125 6660 7599 6791 
6084 -9999 -9999 4596 5788 7182 7741 7683 5957 7519 7801 6529 7070 6853 7255 6426 7350 5900 7037 5874 5691 7017 5730 6774 6275 
4470 4649 4948 5766 6262 7527 5374 8871 7333 7772 4312 2153 7354 8078 6945 7414 8178 7771 7522 6785 6761 5636 4753 7957 -9999 
4406 6133 6102 7663 -9999 -9999 -9999 -9999 5329 4434 4127 1463 2578 7245 7394 8446 7575 7785 6399 6552 6601 5892 6317 -9999 6891 
