includes/gis/ASCII_5k/mod13q1_ndvi_2004_097.tif.txt
ncols         25
nrows         20
xllcorner     257482.3972
yllcorner     9670060.6647
cellsize      5000
NODATA_value  -9999
-9999 5903 5887 6544 3544 5943 6570 4334 5499 3893 5054 1090 6831 4699 5349 3833 4883 1991 8041 6342 5855 5305 2866 2836 2502 
4476 6708 6095 5935 4413 6774 5294 5156 5164 6391 5748 5679 6739 5149 5543 5863 3073 4160 4989 5257 5005 5944 3759 2623 8085 
6010 6581 7112 5671 5764 6633 6110 4868 5949 5378 3675 4044 4227 5137 4029 3874 1828 2897 -9999 4733 7591 2048 7645 6745 7066 
6342 4748 5278 3819 6418 3859 5882 5915 5238 5552 3454 4496 5572 4513 3492 2361 2243 4150 4327 7023 1922 1654 6000 2320 6229 
2487 4842 6672 6596 5962 5052 4841 4855 4426 4298 3774 4712 4720 4955 3427 3511 2994 5152 3452 1407 5168 5675 5195 3626 2818 
5177 6594 4221 6375 6998 5539 4083 5798 5546 4168 5389 5199 3520 3232 2866 3197 3415 2133 2602 4339 5102 6229 8461 6487 5458 
6051 7283 5017 6657 4636 5843 5387 3307 4789 3868 3108 3701 3339 3187 3547 3011 4212 3861 3542 2535 5628 7878 6468 5223 7012 
7117 6062 6600 6694 6280 2657 4898 4880 4344 2662 5251 4675 5685 4293 2734 3019 3909 2354 3114 4591 6681 7770 6001 7780 7234 
5759 6544 6546 6885 7248 5545 6753 4967 4272 3293 3084 3407 4352 3528 4010 4401 4010 3003 2920 3977 3970 5317 4526 8812 5894 
5710 5632 4957 5669 5044 5833 6200 5380 4809 5400 3804 3126 2227 3549 3935 3256 4155 4885 4209 3823 5341 5857 5182 7234 8178 
5861 5495 4797 4526 4570 4468 4733 1408 4505 4803 4597 5259 4456 5220 4751 4543 4770 4736 4714 4135 4810 6526 6970 8179 8548 
5217 4117 4042 4033 2150 2792 3541 1760 1098 2026 2858 3945 4913 5038 5519 5004 3731 4912 5684 4629 6271 8035 4989 7258 8158 
5083 4686 4002 4421 2824 3919 1344 3969 2997 1840 3830 2260 3306 5110 4346 4770 4641 3355 5166 5016 6843 7211 6967 9083 7875 
2251 2725 3616 3486 2451 1785 1794 3034 1737 6935 5646 2271 3197 4529 5313 5374 6259 4133 6614 2394 6255 6054 7055 6504 8448 
5091 3039 2143 2116 3361 2392 4294 2528 1901 1943 2095 2769 3157 4685 4884 7887 4296 4779 4954 5563 3295 2724 7097 5716 6426 
2678 2917 2167 2347 3977 3610 4917 4309 3929 3807 2580 3816 4555 5023 4007 4614 6355 5730 3925 4276 5758 4298 7490 5610 6211 
3596 2483 1877 3788 5332 6015 5918 6088 5465 4665 3838 4792 4896 5435 5311 5140 4763 5299 5449 4738 5137 3751 2475 4205 4472 
4556 4332 5061 5306 1347 2624 7078 3730 8424 8225 7165 5634 4946 5265 4866 5522 5949 4514 5053 5648 4923 3892 3470 3798 5455 
4301 6120 6609 6330 5941 8062 5258 2808 1015 2955 8636 8732 8707 7683 5691 5338 5725 5139 5488 6133 6820 3356 4319 4489 6726 
2858 5540 5687 5149 5055 5393 1686 2816 766 2685 5665 5780 7790 8281 6774 7239 5822 5991 5037 5670 6577 5470 4584 5688 4091 
