includes/gis/ASCII_5k/mod13q1_ndvi_2009_337.tif.txt
ncols         25
nrows         20
xllcorner     257482.3972
yllcorner     9670060.6647
cellsize      5000
NODATA_value  -9999
4387 4487 5395 5988 7115 4219 5209 3365 3562 4832 4442 6052 6559 6885 3316 4344 4928 3867 6279 5932 4738 5964 6112 4265 4989 
4091 4701 3554 4345 4432 2910 3502 3155 2782 2017 3519 4958 3693 8213 5628 7031 5802 4759 5785 6471 5743 5391 5128 7677 8129 
4815 5709 4051 3211 4051 4026 3525 2096 2666 1954 2093 3476 4471 5120 4657 6788 4219 4795 5917 4019 5746 7327 6116 7233 6444 
5386 3658 3820 3657 3825 4673 4410 3646 3227 3408 2711 2996 3861 2691 4468 4834 4286 3813 3002 6427 5125 3235 3061 4104 4769 
4473 4239 4429 1901 4107 6635 3315 2428 3213 3857 3156 3858 3033 3357 1813 1787 5154 5875 2532 6886 4267 4363 3374 3532 3861 
4294 5403 4795 4776 3597 5164 2923 2951 2530 3598 3364 3776 2411 2934 2605 3280 1521 2684 3352 6630 7665 4526 4717 4032 3878 
4148 4528 2308 5215 5657 3015 2152 2918 2691 2523 2645 2387 2918 2818 3594 2145 2203 3681 2795 4626 5219 5726 4151 5799 6025 
5084 4020 3724 5462 5762 3562 3381 3361 2264 1795 890 1910 2111 1780 1869 2201 1029 1932 2016 7245 4917 5410 7926 8380 8371 
4320 5131 4832 3894 5502 3271 3676 2348 2207 2142 1851 1794 2256 1990 1746 1909 1561 1882 3391 3405 3745 7152 3588 4510 -9999 
4632 3291 3595 3489 3077 2153 3275 2019 1740 2016 1356 2143 2051 2169 2021 2401 2308 1804 1597 1746 5567 6491 2663 5686 8480 
4465 3891 2811 2477 3407 3026 2816 1095 1239 1351 1695 1764 2367 2823 1771 3747 4109 2380 1809 2138 4132 6032 2908 5351 7680 
3127 1676 2702 2441 2348 2306 2409 1410 1094 1393 1512 3156 2024 2276 3666 3677 3362 5180 3336 3007 4277 7348 3053 6154 7746 
4189 3475 1871 2345 2365 2954 1451 3166 1985 1447 1645 958 1520 2537 3109 1864 -9999 2757 2413 2594 6279 5677 7610 4845 6126 
3196 3214 3924 2569 4251 1575 1328 3232 1515 6143 2549 1814 1836 1693 2983 3073 3063 5020 6162 1728 3351 5074 7493 7080 4441 
3122 2992 3439 3836 4076 2788 3982 1792 1677 1909 1663 1742 2408 2086 2004 5479 2449 3707 5965 5398 3928 2321 5807 6811 7924 
2582 1913 2938 2733 5372 5100 3913 2159 1903 1926 2216 3124 3589 3492 3603 2422 4342 6051 3483 3664 3950 3395 5205 914 4368 
2230 1772 2271 5202 6178 6494 7488 4525 2212 2296 3249 5056 5924 7355 4884 3627 3622 5092 4024 5736 2459 4579 4068 5368 4982 
2251 2802 3835 4782 6061 7087 7096 6147 7424 7060 4338 3135 2925 5449 3150 5682 5585 4123 6065 4964 4743 4024 2662 5072 6268 
2173 2649 4360 4037 6375 6507 8011 8255 4873 7233 5354 4801 8622 8396 6501 6255 4606 5442 5746 5515 5388 3307 2490 3873 3980 
2058 3786 5043 7496 6978 7495 8230 8199 4661 3122 3094 4449 6696 7722 8682 7706 7920 7098 5654 5307 6011 3972 4792 4499 4880 
