includes/gis/ASCII_5k/mod13q1_ndvi_2002_081.tif.txt
ncols         25
nrows         20
xllcorner     257482.3972
yllcorner     9670060.6647
cellsize      5000
NODATA_value  -9999
6232 4827 6174 6500 5779 3419 5408 4736 5712 3640 3082 5583 5521 6061 2849 2400 4768 6412 4318 5886 5881 5613 4759 5710 7668 
6009 4904 4358 4918 2254 4284 4770 4621 4021 1853 2918 4649 6235 3378 3387 2136 -9999 6034 5814 7582 5214 2489 5519 8244 7008 
5359 6706 5844 4026 4956 5214 3771 3138 3241 3544 3991 4094 4886 6446 2879 1249 3823 3048 4649 3425 7094 4893 5375 6478 2832 
6313 7195 4560 3554 3692 -9999 5734 4032 4499 7822 5463 5915 1800 4048 3769 3077 4280 1335 2957 6356 7665 7076 5433 2741 5078 
6091 6788 5118 3497 4763 5185 4479 4224 4417 6626 5162 6194 5018 3260 3130 5101 1307 2546 3160 6375 3133 5775 5089 3607 2987 
4577 6471 4564 4746 4031 1978 4380 4594 3279 6456 5824 1193 3749 4161 3330 3408 1530 3662 3269 3295 2877 5395 7953 5574 7126 
5537 2771 4374 4820 4143 3830 2740 3273 3776 4663 4034 867 2245 -9999 4941 4446 3491 2614 6477 3455 2111 6905 6818 6378 7137 
4943 1501 3900 5729 4306 3799 4261 3407 2994 3395 5539 3112 3552 4631 2627 1180 1811 1625 4176 5742 6080 7129 4344 8331 8415 
4425 4635 4898 4884 5150 3747 5257 2665 3998 2740 5200 4326 4672 6151 4348 2854 1062 883 4480 3529 2894 7032 6058 8058 8563 
3071 3034 4056 3968 4293 4377 2203 2136 3280 3036 679 1918 3889 4910 4251 2751 2234 3660 5004 4363 3012 1563 4015 -9999 8096 
4363 3194 3174 3550 3046 3254 2424 1560 2422 1856 2115 2388 1151 4408 4289 2691 3692 3247 2967 3570 5609 2510 5333 5705 8658 
3964 5322 4114 2797 3164 2053 2467 1581 1019 2072 1962 2298 2329 5813 3864 3034 2821 1446 2509 4376 6062 5987 1831 3201 7984 
6237 1712 3655 5606 2761 3444 1463 3338 2393 1832 2448 1285 3246 3178 2817 2963 2514 3749 3049 3207 6130 5962 5525 3684 7736 
2773 3352 1634 3355 2465 1753 1262 3788 2656 7518 4920 2178 2431 2206 2232 1295 5676 2944 4405 2077 4909 5652 6733 1742 2553 
7775 2738 2284 2487 4028 2498 3776 3139 3066 3131 3236 2490 2769 3545 2302 6434 3234 6162 5736 5977 2752 2198 6546 5987 6104 
2879 1923 2102 2831 2900 3126 5526 4825 4489 5319 4473 5081 4613 6033 3785 3940 5599 5004 3892 4822 4596 4162 5741 5231 6543 
2570 2207 2087 4634 3986 4261 6103 5857 5672 5912 5676 6382 6826 5567 4160 6566 5430 5556 4496 1877 1885 3766 3461 3668 2053 
2066 1883 2718 3496 4238 -9999 3375 2186 3950 4213 4668 5601 4913 6725 6183 6622 7208 7161 1516 3778 3435 1939 3661 3942 2077 
2625 2883 4089 3846 3725 4464 4182 2987 4292 7932 5296 9069 7739 8094 3959 4565 1748 5694 3593 4860 5557 2703 2592 3683 4246 
2860 3389 3807 4597 5691 4063 1087 903 6808 3993 5499 5189 4665 6790 2012 6245 2660 5625 6506 5438 3346 3859 3800 1975 3850 
