includes/gis/ASCII_5k/mod13q1_ndvi_2005_177.tif.txt
ncols         25
nrows         20
xllcorner     257482.3972
yllcorner     9670060.6647
cellsize      5000
NODATA_value  -9999
3523 3154 4498 4451 4439 3521 3953 1869 2342 2118 2273 3280 3333 3602 1729 1939 1932 3274 3304 3119 2865 2568 2222 1584 1740 
3105 3517 3488 4129 3762 2938 3403 2597 2498 2728 2286 2969 3287 2647 1952 2775 3216 3163 2868 2567 2402 2824 2304 2914 3680 
3751 5120 4367 2830 3301 3170 2797 2099 3468 2546 1808 2252 2798 2769 2159 2879 2502 2242 2320 2428 4347 3042 3162 2955 3244 
4716 4844 4417 3373 2996 3110 2820 3809 2567 3662 2674 2774 2772 2531 2287 2324 2328 2172 2040 2427 1944 2495 2860 2169 3426 
3870 5006 4153 3973 3789 5920 2892 3033 2722 3226 2874 2997 2569 3280 2017 2377 2479 2334 2020 3351 2494 3916 2017 3059 2832 
2867 3906 5103 3787 4121 3938 2797 2604 2950 3046 5472 2978 2110 2402 1989 2309 2444 2214 2408 3522 3119 2207 1825 2679 2552 
3217 3882 4172 3956 3334 2846 2927 2806 2378 2998 2513 2350 2604 2474 2813 3013 2537 2252 2479 2880 2080 2550 2085 2591 3169 
3357 2661 4069 4230 3232 2961 2653 2655 2886 2448 4171 2467 2590 2725 2178 1857 1771 1835 2384 2761 1032 2364 4689 2710 4606 
2881 2984 3512 3447 4412 2624 2689 2132 2542 2760 2630 2066 2256 2749 2104 1901 1832 2369 2546 2470 2615 3195 3460 2199 5987 
3367 2375 3103 3501 3269 3572 3234 2425 2814 2280 2280 2241 1816 2310 2067 2234 2343 2305 2288 2285 3241 3628 5672 4024 4914 
2827 2873 2494 3276 2886 2709 2439 1311 2274 2259 2012 2449 1832 2017 1860 1888 2613 2046 2074 2159 2475 5244 4601 5174 4973 
2305 2243 2657 2206 2850 2065 1899 1656 1268 2043 2246 2038 2093 1847 1822 1666 1920 2354 2084 2031 2786 5386 6007 2737 4415 
3042 2088 2043 2293 2115 1695 1435 3028 2406 1465 2950 1169 1855 1649 1954 1976 1850 2151 1917 1884 2838 3476 4817 7462 2295 
2112 1812 2191 2327 3035 1643 1506 2456 2063 5936 4033 1789 2073 1844 1726 1633 2225 1868 2350 1264 1973 2415 4803 5433 7194 
2631 2539 1681 2013 3594 2282 3023 2176 2697 2017 1734 2059 2157 2442 2079 4653 1921 1918 2098 3209 1812 1573 3832 4411 5044 
2429 1902 1878 2067 2223 2063 3514 3016 3323 3347 2327 3007 2420 2533 1900 2167 2204 1914 2007 2054 2181 2100 4455 1768 3845 
1980 2011 1850 2639 2290 2757 3415 3560 4822 4178 3704 3536 3515 2927 2231 2286 1858 2302 2275 1755 2281 1939 1648 2958 3782 
2213 1676 2534 3092 3700 3597 5503 5342 7272 7698 5653 4742 4672 2999 2480 1848 2043 1854 2314 3416 2540 1977 2418 2540 2447 
2432 2234 2640 2770 2966 5689 8061 5998 3894 1522 1777 1706 2454 4081 3978 2858 2831 2176 2402 3467 2950 2218 1882 2943 3373 
2997 2860 3472 3037 2661 4440 7752 8156 5625 5429 5485 6290 6114 6089 4869 7661 3378 2673 2831 3046 3625 2525 3021 2432 3109 
