includes/gis/ASCII_5k/mod13q1_ndvi_2017_273.tif.txt
ncols         25
nrows         20
xllcorner     257482.3972
yllcorner     9670060.6647
cellsize      5000
NODATA_value  -9999
2421 2131 2782 2295 2909 2195 2633 1837 2048 1882 1799 2049 2395 2452 1286 1114 1692 2934 2081 2441 2044 2333 2283 2160 1946 
2165 2219 2172 2602 2546 2024 2395 2220 1591 2003 2066 2285 2298 2454 1634 2437 2118 2725 2163 1864 2008 2539 2160 2324 2264 
2400 2484 2475 2052 2617 2262 2121 1692 2075 1766 1724 1799 2302 2327 1810 1879 1725 1838 1807 1956 3244 2467 2194 2383 2227 
2666 3181 2489 2361 2044 2192 2327 2447 2078 2496 1992 1892 2067 1733 1916 1754 2106 1518 1890 3579 1970 1986 2196 1926 2468 
2367 2480 2419 2235 2436 2622 2213 2081 2005 2214 2339 2100 2080 2315 1734 1803 2219 1783 1825 3339 2110 2586 1752 2400 2428 
1996 2491 2121 2401 2266 2358 2072 2085 1934 2071 2162 2101 1872 1923 1794 1847 2124 1718 2073 3130 3072 2615 1945 2198 2187 
2637 2552 2477 2349 2040 2042 2237 2115 1921 1968 1986 1913 2094 2042 2206 1946 1888 1896 2116 2392 2416 3891 2151 2289 2676 
2041 2147 2310 2398 2035 2025 2042 2286 1997 1868 2262 1874 1954 1946 1930 2096 1882 1562 1882 2143 2779 4600 3821 3071 3138 
2130 3012 2334 2108 2411 1858 1889 1810 1886 1996 1971 1762 2049 1841 1817 1695 1486 1839 1943 2221 4644 3446 3989 4789 4307 
2332 2013 2409 2222 1897 2100 2150 1886 1740 1659 1861 1793 1706 1798 1829 1829 1707 1648 1452 2076 2846 3425 3400 4447 4448 
2353 2686 1873 2042 1950 1854 1590 1186 1711 1517 1530 1670 1634 1728 1776 1593 1957 1779 1477 1666 2078 4171 3585 4313 4824 
1878 1899 1851 1643 1592 1368 1413 1179 1020 1613 1430 1428 1635 1699 1805 1608 1537 1669 1401 1658 1967 4672 4021 3648 4939 
1895 2015 1644 1926 1801 1415 1207 2361 1679 1335 1718 931 1533 1542 1609 1767 1472 1835 1526 1361 2426 2735 3262 7223 3608 
1863 1546 1832 1583 2127 1521 1133 1897 1263 4713 2372 1501 1648 1513 1396 1322 1742 1623 2412 1176 2181 2050 3088 3352 4370 
1730 1795 1221 1661 2717 1865 2062 1526 1428 1545 1398 1510 1717 1564 2241 3446 1657 1533 1580 1918 1419 1414 3805 2679 4202 
1636 1302 1454 1590 1812 1872 1936 1865 1905 1812 1642 1930 1625 1940 1803 1731 1901 1748 1588 1715 1995 1724 3555 2168 2700 
1728 1579 1022 1767 1729 2344 2427 2219 2034 2199 2134 2245 2217 2252 1883 1882 1746 2092 1807 1275 2342 1768 1931 2518 3573 
1869 1134 1551 1750 2136 2275 2540 3334 5934 6692 3540 1883 1591 1989 1632 1591 1622 1805 1768 2526 2009 1723 1726 2223 2469 
967 1404 1674 2056 2057 2227 3304 7988 7303 7513 7680 7824 7848 5262 2825 1963 1702 1725 1977 2084 2300 1620 1363 1712 3371 
1567 1680 2008 2453 1942 2507 6114 7861 5063 3496 5167 5753 5585 6784 8014 4569 1866 2720 1208 2321 2352 2109 2198 1699 2100 
