includes/gis/ASCII_5k/mod13q1_ndvi_2011_257.tif.txt
ncols         25
nrows         20
xllcorner     257482.3972
yllcorner     9670060.6647
cellsize      5000
NODATA_value  -9999
2825 2667 3029 3117 3501 2690 3329 2080 1920 2377 2503 3087 2754 2796 2091 1307 1609 2318 2659 2690 2403 2435 2310 2274 2238 
2569 2636 2553 3243 3521 2742 2580 2706 2089 2467 2354 2652 2512 2424 2261 2323 2288 2993 2840 2185 2341 2721 2324 2787 3079 
2784 3041 2859 2261 2906 2762 2410 2058 2459 2388 2234 2225 2342 2743 2226 2217 2443 2170 2560 2727 3540 3128 2727 2849 2794 
2808 3515 2705 2618 2490 2791 2756 2692 2320 3056 2336 2447 2499 2099 2108 1917 2447 2234 2219 3853 2403 2347 2692 2279 2815 
2689 2822 2769 2844 2948 3219 2639 1909 2427 2514 2565 2583 2513 2565 1970 2222 2485 2390 2289 3651 2569 2932 2120 2485 2559 
2274 2921 2631 2676 2940 2982 2460 2585 2698 2296 2988 2354 2068 2129 1929 2017 2322 1967 2106 2793 3624 2834 2177 2324 2167 
2339 2855 3316 2960 2634 2457 2630 2397 1972 2276 1803 1605 2340 2334 2094 2156 1913 2322 2159 2110 2684 4141 2305 2396 2789 
2522 2587 2494 3147 2505 2441 2345 2434 2168 2141 2611 2023 2150 2226 1990 2127 2111 1664 1913 2365 3769 4539 3940 3334 3471 
2478 2794 2674 2450 3080 2196 2317 2190 2224 2245 2253 2167 2250 1935 1878 1878 1831 2128 2263 2324 4838 3754 4110 4860 4864 
2637 2296 2619 2483 2286 2372 2041 1917 1867 1823 1890 2053 1932 1989 2084 1761 1870 1783 1686 2085 2672 2908 4501 4537 3695 
2499 2585 1981 2169 2139 2133 1550 1261 1609 1590 1720 1943 1933 1918 1974 1762 2070 1942 1705 1952 2439 3888 3040 4688 3719 
1968 2018 2062 1770 1846 1669 1718 1188 1101 1607 1635 1857 2083 1843 2226 1888 1714 1879 1808 1878 2379 4914 3624 3177 4730 
2067 2067 1689 2093 1933 1954 1307 2749 1979 1468 2176 1072 1765 1828 1847 1760 1654 1890 1649 1691 2570 2777 3106 7429 4262 
1941 1645 1798 1903 2448 1580 1311 2084 1458 5221 3021 1722 1967 1626 1494 1923 1996 1756 3617 1394 2160 2177 3280 2802 4941 
2050 1798 1406 1695 3186 2045 2469 1787 1648 1755 1595 1765 2004 1924 1955 4591 1994 1668 1804 2761 1623 1698 3832 2542 3861 
1799 1499 1549 1602 1763 1743 1998 2043 2079 1997 1955 2212 1954 2549 2054 1746 2058 2093 1567 1930 2165 2061 3809 2524 2924 
1726 1670 1200 1787 1923 2331 2551 2254 2239 2324 2326 2517 2658 2669 2442 2035 1782 2304 2204 1395 2343 2140 2256 2698 3857 
1991 1358 1794 1943 2138 2461 2766 2750 6350 6092 3453 2164 2217 2826 1881 1944 1823 1778 1941 2579 2007 1925 2054 2341 2516 
1325 1478 1888 2305 2322 2755 1826 1889 5970 7071 6693 6818 6854 5230 2704 1969 2054 1905 2108 2569 3730 1952 1652 2234 3072 
1650 1633 1957 2369 2099 3170 1574 2351 943 3198 2867 4308 4949 6366 6978 6262 2378 3185 1858 2604 2710 2141 2181 1952 2602 
