includes/gis/ASCII_5k/mod13q1_ndvi_2003_129.tif.txt
ncols         25
nrows         20
xllcorner     257482.3972
yllcorner     9670060.6647
cellsize      5000
NODATA_value  -9999
5925 6516 4646 7355 5986 2881 4635 6167 5427 6392 3782 7241 7631 7159 4981 5395 5495 5375 2301 5817 4500 5004 5743 4431 5482 
4258 6555 4991 7003 5940 6720 5779 6789 3197 3129 7423 5720 7412 6180 5420 5214 5630 6399 5269 6087 4894 5867 6172 7323 7880 
3397 5367 7242 6623 3469 5497 3833 5152 2971 4929 6191 6153 6295 6750 5001 5374 5204 4195 5849 5950 7261 7289 7416 6528 7209 
4442 3270 6707 5130 6704 4508 3889 4742 4278 6753 5315 6824 6411 5115 4077 2391 6879 4903 5140 6463 5294 4136 6748 5277 6866 
3606 6914 6692 7622 6978 4302 5427 3516 4722 6502 6080 5724 5530 6218 5218 6053 5234 5235 4353 7131 6105 6421 6104 6272 6658 
6053 7517 7370 7032 7624 4984 5230 6649 6595 6695 5037 5694 4600 4542 3392 5254 5144 3277 5401 6865 7711 6396 7871 6717 6707 
7341 6817 7870 6936 6322 6830 4312 4275 5349 5218 4801 4169 5094 4721 4405 4905 4308 3891 4851 5839 5015 7228 7171 6506 6010 
7199 7297 6990 7289 6837 5317 5098 5568 3992 2694 4800 6457 5986 4152 3105 4247 4127 4504 4840 5910 2398 6353 7908 8193 8116 
5862 6282 7964 7439 6153 5747 6100 5051 5060 3398 2967 4366 3009 4241 3705 3621 3563 3329 5453 5522 6063 7205 5894 6205 8051 
6864 6387 6438 4931 6042 6399 6039 3923 4549 4869 3577 4792 4682 3757 4011 2414 3666 2958 4405 4418 6902 6324 7880 8077 8019 
6641 7336 6120 6162 5792 5449 4865 1403 3594 4217 3681 5674 4726 5178 4150 2842 2693 3546 3680 3357 4935 6587 7209 7350 8027 
5625 6322 5915 4905 4735 5302 4172 1280 782 3839 1479 4124 3010 4611 5201 3032 2789 3080 3773 3855 5487 7693 6827 7086 7542 
6967 4769 5537 5707 6220 5122 1477 4760 4138 2523 4535 2872 3505 3389 2930 3949 3218 4671 2052 2744 5239 5589 6378 7390 7167 
5710 4886 3650 4162 6429 2635 1474 6088 2764 7728 6228 2321 3562 2837 3502 3489 4530 4502 6738 2220 5748 5297 4915 5311 7304 
5539 4254 3690 3321 5721 3205 6363 5594 4129 4009 3005 3856 4049 3423 3829 7578 3237 3868 3466 5929 3178 3019 3685 1788 2444 
4419 4109 3338 4356 4376 3972 4701 6118 6092 5883 5459 5703 4054 5137 5014 4141 4521 2501 4175 4675 4933 4595 5250 3933 5022 
4078 4036 3689 5012 5573 6187 6699 6432 5573 7085 6091 1661 3560 6131 5431 4992 5075 6166 5362 3548 5009 5859 6197 5190 5732 
5494 4700 5380 5884 6013 6433 6924 4837 8241 7400 5341 2059 2897 7491 6252 6364 7138 5446 4173 5630 5531 4252 4712 4984 5746 
5982 6040 6197 6685 6088 6452 5965 4687 1801 2191 4707 4545 1618 2977 7368 6939 7252 5724 6430 6375 6569 5037 3495 5781 7039 
5675 6642 5769 7182 6802 6442 5866 5409 1176 4747 641 1252 6217 7788 5186 8284 7005 7025 6219 6022 6767 5268 5453 4956 4980 
