includes/gis/ASCII_5k/mod13q1_ndvi_2011_161.tif.txt
ncols         25
nrows         20
xllcorner     257482.3972
yllcorner     9670060.6647
cellsize      5000
NODATA_value  -9999
4192 4054 4220 4984 5094 3668 4064 2476 3055 3436 3780 4569 4305 3850 2437 2604 2226 3109 2614 3542 2810 2597 2558 2555 2481 
2935 3642 3388 3677 4388 3334 3386 2993 2436 3403 3471 3399 3566 2934 2791 2864 2564 2922 2926 3125 3142 3252 2548 3226 3043 
4600 4718 3681 2013 3830 3527 2987 2543 3406 3349 2093 2390 2719 2857 2750 2402 2192 2351 3323 3374 4431 3225 2877 2944 2794 
3639 4849 3142 3593 3339 3526 3536 3377 3021 3427 2447 2753 2923 2511 2815 2276 2296 2362 2576 4702 2918 2690 3372 2615 3387 
3205 3644 3737 3274 3481 4427 2748 2887 2988 2082 3135 2874 2671 3124 2350 2297 2607 2489 2682 2620 2854 3179 2068 2567 3167 
3004 4359 3417 3024 3297 3812 3026 3179 2983 2687 3200 2490 2618 2356 2131 1906 2282 2264 2470 4638 3535 3294 2576 2526 2466 
3801 4212 4345 3888 3185 2828 3001 2994 2422 2514 2345 2584 2310 2477 2433 2314 2152 2301 2539 2935 3179 4525 3218 2583 2928 
3087 2720 3474 4242 3435 2669 2798 3354 2426 2625 4376 2506 2647 2591 2271 2297 2039 1857 2155 2932 4325 4834 4094 3580 3622 
2797 3044 3176 3524 4351 2703 2543 2326 2357 2281 2551 2313 2606 2241 1973 1853 1724 2198 2572 2732 5746 3969 4359 4842 5412 
3069 2421 3132 3935 4092 3336 2200 2041 2206 2152 2073 2196 2338 2584 2576 2244 2521 2278 1949 2319 3312 3758 4424 4563 4578 
2682 2915 2343 2884 3127 2580 1614 1278 1689 1706 1941 2331 2211 2466 2452 2336 2768 2415 2148 2252 2390 5437 4510 4535 4643 
2100 2192 2279 1916 2175 1874 1827 1453 1115 1756 1876 2200 2319 2320 2443 2325 2108 2537 2301 2268 2631 4683 6278 4373 5554 
2321 2131 1871 2228 2053 2148 1364 3074 2418 1956 3061 1458 2009 2019 2351 2412 1995 2417 1957 2003 2903 3543 5170 8553 5102 
2156 1780 1830 2109 3015 1663 1297 2349 1646 6934 3215 1627 2413 1997 1971 2452 2612 2374 4440 1615 2547 2880 5164 5818 5739 
2182 1840 1473 1729 3434 2067 2507 1843 1708 1958 1608 1647 2244 2431 2360 5652 2377 2259 2020 3525 1958 1990 4572 4797 6944 
2008 1650 1783 1776 1915 2104 2627 2387 2271 2169 2166 2430 2089 2574 2390 2265 2483 2559 2009 2193 2593 2135 5115 4154 5168 
1819 1751 1262 2120 2024 3051 3805 2820 2728 3025 2888 3397 3453 2893 2615 2815 2348 2747 2770 1756 3262 2505 2185 3387 4945 
2135 1539 2285 2423 2578 4067 4475 5136 6923 6510 4799 4153 3481 3945 2622 2497 2264 2789 3271 3878 2955 2359 2599 2818 3712 
1770 2053 2183 2516 2753 4004 6725 7220 5611 7680 7446 7788 8382 6964 4263 3051 3119 3243 4237 4038 4177 2658 1887 3038 4235 
1949 2201 2438 2937 2776 7101 8012 8342 6046 5918 6256 6476 6182 6955 7892 6179 4754 4471 3623 4325 4225 3285 3400 2835 3188 
