includes/gis/ASCII_5k/mod13q1_ndvi_2012_209.tif.txt
ncols         25
nrows         20
xllcorner     257482.3972
yllcorner     9670060.6647
cellsize      5000
NODATA_value  -9999
4486 3761 4326 4305 4127 3824 4111 2729 2727 3670 3919 4598 3804 4358 2476 2434 2109 2869 2805 2786 3039 2629 2537 2505 2433 
4948 4258 3535 4224 4143 3633 3768 3077 2567 3444 2920 3058 3462 2908 1984 2668 2682 3034 2913 2896 2736 2519 2424 2820 3212 
4701 4168 4034 3161 3617 3324 3867 3261 4008 3119 2990 2742 3084 3061 2347 2034 2652 1105 2871 2759 4261 3000 2654 2763 3043 
4610 5100 3168 3103 2632 3527 3778 3931 3211 3842 2978 3085 3373 2495 2306 2278 2417 2348 2351 2929 3057 2534 2690 2625 3181 
4268 3628 2989 3010 3236 5345 3912 3283 2927 3492 3077 2898 2947 3272 2261 2217 2472 2543 1934 2361 3382 3198 2395 2675 3101 
3063 4056 4221 3058 3078 4250 5382 755 3215 3096 5628 2587 2387 2615 1789 2279 2365 2235 2795 5014 3797 3278 3165 3290 3001 
4144 3951 4377 4019 2544 2994 5015 3132 2825 2655 2620 2924 2705 2786 2625 2701 2536 2359 3042 3008 3691 4886 3265 3052 3173 
3446 3593 3975 4019 2777 3228 3296 3452 3490 3069 4598 2922 2447 3238 2164 2435 2259 2610 2522 2617 4713 5210 4634 3917 3870 
3096 3553 4345 3333 3264 2939 3269 2709 2944 3916 3269 2849 3002 2545 2132 2179 1933 2665 2720 2577 5879 4753 4920 5792 4459 
3477 2848 3215 3114 2768 2321 2594 2611 2724 2914 2854 2603 2606 2458 2345 2035 2056 2157 2147 2426 2871 4358 5044 5664 4220 
3168 3801 2397 2806 2386 2357 2333 1727 2285 2098 2668 3936 2611 2437 2127 2072 2416 2188 1837 2028 2528 4494 3653 5863 4795 
2306 2336 2415 2192 2352 1977 1885 1792 998 1828 2114 2109 2150 2669 2371 2018 1949 2225 1984 2040 2480 5527 4650 5115 5355 
2937 2143 1833 2200 2015 2133 1353 2749 2349 1662 2348 1497 2167 2352 2618 2283 1826 2252 1991 1855 2619 3233 4044 5922 4700 
2750 2047 1904 1931 3014 1650 1423 2403 1943 5472 3154 1968 2412 1928 2029 2077 2193 2093 3248 1470 2660 2326 3602 4047 5409 
2555 2115 1506 1745 2942 2224 2597 2130 1812 2056 2067 2117 2200 2510 2125 4884 2183 1901 1981 2956 1848 1885 4410 3297 4633 
2306 1638 1802 1793 1905 2185 2534 2270 2346 2897 2257 2577 2106 2400 2272 1998 2436 2337 1860 2070 2532 2341 3672 2892 3420 
1890 2104 1468 2076 2037 2733 2644 2883 2926 2974 3030 3524 3624 3408 2807 2281 2018 2555 2273 1587 2894 2378 2542 2771 3830 
2379 1482 1964 2103 2318 2897 3349 4005 7231 7576 5982 4546 4077 3778 2640 2481 2539 2154 2282 3010 2310 2092 2087 2441 2674 
1336 1469 1781 2212 2199 2772 5701 878 8135 7397 7628 8223 8323 6217 4820 3271 2550 2352 2295 2690 2714 1987 1761 2501 3426 
1830 1805 2271 2427 2166 3297 7509 8764 7050 5615 3097 1159 5134 6011 7936 6543 3790 3384 2345 2512 2678 2303 2357 1890 2759 
