includes/gis/ASCII_5k/mod13q1_ndvi_2001_337.tif.txt
ncols         25
nrows         20
xllcorner     257482.3972
yllcorner     9670060.6647
cellsize      5000
NODATA_value  -9999
6458 4245 4983 5485 7395 2109 5116 2545 4746 5304 4934 6594 7341 7946 4276 3705 4998 1675 8250 6132 6268 -9999 6714 4704 5714 
6017 4135 3655 4523 3891 3874 3914 4018 2920 4853 5902 6375 7224 6122 6996 7136 6352 7086 7097 5742 6777 8283 7197 8003 7126 
5611 5604 4968 3858 3542 3570 3916 2893 4363 3414 4077 4908 5793 5820 6800 6883 7029 5328 8294 6935 7842 7844 -9999 6653 2847 
5113 6270 4060 4130 3423 3937 2742 3668 4033 4505 4424 5311 6794 5921 6179 6080 7381 6313 5962 7720 7183 6279 7870 6498 7829 
4054 3376 4304 4301 4082 4439 4258 3732 3789 4411 4114 5061 5027 5871 4675 5719 6265 5788 5031 7408 6898 6777 5338 6005 7193 
3465 3785 5455 4358 4142 5062 3408 3499 3086 3608 4584 4485 3733 3673 3335 4495 5302 4632 5943 7661 7871 5893 -9999 5799 7210 
3991 5596 1722 1436 1721 3292 3575 2707 3021 3001 3187 3142 4741 4494 4089 3999 4956 5030 5072 5829 6666 7066 6911 6756 5572 
3313 5104 3085 5044 2544 2373 2726 1207 3282 3165 4507 4101 3037 3964 3540 3376 4115 2620 2389 5784 2865 6241 5342 6529 2811 
3833 1299 1586 3331 4195 2528 1613 2970 1360 2698 3899 2875 3118 3894 3326 3323 2998 3430 5313 5447 6573 7113 3554 3416 3224 
3901 2549 2706 4120 1598 1655 2490 2080 1824 1793 2322 2945 2889 2464 3155 2567 3549 3481 3334 6131 7534 6500 7510 4390 7159 
3096 2760 2377 3318 2473 2959 1694 1487 2050 1994 1956 2454 2768 3110 3048 2644 3301 4217 3113 3750 6064 6558 7025 7285 7005 
2845 2991 2888 2094 2260 1837 1724 1655 1072 1737 1697 1985 4964 2549 4625 2151 1871 2309 3633 4896 5320 8054 6883 6880 6833 
3023 1991 2126 2647 2142 2043 1365 4031 2200 1875 1217 1136 2162 2105 2859 2778 2359 1858 4967 2683 6732 7316 6146 7768 7129 
2922 853 1842 1968 2171 1496 1429 2539 1614 6535 5247 1901 3349 2301 2023 2541 3741 4477 6813 1395 4388 5960 7979 6762 7763 
2330 2093 1497 1621 3791 1964 2904 1741 1787 2092 1936 3640 3088 2673 2616 7814 2784 3382 4804 5230 1910 2906 6785 5813 7282 
2850 1988 1870 2198 2142 2794 2707 2103 2845 2458 2903 4155 2239 2211 2398 2702 3282 2278 2958 3194 3784 3390 6291 4571 7441 
2247 1917 1710 2748 2978 2766 5946 4818 5688 3290 3058 2100 3553 4077 4231 4273 3968 4127 -9999 1847 3770 1543 3341 5217 5060 
2080 1910 1879 2584 3676 4203 6567 4428 5387 6033 6526 4824 5570 4973 2260 3646 6847 5599 5126 5916 4225 3480 2933 3839 5100 
2959 4733 5640 4963 5771 7299 7779 8982 8233 6193 6767 8877 7348 6630 2599 6832 7458 7302 6255 -9999 5402 2087 3740 3942 5010 
3005 3003 4049 5270 5830 7813 5404 9018 5897 2052 2315 5856 6463 7006 4446 7194 6083 7184 7757 6817 6758 4665 4339 3491 4292 
