includes/gis/ASCII_5k/mod13q1_ndvi_2007_017.tif.txt
ncols         25
nrows         20
xllcorner     257482.3972
yllcorner     9670060.6647
cellsize      5000
NODATA_value  -9999
7560 6769 6725 7061 6915 7276 7604 6688 5633 7555 6297 7076 6990 7595 7150 7061 6491 7367 7381 7317 7094 4228 6831 7077 6868 
7126 7343 7304 6841 7461 7188 6993 7476 5405 6557 6665 6818 7703 7772 7374 7448 7235 7249 7318 7468 7619 7332 7119 7494 8547 
6877 7849 7891 7013 6261 7165 6808 6500 7506 7348 6951 6328 6759 7815 7296 6756 8072 5885 7257 7946 7198 7881 7792 7334 7463 
7010 8265 7464 7975 6020 6563 6311 6014 5933 6621 6239 7300 7002 7060 7431 7326 7173 7065 7009 7410 7875 7722 7312 7267 7580 
7231 6974 6505 7388 7708 8057 6339 6366 5297 6851 6279 7401 7241 6951 6391 7075 7448 7325 6450 6534 6167 7197 6584 7398 7451 
6810 6141 7063 6686 7439 7069 5831 6175 6632 5761 7500 7103 5358 5508 5495 6528 7225 6012 6869 7304 7871 7535 8557 6822 6815 
6967 6536 6486 6726 7132 5712 7430 7052 6159 5109 5208 6669 6600 6603 5989 7023 6416 7060 5688 6226 6948 5443 6041 7330 7612 
7382 6769 6660 7017 6970 5494 5211 6019 7409 7567 7145 7602 6543 6144 7072 5733 7219 6018 5958 5929 6868 6884 7663 7276 8356 
6923 7509 7604 6968 7232 5368 5348 5415 6199 5866 6328 5499 6942 6248 4294 6243 4851 6850 6426 6606 7165 7719 6313 7527 6531 
7444 6914 7702 6848 6073 6350 5458 5549 5806 6069 5113 5504 6457 5950 6762 5257 5663 6334 7068 6437 6962 6569 6239 8124 7380 
6408 7714 6575 6091 5712 5189 4965 1311 5280 5022 4933 6675 5920 6005 5479 5163 5094 6840 6132 6418 6799 6798 7451 8414 6988 
6304 6700 6851 4939 5947 4620 3950 729 809 3756 2770 6125 6017 4955 5898 4500 5199 7016 7041 6423 6733 8092 7774 7604 8658 
6308 6902 6410 5234 5880 5370 1419 3534 4776 2873 5775 4256 6794 7122 7004 5495 5814 7108 6721 7869 6037 7003 6934 7652 8446 
6866 5453 6617 6513 6590 3268 1396 7075 6944 8210 6404 1839 4459 7128 5527 7506 7338 6170 7860 3720 6525 6543 7754 6902 3642 
6274 5982 3768 4038 6094 3604 8182 6520 6198 7752 6377 6059 6012 6771 6328 8305 5847 5551 5288 7155 6743 5888 6719 6841 6991 
5495 3844 4053 3378 3495 5620 6917 6066 6907 7011 7267 7620 7018 7147 7793 5841 6334 6268 5781 5945 6567 7027 6918 6263 7621 
4681 3781 2934 5251 4549 6093 7144 7344 7334 7689 7088 7221 7647 7278 8016 7345 6592 7212 5994 6306 6984 7040 6649 7235 6021 
5556 4463 5108 5287 5819 6384 7288 6951 8437 8632 8192 6964 6813 7654 7534 7316 7777 6476 6439 6663 6312 7007 6230 5973 5710 
3506 4343 4489 5156 5332 6694 6062 8986 8795 8480 8462 8812 8960 7802 7000 7024 6739 7131 6605 6960 6920 6038 4810 7835 6217 
4415 4078 4619 5344 6169 5507 8218 8911 5716 5023 4856 5744 6458 7640 6789 8326 7114 7311 7206 6132 6633 5975 5480 5900 6036 
