includes/gis/ASCII_5k/mod13q1_ndvi_2002_129.tif.txt
ncols         25
nrows         20
xllcorner     257482.3972
yllcorner     9670060.6647
cellsize      5000
NODATA_value  -9999
6928 6424 6950 7775 6674 6626 7572 5929 6213 6655 5199 6232 6458 5719 4537 5449 5015 5941 6743 5596 5100 4688 4576 4132 5831 
7025 5982 6648 6777 7421 6622 7257 7082 5210 6207 4439 5278 6513 5237 3411 5169 5797 6154 5412 5540 5241 5140 3389 5092 6091 
6452 7422 6709 6351 7035 7478 6197 5461 6946 5816 4004 4073 4697 5585 4339 3564 3297 4970 5133 5650 6455 5600 4672 4947 5481 
7159 8070 6937 6762 7112 7330 6528 6081 5385 5314 3641 3885 3930 3871 4553 3171 5761 3464 4648 7155 6010 4977 5087 4238 5294 
6879 7656 5487 7330 7521 7286 7158 5325 3796 4902 4018 3865 3522 4088 3160 3983 4339 4743 4044 6592 4792 5150 4517 3459 4831 
5164 7073 6891 7037 7752 6617 5783 3986 4685 4429 7369 3704 2892 3690 3390 3836 3797 4649 4527 5845 6849 4526 5173 4471 5097 
6426 7366 6355 6432 6527 6047 5235 4049 3013 3176 3536 3026 3225 3312 3884 3945 3543 3496 3722 4719 5418 7064 5314 5411 5736 
6716 6349 6109 6468 6559 4853 4677 2906 3743 4029 5109 4329 3585 2858 2693 2859 4116 4445 4361 5119 6272 7169 6418 6615 5485 
5357 7140 7065 5693 6948 5469 4509 3346 2811 3010 3836 2728 3208 3581 2574 2405 2071 3851 4231 4398 6180 6485 6156 7389 6951 
6614 6201 6129 6960 6320 4936 3657 2226 2375 2878 2458 2538 2456 2445 2587 2270 2786 3217 2654 3024 5855 4698 7850 7656 7072 
6406 6994 5854 5806 5422 4690 2683 1489 2570 2775 2356 3743 2783 3150 2503 2185 2877 2742 3059 3152 4427 6482 7070 7442 7386 
6215 6363 6133 5710 5207 4043 2269 1811 1156 2768 2363 2565 2066 2747 2620 2114 2217 2931 2120 2711 4258 7279 7662 7564 7491 
7007 5663 4171 5229 5668 4682 1501 4170 3235 2017 2794 1236 2195 2221 2363 2206 2396 3129 3073 2307 5239 6439 6635 7353 7116 
6017 4386 4021 5398 5348 2300 1712 3776 3492 7543 4364 1992 2366 1920 2474 1796 3304 3257 6035 1622 3481 3886 6293 6661 7189 
6503 5042 2892 2953 5866 3446 5948 3308 3686 2527 2875 2322 2550 2621 2559 7230 2578 2845 3220 4871 2239 2491 5344 6278 7449 
3560 2586 2979 3449 3424 3953 5729 6361 5171 4793 3709 4246 3074 3798 2657 3280 3877 4073 4188 3827 3634 2261 6034 4930 7034 
3027 2638 2723 3368 3222 5766 6406 6428 4929 7044 5418 6009 4701 4989 3031 3668 3972 5599 4044 2886 4136 4654 5164 5689 5434 
2041 1769 2837 4326 5109 6511 7096 5944 6595 -9999 6829 5603 6045 6300 4079 3451 5014 4391 3109 5068 5881 4467 4270 4783 5253 
2174 3261 2968 3625 5424 7276 8084 8792 8800 8746 8595 8885 8915 7635 6189 4929 5494 4322 5111 6421 4903 4947 3899 5938 6242 
2568 3513 3577 3316 3732 8533 7094 5423 6774 6159 6493 6553 6647 7878 7670 7641 5989 6466 6569 4846 5513 5082 4871 5746 5808 
