includes/gis/ASCII_5k/mod13q1_ndvi_2007_305.tif.txt
ncols         25
nrows         20
xllcorner     257482.3972
yllcorner     9670060.6647
cellsize      5000
NODATA_value  -9999
3137 2762 3213 3207 3996 3040 3941 2632 2611 2337 2339 2854 3341 3232 2222 2446 2217 2756 3249 2378 2650 2685 2738 2163 2293 
2830 3679 2520 4634 3687 2992 3195 3165 2099 2485 2687 3073 3380 2727 2249 2169 2645 3374 2494 2796 2908 3106 2805 3319 3743 
2769 3946 3194 2559 2783 2045 3131 1679 2633 2399 2577 2499 2866 3158 2701 2475 3017 2765 3291 2855 4286 3448 3340 1891 3133 
3092 3883 1833 3384 2691 2891 3177 2867 2845 3406 2678 2715 3158 2709 2399 2535 2391 2829 2383 3396 3332 2717 3211 2585 3331 
2635 2930 3198 3357 3079 3834 2819 2608 1663 2692 2623 2868 2797 3436 2245 2524 3447 2505 1946 3995 2519 3207 2579 3519 3261 
2536 2957 3626 2927 3111 3267 2569 1981 2702 2207 3065 2774 2346 2507 2164 2394 2556 1867 2300 3688 3593 3585 2277 3882 3039 
2690 3165 3353 3096 2770 2659 2667 2099 2419 2590 2240 2461 2574 2413 2350 2369 2218 2312 2615 2345 3068 5637 2296 2625 3204 
3020 2561 2993 3545 3105 2686 2501 2522 2345 2530 2812 2055 2762 2737 2136 2646 1799 1873 2045 2930 4875 5253 6545 3627 4240 
2711 2878 1429 3017 3455 2175 2103 2124 2255 2164 2206 2318 2614 2421 2025 1856 1768 -9999 2428 2302 5383 3888 4636 5415 4530 
3002 2686 2720 2557 2500 2652 2321 2079 2136 2065 2168 2249 2443 2129 2151 1839 1574 2367 1927 2584 5358 4784 5198 4911 4576 
2682 2999 2307 2486 2291 2295 1826 1246 1931 1762 1754 2466 2174 2114 2105 1900 2059 2062 1954 2083 2981 5576 3097 2369 4753 
2415 2117 2451 1858 1960 1780 1634 1406 1083 1555 1750 1821 2025 2051 2109 1863 1713 2027 1744 1819 2160 5746 4936 2064 5149 
2772 2175 1663 2276 1907 1674 1304 2919 1956 1590 2305 1166 1810 2032 2323 2223 1896 1852 1912 1916 2434 1917 4536 8139 5288 
2091 2137 1956 2183 2184 1641 1307 2316 1524 5840 2545 1720 1964 2084 2068 2414 2586 2078 3128 1488 2402 2831 5081 5213 1817 
2168 1872 1308 1631 3618 2190 2669 1795 1622 1972 2072 1739 2467 2360 2319 4930 2220 1852 1990 2389 1595 1478 4452 3887 2048 
1897 1520 1667 1564 1671 1901 2186 2030 2058 2508 2572 2594 2187 2378 2250 2407 2545 2087 2067 2092 2206 1839 4397 3384 4196 
1780 1680 1368 2111 1905 2471 2679 2303 2603 2814 2812 2967 3085 2871 2387 2903 2488 2564 2469 1573 2143 1870 2226 2893 4281 
1832 2112 2094 2178 2546 2951 3012 3325 4963 7348 4050 2127 1958 2807 2466 2272 2649 2312 2574 3465 2007 1688 1758 2306 3601 
2436 2295 1992 3114 2447 2913 5017 7770 3055 1562 7273 8536 8822 6795 3349 2523 2418 2791 2406 3560 3040 1705 1735 2601 3665 
1873 2655 3247 3287 3883 3306 1946 1303 6025 1170 571 4081 5398 6368 3580 6585 3174 3117 2535 2495 2816 2485 3016 2001 2205 
