includes/gis/ASCII_5k/mod13q1_ndvi_2004_273.tif.txt
ncols         25
nrows         20
xllcorner     257482.3972
yllcorner     9670060.6647
cellsize      5000
NODATA_value  -9999
3257 2690 3400 2950 3099 2384 3564 1751 2249 1956 1913 3096 3493 2874 1918 1787 1815 2563 2890 2863 2444 2411 2463 2054 2061 
2544 2835 2854 2888 3120 2564 2823 2435 1775 2314 2215 2656 2718 2493 1911 2298 2304 2688 2450 2248 2353 2990 2563 3321 3367 
2684 3383 2988 2240 2651 2488 2566 1825 2557 2260 2102 2132 2498 2498 2001 2052 1975 2152 2304 2204 3742 3025 2788 2977 2925 
2976 3757 2595 2862 2353 2537 2569 2579 2113 2706 2411 2415 2627 2071 2009 1910 2355 2106 1942 4129 2406 2177 2754 2257 3063 
2598 3035 3033 3000 3081 3251 2444 2452 2168 2325 2537 2385 2449 3013 1991 2151 2410 2177 1882 3494 2438 3209 2161 2556 2922 
2365 2977 3225 2037 3031 2972 2027 2175 2342 2095 3108 2428 1989 2279 1937 2114 2406 2042 2248 3577 3529 2885 3545 2735 2613 
2663 2959 3194 3138 2424 2200 2484 2417 2195 2169 2105 2072 2199 2123 2113 2100 2003 1981 2248 2904 2565 4542 2513 2690 2976 
2615 2464 2534 3105 2630 2240 2170 2224 2333 2418 2676 2348 2385 2445 2107 2221 1943 1691 1875 2050 3875 4812 3842 3292 3848 
2465 2648 3077 2917 3129 2194 1962 1861 2074 2144 2135 1982 2353 2167 1860 1982 1761 1818 2004 2204 4481 3747 4611 5018 4692 
2839 2317 2677 2468 2289 2582 2385 2131 2019 1974 2069 1713 1782 1920 1799 1840 2048 1759 1913 2405 2967 3154 5177 4933 3933 
2770 2858 2082 2539 2199 2119 1923 1347 1746 1803 1544 1981 1873 2001 2085 1889 1669 1808 1743 1803 2160 3835 3136 4474 4633 
2237 2121 2206 1736 1850 1704 1603 1318 1141 1642 1636 1810 1881 1932 1771 1790 1645 2040 1739 1708 2067 5362 3528 3341 5060 
2384 2077 1872 2113 1905 1733 1223 2656 1915 1395 2060 1093 1748 1744 1946 1773 1720 1911 1891 1912 2731 2449 2860 7467 3647 
2152 1817 1705 1866 2017 1449 1381 2224 1357 4812 2737 1708 1731 1669 1567 1574 1867 1795 2751 1102 2420 2389 3671 2761 4466 
2065 1777 1411 1608 2813 2276 2521 1714 1670 1491 1680 1577 1954 1927 2022 4357 1717 1833 1765 2346 1415 1477 3992 2484 3363 
1958 1572 1368 1642 1674 1729 1858 1889 1652 1752 1709 2285 1785 2235 1879 2106 2273 2070 1737 1957 2063 1635 3593 2329 2731 
1702 1602 1339 1871 2125 2035 2099 2217 2377 2215 2364 2240 2534 2457 2148 2166 1846 2201 2350 1431 2005 1824 1946 2228 3546 
1715 1348 1840 1876 2374 2373 2556 2282 7095 6747 3236 2280 1786 2272 1958 1732 1814 1937 1971 2536 1857 1461 1738 2107 2212 
1512 1619 2130 2054 2065 2353 3299 8021 8073 7343 8105 8366 8094 5242 2672 2100 2367 1956 1936 2504 2425 1740 1601 2172 3236 
1578 1740 2264 2260 2326 2505 6583 4998 5181 4958 5526 6163 5731 6980 3588 5144 2425 2505 1686 2187 2461 2177 2360 1982 2276 
