includes/gis/ASCII_5k/mod13q1_ndvi_2002_209.tif.txt
ncols         25
nrows         20
xllcorner     257482.3972
yllcorner     9670060.6647
cellsize      5000
NODATA_value  -9999
994 592 3527 2970 4467 3296 4424 2152 2609 2684 2359 3178 3362 2981 2098 2631 2169 2940 1890 2901 2855 2988 3027 2943 3205 
3478 2430 2240 3522 4198 3058 3360 2789 2109 2690 2370 2699 3186 2424 1956 2658 2837 3215 2934 3030 2799 2602 3036 3495 3757 
4482 3985 3295 1371 1462 3593 2808 2195 2837 2515 2075 2162 2657 2683 2237 2255 2292 2383 2430 2846 4018 3455 3284 3385 3516 
4294 1324 2334 1757 3420 3037 3013 2747 2536 3093 2230 2439 2650 2184 2123 2033 2552 2136 2302 4363 3052 3177 3165 2637 3493 
3364 4531 3848 4283 3208 4134 3318 2576 2534 2138 2850 2838 2584 2869 2067 2050 2470 2289 2187 3677 2514 3758 2984 1586 3344 
2599 3237 4071 3175 4306 3738 2328 1433 860 2266 3492 2873 2172 2193 2039 2077 2508 2232 2458 3545 3843 2956 3718 3277 3277 
3125 3292 3725 3701 2889 1922 2613 2338 1573 2303 1783 2307 2487 2437 2398 2297 2184 2320 2323 3085 2462 5349 3267 3281 3139 
2756 1791 2572 2456 2593 2419 2295 1906 2006 2451 2198 2584 2560 2350 2049 2263 2147 1812 2156 2487 3960 5497 4332 4285 4265 
3369 3602 1486 1910 4432 2025 2594 2224 2299 2189 696 2109 2486 2399 2100 1951 1707 1842 2281 2480 5232 4099 5307 5907 5163 
2642 1641 1716 1390 1555 2623 2520 1290 1879 1033 1159 496 1944 1981 2116 1865 1962 1972 2028 2243 3005 3789 6318 5930 4557 
3123 2072 2674 2382 2110 1801 1959 1208 1917 1902 1822 972 2057 2205 2068 1847 2064 1937 1991 2072 2479 4440 4288 5697 4998 
1712 1436 1428 1873 1759 1446 1534 1918 1141 1262 1939 816 1863 2109 2064 1833 1773 2140 1698 1925 2457 5667 5018 4883 4915 
3205 2410 2585 1781 2220 1789 1106 3806 2036 1480 925 1154 1829 1806 1895 1992 1834 2000 2065 1605 2714 2808 3618 7554 3797 
2714 1836 1898 2066 2161 1579 1265 2237 1717 5589 3384 1465 1723 1860 1689 1573 2271 2093 3583 1304 2366 2465 3621 4112 6311 
2418 2091 1586 1703 2783 2136 2373 1385 1577 1626 1747 2518 2063 2326 1801 5738 1956 2054 2224 2790 1570 1744 3782 2575 3644 
2135 1699 1514 2101 1812 1926 2221 2101 1783 2476 2326 2328 2304 1595 1949 1997 2438 2359 1922 2220 2470 1793 4367 2172 3073 
1965 1682 1509 1957 1244 2548 1254 608 2149 2457 2518 1067 777 2431 2256 2447 2083 1991 2401 1741 2089 2257 1918 2985 3870 
1796 1394 1743 1981 1264 2200 1261 606 569 1944 1525 268 754 305 2531 2046 2450 1863 2404 3090 1962 1983 2012 1886 2441 
1579 1691 2092 2144 2240 524 1196 532 1071 606 773 572 536 2594 3744 3037 3194 1811 2738 2672 2448 2262 1890 2788 2840 
1899 2053 2531 2465 2218 3210 1046 6553 6274 3463 3317 3149 5031 1038 4816 6168 3507 3615 3364 2985 3039 1949 2584 2524 2033 
