includes/gis/ASCII_5k/mod13q1_ndvi_2006_033.tif.txt
ncols         25
nrows         20
xllcorner     257482.3972
yllcorner     9670060.6647
cellsize      5000
NODATA_value  -9999
2381 2357 2959 2617 3192 1783 3190 1547 2029 1955 2026 3589 3052 3582 1050 1196 1525 2604 2362 2809 2013 2129 1999 1898 2066 
2085 2267 2119 2743 2916 2204 2648 2125 1697 4569 2140 2697 2719 3093 1822 2273 2558 2549 2255 2231 2237 2830 2153 3521 3450 
2403 2710 2689 1863 2477 2145 2207 1709 2508 1993 1908 1862 2444 2607 2166 2030 2007 2001 2312 2089 3671 3143 3179 2649 3162 
2747 3648 2485 2710 1923 2289 2179 2307 2453 2847 1922 2091 2594 2218 2088 1716 2146 1544 1946 4361 2406 2217 2679 2073 3140 
2481 3134 2727 2664 2987 2969 2121 2253 2026 2219 2295 2457 2630 3627 1785 1720 2234 1957 1858 4107 2786 2865 2050 2679 3115 
2099 3041 2970 2645 2673 2757 2195 2070 2074 2400 2604 2664 2813 2366 1759 1854 2345 1697 2145 4067 3942 3137 3414 2275 3123 
2408 2640 2916 2969 1859 2319 2529 2174 1964 2091 2221 2347 2660 2161 2200 1932 1768 1903 2011 2806 2499 5130 2828 3179 3286 
2480 2081 2347 1576 2382 2141 2270 2244 2223 2140 2304 2222 2244 2330 1910 1932 1849 1533 1966 2294 3988 5832 5039 4109 4283 
2243 2557 2804 2644 2836 2016 1916 1866 1998 2134 2162 1872 2220 1833 1856 1851 1504 1822 2544 2581 5431 4613 5169 5738 5410 
2549 1963 2581 2279 2150 2339 2005 1837 1748 1845 1866 2093 1879 1708 1833 1809 1855 1610 1784 2157 3068 5007 6951 6102 5183 
2389 2711 2092 2211 2098 2120 1682 1037 1743 1742 1708 1666 1845 1871 2143 1628 2128 1687 1812 1710 2545 6221 5913 6846 6983 
1888 1989 2056 1758 1989 1493 1385 1305 982 1688 1559 1642 1791 1764 1945 1737 1809 1821 1694 1782 2420 6217 6556 6546 7003 
2082 1754 1585 2411 1918 1495 1373 2445 1774 1256 2089 971 1744 1772 1680 1873 1703 2203 1807 1623 2907 3266 5133 7271 6170 
1817 1377 1705 1809 1930 1389 1310 2073 1387 4883 2432 1562 1584 1481 1485 1659 2257 1734 2885 1291 2324 2148 4131 5034 8148 
1703 1677 1294 1483 2928 1861 2226 1610 1637 1516 1591 1661 1985 1943 1764 3985 1973 1720 1931 2809 1588 1506 5089 3812 5515 
1804 1397 1378 1443 1639 1584 1967 1879 1847 1940 1909 2222 2064 2431 2165 1696 2348 2297 1589 1921 2222 1961 4264 2628 4016 
1479 1593 1188 1895 1827 2025 2362 2259 2379 2271 2509 3314 3430 2874 2190 2489 1945 2160 2187 1481 2086 1818 2015 2531 4010 
1639 1121 1739 1986 2266 2238 2392 3390 6245 6804 3499 2436 2281 2716 2094 1928 2181 2082 2014 2910 2070 1694 1997 2370 2882 
1450 1614 2003 2161 2118 2363 2227 8593 8552 8448 8612 8735 8751 7123 5850 3544 3503 3123 2428 2902 2854 1789 2006 2461 3852 
1756 1978 2297 2504 2273 2837 7874 8188 4990 4966 5153 5647 5438 7428 6471 7463 4707 5405 4411 3702 2879 2629 2522 2234 2407 
