includes/gis/ASCII_5k/mod13q1_ndvi_2001_129.tif.txt
ncols         25
nrows         20
xllcorner     257482.3972
yllcorner     9670060.6647
cellsize      5000
NODATA_value  -9999
7287 6293 6361 5638 4394 6401 6439 3824 4299 4446 3421 5908 6731 6660 4325 5818 4247 6286 4142 6536 5748 4947 5969 6198 5316 
6336 6038 5376 2131 5820 4642 4701 3193 4706 4329 3593 5090 5305 4441 4814 5442 5978 6395 4367 5579 5944 6698 5661 6859 5993 
6929 6439 4779 6132 6724 7385 5384 2701 5888 3658 4090 4015 4389 6454 4954 6302 6211 4452 6823 5565 6885 6307 5810 5480 4153 
5750 2887 7174 5310 6916 2440 5355 3907 3573 5528 4665 5080 6573 6232 4527 4299 3815 3215 5108 7644 4776 3908 5587 4875 4796 
6589 6922 5960 6649 7590 6860 6684 3267 3701 4874 5315 5172 6106 5198 4380 3941 3892 3745 3534 6232 3498 2648 4879 4935 5061 
5807 7274 5395 6004 2812 5651 4736 5229 3777 4231 5933 6217 4277 3790 3679 3938 4633 4161 3634 6011 7466 4842 5449 5609 5365 
7352 6977 6494 1371 2360 4464 4484 3627 3625 3876 3994 3634 5755 3895 3428 3675 3703 5326 5372 5985 4469 7890 4808 5643 5057 
6323 5375 4473 7970 5469 1768 3095 3245 3448 3653 5409 5452 5222 4390 3243 3663 3699 3978 4798 5336 5962 5983 6106 5571 6238 
7241 2724 2842 7319 5808 4464 1003 3881 2980 4016 4658 4074 3933 4216 3142 2926 2310 2519 3099 3386 6648 3025 5699 6055 6804 
6806 5915 3442 6507 5215 3681 3478 3433 2982 3856 3703 4856 4178 4187 3792 2658 2935 2140 2428 3749 5016 6794 6049 7736 6618 
4701 3133 4925 3801 3171 3873 2651 1708 3573 3501 4035 3868 5314 4039 3360 2994 3171 2571 2759 2964 3949 6555 5227 7470 7902 
4926 3840 5639 5307 2301 2805 2186 3150 1425 3278 4188 3208 3165 3860 3819 3723 2973 3631 2463 2548 3561 7412 3641 7581 7883 
6023 6003 3612 2837 3941 2219 1052 4982 3092 2970 3612 3432 4233 3648 5613 3481 3025 3731 3305 3789 4586 6450 6672 7413 7429 
5527 4993 1912 2706 4120 1927 1398 3807 2567 7232 5676 2223 3398 2440 3501 3326 3728 3516 7189 2278 4557 5211 7707 7032 7537 
4627 3816 2067 3143 4289 2625 4415 3627 3852 3138 3164 3116 3865 4189 3506 7703 3280 3371 3057 5713 3326 3622 6742 4512 7502 
3208 2797 2365 2132 2871 2606 4427 4185 5927 4034 4221 4384 4533 4672 5011 3373 3788 3676 2977 4654 4899 5474 7050 6321 6599 
2749 2705 2023 2731 2798 6329 7663 5483 5666 7376 6097 4087 4877 4117 3975 5055 3980 5594 4005 3554 5588 5093 4453 5139 5627 
2724 2214 2836 2743 3966 6206 5874 5021 8786 2753 4948 4080 5214 5821 3934 3681 4564 4069 4645 5036 5011 4834 3736 4378 4420 
3347 4286 3161 2835 3539 5504 1894 2672 1497 2396 404 1361 1349 7321 5093 4515 5656 4593 6346 6463 4982 4678 3280 5676 5720 
5637 4211 4323 4405 6250 6781 2953 6566 7240 1448 324 479 1947 7945 7650 6486 4932 5182 6419 5555 5829 4755 4940 4471 4306 
