includes/gis/ASCII_5k/mod13q1_ndvi_2012_161.tif.txt
ncols         25
nrows         20
xllcorner     257482.3972
yllcorner     9670060.6647
cellsize      5000
NODATA_value  -9999
6500 6424 5406 5481 1362 5201 4033 4712 3879 5033 1244 3737 5454 4471 3870 3376 2571 3868 4471 4583 3701 3324 2992 3422 3039 
4019 5739 5456 5435 6400 5419 4893 5034 4263 5419 3894 4590 2047 2705 3481 3461 3866 3760 3585 3885 3442 3793 3125 3766 3656 
5849 5812 3359 5245 5843 5514 5864 5476 5942 4864 3984 3320 4327 3185 3499 2671 2762 2219 3379 3845 5432 3821 3250 3364 3566 
5400 2134 4854 3029 3722 4519 5866 5909 4258 4657 4271 3723 2048 1504 3001 3478 2727 2742 3254 5014 4030 3117 3326 3190 3855 
2888 2634 3702 4905 3974 6455 5812 5744 3922 4902 3459 3584 1042 2694 2529 2583 3502 3522 3386 5606 4652 3980 3204 3390 3720 
4406 5806 5931 4490 2571 6052 4701 5219 5254 4130 6310 2182 3305 666 2283 2798 3109 3152 3769 6015 4985 4634 4344 4226 3904 
4039 4091 5204 5750 4516 4753 5671 5183 3951 3282 3544 3837 3541 3785 4021 4028 3852 3732 3949 4380 4350 5525 4595 4273 4066 
4444 4785 6375 5704 3717 4538 5008 4672 4911 4904 5504 4192 3138 5280 2926 4185 3290 4149 3366 3719 5512 6097 5814 5658 5079 
3969 5664 5879 5571 4900 4337 5172 3990 4603 5602 2301 4198 4172 3756 2797 2870 2664 4114 3702 3679 5641 6315 5487 6768 5665 
3476 4311 4225 4618 4183 3038 3730 3535 4180 2861 4283 4174 3226 3354 3192 2684 2816 2832 2878 3391 4083 6350 6643 6394 5064 
4352 5182 3284 4152 3391 3109 3343 1828 2975 1862 4232 4955 4077 3155 3253 2536 3342 3195 2642 2512 3321 5764 6259 6871 5664 
2819 3088 2952 3153 3106 2542 2317 2391 1300 2240 2847 2941 3569 3664 2991 2714 2693 2992 2702 2698 3030 5703 5559 6486 6067 
4024 2845 2260 2436 2419 3025 1367 3020 2968 2007 2989 1791 2593 3204 3618 3246 2640 3274 2480 2208 3844 4332 5115 7549 5440 
3903 2709 2345 2376 4263 1798 1709 3302 2738 6419 4727 2116 2549 2337 2678 2999 3625 2845 4813 1722 3995 3509 4970 5765 4941 
3875 3042 1552 2246 3910 2535 3825 2851 2607 2929 2841 2607 3113 3721 2247 5900 2718 2381 2308 3848 2050 2503 4768 4515 6172 
2936 1779 2042 2113 2541 3105 3835 3585 4093 4995 3144 4257 3312 2486 2908 2723 3218 3137 2191 2600 3083 3196 4641 3387 5114 
2747 2987 1692 2559 2700 4240 4257 3093 3019 2515 2157 4915 5091 4897 3719 3130 2869 4017 2814 1894 3690 2967 3082 3334 4137 
3249 1667 2539 2797 1521 4645 4476 2420 3165 4037 3070 2977 2130 2830 3523 3297 3391 2922 2623 3741 2660 2686 2433 2892 3477 
1591 1927 2296 2634 2525 3123 4353 3441 6673 6735 6377 3984 8204 7426 6094 4718 3805 3565 2995 3460 2932 2357 1736 2828 3451 
2538 2048 2694 2467 2313 2247 1757 7616 5381 4900 5369 5605 6221 6823 7934 7539 5706 5192 3178 2821 2897 2383 2367 1966 4347 
