includes/gis/ASCII_5k/mod13q1_ndvi_2016_017.tif.txt
ncols         25
nrows         20
xllcorner     257482.3972
yllcorner     9670060.6647
cellsize      5000
NODATA_value  -9999
7472 5799 7184 6451 6323 5830 6594 4274 5806 5894 4695 5085 5818 6357 4696 4936 3893 5094 5777 6307 3933 4471 3877 3914 3232 
6781 6839 6646 6135 6082 5369 6031 6347 4293 5253 4488 4121 4281 7050 4243 5503 5582 5624 4737 5003 4405 4248 3539 3911 3683 
6637 6979 7440 5978 5605 5580 4975 4730 4858 4469 5534 4394 4640 5657 5806 4773 4500 3665 4649 2907 5968 3859 4627 3423 4606 
6136 8032 7799 6833 5173 5891 4921 5106 3116 4988 3765 4993 5220 4586 4422 4716 5948 2953 3877 6745 3507 4265 4672 4157 5754 
6354 7691 7138 7256 6599 7861 5444 4553 3575 3656 4268 4023 4517 4737 2574 2861 4104 2842 2120 4650 3339 4710 3289 4930 5216 
6451 7315 7164 6566 6486 6113 5068 4466 4902 3912 6282 3858 2879 2773 2132 2495 3082 2305 3004 4674 6353 5856 4800 4107 5476 
6954 6409 7033 6100 5117 4323 4319 2913 4293 2529 2815 2979 3448 3164 3301 3123 2757 2803 2926 5305 5146 6759 5097 4518 5531 
7172 6926 6273 7095 5791 4859 4072 5578 5885 2622 5575 3296 2704 3653 2337 2865 3101 2428 2742 4649 6868 6868 7954 6518 8088 
6413 6605 6506 5909 7218 5959 6355 5579 2776 4622 4001 4084 4079 3478 3126 2501 2772 3166 2508 4808 6442 6892 6094 7416 7511 
6275 5224 5537 6950 5718 5653 5328 3032 3210 4868 3963 4057 4770 4228 3587 3098 3156 3569 2537 3655 6134 7067 8018 7740 7492 
4804 6166 3762 3976 3888 3666 2985 1652 4973 5125 4161 3856 3316 4157 3776 3459 4200 3955 3050 2556 3860 6991 7509 8152 8337 
3804 4394 3838 3039 4105 2392 2160 1789 1298 3216 2934 3191 2250 3171 3923 3796 2930 3941 2609 2709 3695 7617 7733 8233 8295 
4807 5520 4483 4487 4477 2571 1456 3270 3713 3232 4419 2380 2235 2691 2866 3260 2765 4282 2726 2857 5427 5145 7472 8505 8113 
4794 4351 5382 4955 5703 3033 823 5169 4376 7817 5369 2091 2939 2547 3329 4463 4938 3904 6408 1820 6410 5595 7435 7396 8424 
3561 4538 2957 4043 5984 2748 6775 3709 4344 5988 3794 5709 4742 4129 4244 7287 3788 3441 3609 4987 2203 2527 6265 6998 7732 
3846 3594 4422 4257 4736 5559 6081 5959 6102 6194 5695 5847 5149 5552 4733 4434 4785 4120 3235 3652 3853 3434 6489 5448 7774 
3731 5099 3704 6511 5406 5891 7393 6956 6864 6880 7005 6874 7032 6769 5297 4898 4157 4914 3992 3608 4560 5235 4131 5026 5471 
4679 3445 4628 5524 5375 6221 7213 6075 8402 8520 7804 6369 7251 7332 5005 4687 5716 4510 4015 5938 5813 5580 4324 3519 5284 
3034 3776 4186 4090 5765 6216 3914 8800 8759 8599 8606 8858 8795 7985 7570 6805 5890 5898 5950 6031 6564 5505 3031 3342 4582 
3154 4797 4901 5284 4678 5579 8440 8729 6059 5305 5598 5456 6547 7890 8558 7601 7289 6808 5919 6295 6392 4540 3371 2887 4947 
