includes/gis/ASCII_5k/mod13q1_ndvi_2006_049.tif.txt
ncols         25
nrows         20
xllcorner     257482.3972
yllcorner     9670060.6647
cellsize      5000
NODATA_value  -9999
2228 2161 3057 2217 2961 2163 3210 1551 1911 1867 1926 3060 2947 2568 972 1116 1465 2348 2225 2511 2011 2345 2066 1804 1863 
1987 2089 1937 2829 2683 2207 2571 2006 1577 2062 1904 2410 2209 2364 1691 2416 2287 2395 2227 2115 1918 2444 2127 3072 3144 
2535 2871 2711 1778 2349 2104 2265 1703 2400 1894 1782 1791 2267 2269 1705 1798 1656 1858 2014 2025 3463 2706 2771 2581 3089 
2597 3196 2170 2384 1935 2104 2224 2363 2304 2723 1980 1874 2288 1603 1843 1527 1847 1527 1773 4056 2314 1982 2455 2015 2939 
2449 2768 2613 2510 2886 2762 2051 2190 2067 2172 2160 2105 2347 3555 1636 1595 2172 2094 1811 3816 2583 2911 1754 2462 2741 
2117 3104 2653 2390 2692 2927 2285 2007 1869 2225 2458 2443 2101 2222 1720 1902 2059 1647 2016 3320 3565 2939 3101 2375 2543 
2366 2649 3269 2654 2160 2256 2557 2259 1955 2025 2320 1975 2311 2250 1524 1818 1827 1827 1934 2480 2309 5598 2724 2902 3415 
2433 2177 2151 2731 2158 2144 2086 2080 2079 1928 2232 2019 2167 2245 1929 1833 1660 1479 1949 1983 4116 5325 4813 3614 3945 
2304 2588 3164 2625 2529 2016 1935 1820 2060 2078 2104 1861 2050 1982 1945 1929 1629 1752 2128 2360 5545 4077 4601 5205 5139 
2482 2120 2539 2344 2014 2174 1937 1708 1737 1708 1728 2076 1794 1841 1759 1824 1785 1754 1718 2117 2819 3941 6533 5765 4640 
2313 2758 2151 2275 2070 2049 1634 993 1599 1573 1642 1623 1767 1862 2027 1744 1822 1888 1560 1819 2451 5312 4538 6129 6506 
2198 1846 2026 1761 1879 1567 1446 1223 1019 1494 1649 1578 1519 1788 1962 1793 1759 1827 1516 1794 2420 5927 4889 5583 6225 
2055 1656 1543 2322 1873 1478 1330 2637 2053 1742 2147 1018 1572 1587 1929 1885 1758 1963 1771 1595 2584 2694 4152 7835 5574 
1821 1412 1680 1782 1882 1413 1274 2183 1448 4951 2600 1527 1674 1716 1623 1459 2172 1697 2758 1076 2132 1878 3871 3737 5826 
1688 1650 1266 1531 3068 1944 2270 1676 1532 1588 1536 1593 2048 1929 1942 4267 1756 1751 1918 2538 1501 1410 4492 3490 5345 
1716 1457 1224 1382 1604 1590 1938 1779 1876 1928 1954 2147 1839 2236 2123 2068 2299 2020 1675 1700 2054 1769 4028 2280 3173 
1480 1480 1110 1783 1981 1961 2296 2213 2365 2351 2390 2834 3232 2697 2111 2592 1848 2110 2230 1421 1834 1657 1837 2362 3728 
1648 1094 1650 1944 2140 2155 2319 2299 6199 6234 2966 2036 2075 2816 2157 1843 2298 1911 2090 2778 1857 1577 1835 2354 2662 
1370 1681 2067 2304 2306 2233 2276 7394 7883 7892 8146 8288 8320 6588 4972 2737 2807 2885 2566 2851 2590 1649 1684 2314 3449 
1798 1895 2396 2555 2322 2233 7614 7842 4306 4304 4595 5517 5529 6644 6317 6533 3559 4185 4100 3433 2856 2115 2329 1794 2407 
