includes/gis/ASCII_5k/mod13q1_ndvi_2000_049.tif.txt
ncols         25
nrows         20
xllcorner     257482.3972
yllcorner     9670060.6647
cellsize      5000
NODATA_value  -9999
3328 2981 3477 3697 3783 2587 3391 2291 2406 3104 2932 4806 4442 4002 2859 3438 3076 3677 4227 4006 3289 3312 3431 3029 3317 
3498 3260 2749 3289 3890 2716 2784 2507 2053 2996 2543 3269 3779 2955 3170 3245 3803 4153 4288 4357 3731 3989 3569 3961 4595 
3234 3717 3229 2547 2989 2681 2847 2417 2837 2429 2650 2496 3030 3147 3122 2675 3016 2991 4028 4240 4268 4356 4229 4239 4471 
3329 4622 2714 2758 2469 2739 2725 2652 2523 2839 2658 2933 2872 2729 2704 2599 2828 2762 3189 4396 4243 3994 4564 3834 4526 
3417 3631 3186 2863 2784 2431 2710 2376 2355 2609 2681 2921 2734 3163 2484 2561 2819 2903 3134 4813 3767 4261 3617 4411 4347 
2557 3442 3252 2991 2750 2826 2260 2234 2411 2451 4069 2497 2260 2514 2367 2697 2593 2568 3287 4764 4962 4905 5921 4609 4586 
2975 3267 3361 3457 2599 2315 2463 2221 2117 2195 2148 2247 2499 2558 2476 2430 2530 2678 2797 3221 3975 5982 4063 4398 4107 
3048 2792 2500 3056 2501 2118 2073 2254 2215 2266 3522 2310 2445 2533 2312 2333 2232 2284 2660 2855 4601 5508 5055 5515 6838 
3093 2827 3039 2504 3033 2089 2307 1929 2016 2000 2079 2143 2565 2715 2367 2362 2140 2175 2553 2802 5193 4857 5187 6759 6067 
3294 2338 2596 2258 2198 2258 2359 2121 2000 2147 2118 2209 2060 2253 2675 2278 2312 2350 2489 3097 3899 4270 7074 6996 5428 
2840 2770 2396 2532 2177 1961 2114 1347 2017 1938 1719 2090 2363 2419 2382 2191 2205 2669 2735 3090 4180 5334 5567 6244 7191 
2428 2397 2518 1957 1771 1576 1898 1886 1073 1828 1527 1934 2232 2281 2538 2212 2111 2721 2561 3075 4126 6310 5201 5625 6413 
2791 2008 1755 2224 1777 1707 1151 3631 2103 1659 2457 1293 1961 2032 2275 2161 2026 2247 2526 2468 3640 4317 4078 7422 5782 
2222 1662 1792 1984 1875 1466 1191 2104 1663 6043 3384 1658 2070 1801 1806 2289 2600 2338 4860 1888 2978 3014 5199 4084 5765 
2257 1860 1437 1475 2993 2290 2561 1859 1710 2065 1943 1868 2257 2000 2103 5441 2271 2215 2184 2835 1974 2387 5268 3960 4889 
1946 1671 1254 1545 1651 1808 2154 1860 1652 2034 2337 2487 2149 2510 2372 2192 2438 2514 2032 2275 2549 2421 4966 3322 4595 
1622 1570 1250 1887 2035 2395 2523 2845 2434 2703 2821 2850 2857 2856 2585 2838 2314 2765 2636 1954 2287 2232 2445 3072 3966 
1762 1446 1778 1990 2278 2459 3119 2794 7952 8132 4942 3244 2816 3647 3043 2248 2591 2385 2532 2830 2217 2297 2178 2430 3086 
1967 2092 2280 2226 2311 3286 4076 8335 7975 7797 7884 7987 8042 5953 5155 3976 4173 3050 3179 3441 2928 2504 2294 3315 4037 
1943 2317 2759 2799 2126 3059 6787 8014 5624 5197 5598 4205 4951 6698 6039 6345 4091 5059 3865 2944 2795 2612 2841 2401 2625 
