includes/gis/ASCII_5k/mod13q1_ndvi_2017_081.tif.txt
ncols         25
nrows         20
xllcorner     257482.3972
yllcorner     9670060.6647
cellsize      5000
NODATA_value  -9999
4518 3747 5711 5413 5958 3700 3668 2034 2427 2110 2123 2714 3037 3596 1601 1567 2265 2977 2695 3111 2419 2637 2539 2201 2238 
4015 4308 4376 4611 4502 3047 3713 2846 2321 2265 2054 2543 2886 2656 1846 2632 2931 3420 3037 2452 2501 2877 2628 3292 3099 
4158 5581 4053 3353 4784 3733 2835 1979 2518 2109 2075 2100 2813 2695 2062 1971 1938 2328 2712 2435 3805 3017 2607 2877 2990 
4851 6445 4993 4266 3866 4147 4403 3080 3013 3227 2636 2452 2686 2105 2417 2491 2429 1951 2083 4797 2534 2265 2615 2478 3241 
3989 4518 3827 3389 2973 3859 2752 2585 3096 3807 3169 2773 2366 3819 2076 1896 2684 1991 1923 3984 2509 2876 2404 3088 3402 
3109 3649 2494 2631 2744 2578 2465 2442 1739 3106 2722 2516 2128 2457 2133 2873 2682 1987 2518 3754 3641 3217 2618 2948 2844 
2759 3614 2740 2980 2746 3364 2836 2233 2261 2768 2336 2589 2654 2396 2728 2160 2128 2371 2200 3162 3243 5290 2857 3212 3391 
2882 2876 3156 3725 2890 3230 2770 2550 2338 2239 3953 2314 2697 2443 2105 2385 1901 1805 1963 2436 4086 5566 5085 3700 3765 
2854 3074 2820 2405 3414 2993 2540 2254 2132 2171 2314 2179 2817 2638 2779 1904 1689 1831 2302 2448 4860 3717 5224 6598 6102 
3800 2627 2769 2503 2195 2324 2428 1902 1904 2029 2032 2397 1721 2687 2101 2027 2240 2013 1752 2353 3404 4945 5900 6057 6634 
3604 3083 2217 2220 1687 3160 1869 1330 1847 1743 1629 1848 2390 2348 2197 2061 2292 1887 1782 2011 2126 5858 4414 6747 6493 
2534 2289 2523 1941 1814 1861 1849 1568 1095 2196 1730 1619 1984 2672 1929 1895 1783 1992 1658 1994 2359 6182 5161 4047 7200 
2679 2219 2001 2888 2021 1467 1379 2848 2132 1417 2002 1034 1914 1845 2044 1847 1618 2060 1790 1653 3342 3910 4940 6675 6825 
2273 1587 1938 1649 2583 1542 1371 2119 1567 6350 3529 1565 1900 1710 1716 1757 2250 1882 2443 1425 3155 2816 4587 5238 7134 
2060 1872 1362 1583 2995 1826 2335 1624 1787 1767 1549 1740 2060 2123 3751 5602 1791 1625 1744 2565 1609 1518 4297 4128 5951 
2018 1439 1672 1545 1680 1853 2502 2831 2680 2230 2019 2322 1875 2868 2749 2694 2633 2248 2044 2021 2217 1877 4022 2630 4687 
1978 2198 1296 2292 2214 2940 3708 3388 3601 3591 3624 3963 4464 3813 3402 3192 1915 2503 2630 1597 2693 2116 2163 3143 4351 
3335 2128 2603 2613 3101 3173 3978 4338 7002 8257 6017 3638 3988 5101 2539 2036 2321 2291 2493 3574 2718 2033 2120 2284 3526 
3657 3073 2889 3247 3459 3697 7075 7809 1936 7308 8767 8909 9046 7455 4562 3274 2189 2930 2653 3340 3253 1978 1762 1995 3820 
2930 5137 3797 4438 3355 3093 7380 8694 5807 3368 346 5655 6192 7749 8333 6494 3852 5014 2222 4569 4749 4292 2542 1964 2312 
