includes/gis/ASCII_5k/mod13q1_ndvi_2011_353.tif.txt
ncols         25
nrows         20
xllcorner     257482.3972
yllcorner     9670060.6647
cellsize      5000
NODATA_value  -9999
5647 4656 5455 5324 5867 5806 5503 4424 4038 6491 4749 4773 5727 5434 4728 4725 3327 5701 6517 6205 4589 4892 5144 4663 4781 
6712 6328 4517 5987 6361 4969 5043 4686 3316 4627 4601 4800 5007 4401 5781 6736 6516 5529 5981 5394 5077 5250 5517 5069 7097 
5979 6825 7026 4628 4659 4468 4777 3413 4718 3443 2988 4584 4692 6153 6527 5520 5939 3956 6007 5879 6381 7682 6125 5942 5836 
6579 7260 6595 5598 3753 4155 5245 5279 4057 4280 3378 3766 4506 4368 6014 5880 6066 5350 4664 7173 6083 5778 6316 5014 6291 
5817 7027 6361 4407 4095 5257 3966 4041 2743 3334 3379 5121 4779 5730 4315 4920 6372 5825 5246 7038 6752 6569 4821 6174 6066 
5940 6798 5652 4265 4038 4767 3866 3775 2764 3705 5550 3678 3593 4256 3614 3284 4645 4631 5928 6989 7612 7608 5846 5535 5411 
5832 5894 6444 6067 5226 4282 3227 2995 3365 2889 3395 3404 4233 3580 5157 6216 4747 3585 5510 6222 6381 7107 6330 5951 5537 
5597 5042 5165 5513 3814 3358 3081 3743 2250 2124 4756 4027 4380 3516 2677 3604 2859 3377 4461 4629 6647 6936 7901 7961 8415 
6168 5625 4931 4645 6208 3595 3427 3235 2131 2321 3562 4131 4403 2785 2671 2736 2996 4878 4443 4783 6230 6899 5706 7729 7882 
4920 3486 4542 4871 4098 4029 3795 2766 1913 2337 3552 3190 2990 2785 2980 2549 3254 4190 3583 3883 6513 7100 7902 8137 8029 
5237 6051 3940 3707 2800 3067 3525 1447 2112 2334 3043 3668 3390 2428 2829 2946 3452 3606 3205 3028 5501 6571 7784 8052 8288 
4145 3508 3144 2427 2641 2081 2688 1301 1059 1859 2316 2727 1939 2881 3593 2552 3049 4301 4376 3894 4630 7445 7700 8063 8052 
4601 5026 2232 2974 2938 2767 1604 3031 2383 2057 3018 2032 4443 2332 3960 3578 2872 3362 3317 2832 5169 6960 7010 8392 8086 
4749 3829 2477 3106 6008 1666 1290 2530 2121 7824 5277 2179 3631 2708 3834 5198 4186 3906 6957 2607 5676 6657 7676 6812 8142 
3745 3875 2144 2984 5504 2243 3649 3145 2965 6928 3499 4683 4412 3268 3598 8007 5295 5037 4490 6648 4679 5209 6856 6943 7701 
3066 1971 1988 1899 2925 2987 3498 5192 4922 6802 6028 6091 5921 5015 5240 5359 7319 7092 4327 3980 5679 5265 6230 6332 7543 
2165 1770 1599 2066 2314 5710 6498 7308 6976 6795 7056 6767 6892 6789 6957 6185 6020 6694 5109 3665 5933 6545 6679 5865 5642 
4170 2048 2044 3102 3492 6414 7548 6902 8202 8176 7982 5122 6091 7204 6280 6565 7579 4867 4300 6007 6089 6638 5220 5276 6579 
2570 2323 2477 4866 4574 6782 7700 8723 8412 8179 7935 8306 8485 7610 6439 5578 7486 5608 5956 6339 6712 4956 3331 5374 6287 
4759 3267 3728 3242 3697 5791 8229 8670 5718 5205 5461 5450 5574 6996 8282 8047 6559 6129 6285 5907 6511 4840 5383 4263 5872 
