includes/gis/ASCII_5k/mod13q1_ndvi_2012_273.tif.txt
ncols         25
nrows         20
xllcorner     257482.3972
yllcorner     9670060.6647
cellsize      5000
NODATA_value  -9999
3167 3022 3212 3522 3517 2919 1475 2188 2174 1877 2547 2402 3235 2687 1474 1701 1763 1220 1563 2440 1815 2495 2100 951 2225 
3077 3352 3046 2662 2930 3012 3022 2677 1997 2510 1996 3031 1863 1406 1749 1073 1238 2386 2842 2136 2512 2690 2378 1711 3244 
3134 4051 3454 1655 2959 2765 2797 2783 2756 2404 2374 1718 2364 2566 1920 2027 -9999 1767 2374 2765 1685 2771 2651 2470 2875 
2809 3542 2825 2791 2490 2711 3031 3080 2963 2564 2518 1421 2656 1977 1247 1494 2410 1815 1917 3179 2056 2248 2620 2327 2681 
2662 2921 2720 2583 1467 3899 2995 3146 2404 2700 2554 2531 2266 2573 2170 1702 1849 2017 2088 1107 2481 2861 2355 2233 2813 
2352 2643 3015 2679 3025 3433 1349 3216 3108 2422 3355 2321 1978 2052 1877 1839 2239 2034 2276 -9999 3348 3306 1812 2956 2579 
2584 3027 3227 3086 2236 2583 2976 2114 2427 2158 1926 2419 1418 2154 2280 2163 1977 2008 2224 2974 3173 3793 2744 2226 2669 
2586 2440 2649 3199 2343 2408 2098 1485 2761 2094 2636 2522 2042 2156 2018 2376 1776 1624 1890 2384 3028 2264 2526 4331 3422 
2128 2972 2966 2463 2325 2575 2664 2297 2497 2853 2674 2336 2622 2230 1818 1825 1621 1916 2005 1967 5290 3492 5054 5379 4105 
2564 1958 2493 2508 2191 2315 2219 2225 2228 2137 2265 2621 1970 2073 2205 1683 1879 2008 1631 1931 2700 3522 4315 5393 4580 
2800 2473 2064 2252 2292 1561 2172 1460 2191 1934 2089 2178 1746 2028 1776 1699 2022 1996 1691 1679 1962 3462 1467 5345 3727 
2045 2074 2033 1881 1884 1826 1805 1568 1030 1620 1771 1892 1741 1885 2134 1723 1524 2007 1795 1861 1905 4518 3255 2887 4471 
2461 2008 1666 1745 1958 1776 1172 2525 2041 1615 1944 1359 1847 1613 1701 1802 1462 1704 1556 1385 2434 2428 2798 7024 3507 
2403 1541 1776 2045 2582 1422 1347 2140 1716 4855 2995 1871 1868 1460 1513 1780 1898 1813 3650 1109 2020 1939 3056 2776 4016 
2068 1835 1326 1819 2893 2169 2459 1768 1464 1862 1756 1964 1848 1823 1677 3917 1815 1802 1475 2614 1518 1657 3791 2359 3743 
2057 1578 1515 1598 1828 1979 2285 2135 2179 2444 2240 2320 1665 2058 1730 1663 2320 2228 1694 1970 2484 2104 4371 1551 1774 
1698 2037 1490 2014 1904 2511 2568 2477 2541 1907 2616 2965 2951 2636 2320 2065 2150 2558 2110 1719 2684 1911 2089 2932 2173 
2112 1298 1833 2048 2168 2458 2675 3229 3775 5855 5269 2932 2779 2811 1804 1799 2015 1919 2742 2121 2478 1371 1637 3020 1066 
1285 1743 1067 2296 2052 1992 2031 4254 2779 1670 984 2702 2388 5694 2655 2162 2006 1996 2497 2413 1696 1603 1295 1786 2855 
1861 1527 2209 2338 2162 1629 4433 3205 4242 1678 396 1206 4894 3600 4411 5974 2391 3319 2415 1969 1445 1348 1689 758 1919 
