includes/gis/ASCII_5k/mod13q1_ndvi_2016_113.tif.txt
ncols         25
nrows         20
xllcorner     257482.3972
yllcorner     9670060.6647
cellsize      5000
NODATA_value  -9999
6820 5157 4871 7051 4169 6763 7487 5974 6079 2265 5645 3576 6645 7089 4488 4374 4914 6358 5703 5656 4425 3993 4346 3499 3799 
6003 6198 7143 5403 7404 4867 6731 6054 5182 7360 5428 5624 5324 6598 2646 3647 6457 5603 5585 4604 4464 5364 4126 7417 5827 
6567 2433 6032 4225 5415 5196 4840 4385 4185 5673 5200 3478 4613 5923 4863 4056 5030 3836 4974 4008 6435 6133 5948 4597 5411 
6745 6908 6720 5165 6263 6697 5114 6157 5021 5940 4759 3430 5191 5055 4824 5311 6559 4253 4529 7343 4573 4564 3930 3647 5690 
6023 7358 5662 6396 6604 4614 6767 4236 5291 5400 5520 6911 5792 6586 4008 5660 6105 3872 3464 7076 5068 4500 2461 4130 4517 
5357 7025 6811 5782 5386 6356 5004 6354 5542 5842 7126 6736 5084 4754 3863 5243 5722 3889 5861 7213 7426 5652 3604 4108 4160 
3772 7068 7129 6077 5354 4554 5089 3899 4194 5134 5301 5313 6090 5025 5414 5466 4023 3876 4123 6403 6489 7402 4307 5331 5171 
5694 6629 6917 6494 5516 5479 4616 4628 4827 5578 6561 4587 5093 4543 2478 3147 2788 3071 3323 6204 7185 7264 8451 7445 7933 
6089 6680 6381 6895 7093 1903 5178 2576 4348 4453 5160 4179 3543 3570 3742 2635 2490 4210 3857 6399 6216 7258 6108 7613 7566 
6704 5206 3826 7090 5891 5687 5298 3812 3268 2911 3381 4609 3602 3807 3477 3812 3086 3275 4183 3625 7509 7514 7982 7948 7346 
5091 6263 4810 3858 4825 4543 3996 2117 4334 3625 2191 5160 3773 4487 3816 4129 4168 4224 3494 4429 5132 7401 7420 7779 8069 
4026 5608 4341 3242 4151 3667 4064 1177 824 3048 3348 2463 2767 4116 3445 3188 2264 2973 2858 4547 4891 7450 7533 7172 7613 
4305 3955 4655 4642 2528 2332 1359 4047 4346 2582 2881 2159 3014 2703 2488 3363 2283 3208 3055 2763 6931 7658 7138 8656 7865 
4425 3910 3420 3304 3098 2025 2357 4074 2652 7723 4171 2026 2810 4327 1165 1687 3951 2906 6615 2287 6564 6548 7767 6845 7617 
3918 4254 2626 3345 4345 2365 4392 3452 2648 3006 2055 2394 2491 4111 2898 6726 3802 3425 2952 5860 2857 2779 5628 6930 7270 
3763 1794 3313 2551 2351 2788 3087 5083 5575 4827 2786 4200 4051 4840 4397 3058 4217 4102 2896 2856 5130 2943 6004 6132 7275 
2966 2717 1603 2955 3088 3239 1810 6140 5851 3880 4392 1505 3118 4421 5832 5988 3442 5221 4534 2814 4570 4169 4231 5819 5432 
3955 1992 2348 3456 4300 6187 6006 3955 7427 6699 4755 4479 6162 5551 4514 5713 6055 4825 4426 6123 5620 3860 4137 4418 6336 
2560 2116 3207 4595 4988 6492 3902 5831 3224 1692 2624 2894 7926 8010 5881 6281 6259 6419 5607 5747 4586 4295 3436 6342 6500 
4868 5263 5196 4468 4675 7257 1610 3992 6212 1802 1492 516 6966 8185 8497 7958 6522 6401 5724 7029 6152 5087 5652 4657 4387 
