includes/gis/ASCII_5k/mod13q1_ndvi_2000_257.tif.txt
ncols         25
nrows         20
xllcorner     257482.3972
yllcorner     9670060.6647
cellsize      5000
NODATA_value  -9999
2394 2187 2717 2779 2668 2026 3082 1976 2285 2263 2118 2875 3144 2771 1655 1995 2003 2505 2531 2825 2461 2565 2469 2002 2327 
2356 2439 2283 2707 2956 2358 2558 2305 1804 2386 2261 2599 2826 2363 1985 2309 2620 2775 2818 2756 2645 2950 2218 3153 3483 
2399 2895 2762 1947 2311 2240 2328 2015 2410 2156 2045 2012 2227 2091 2220 1979 2139 2114 2590 2578 3864 2944 2889 4315 3106 
2415 3363 2326 2529 2050 2368 2291 2417 2168 2810 2175 2128 2226 1929 2222 1951 2308 1946 1928 4046 2852 2665 3125 2472 3339 
2809 2797 2581 2539 2178 2386 2027 2206 2141 2260 2214 2234 2272 2674 1854 2023 2330 2212 2135 3816 2478 3280 2511 2772 3100 
2266 2700 2897 2510 2646 2733 2045 2016 2101 2090 2772 2176 1959 2025 1782 2254 2379 2097 2568 4035 4044 2779 3585 3015 3224 
2395 2791 2947 2812 2280 2154 2107 2124 1961 2037 1955 2113 2153 2104 2040 2046 1910 2110 2054 2772 863 5168 2665 2824 3113 
2431 2316 2190 2432 2334 1961 1991 2208 2223 2064 2469 2264 2197 2330 2111 2229 2035 1932 2086 2495 4303 1822 4311 3637 4078 
2454 2554 2736 2349 3179 1925 2070 1850 1996 1970 1991 1932 2306 2312 2044 1966 1727 1657 2023 2418 5344 2804 4938 5835 4967 
2693 2074 2367 2158 1741 2312 2110 1926 1846 1878 1857 1998 1872 1982 2310 1964 2113 1850 2067 2316 3533 2747 6516 5200 4053 
2495 2329 2150 1543 1989 1901 1733 1433 1753 1690 1659 1844 2033 2081 2151 1868 2000 1740 1947 2032 2471 4738 3438 5053 4709 
2046 2091 1716 1811 1732 1394 1489 1742 1044 1579 1485 1633 1837 1939 2097 1890 1814 2308 1866 2006 2325 6091 4145 3404 5131 
2296 1778 1634 1861 1856 1581 1149 2996 1759 1362 1954 988 1715 1731 1976 1971 1577 1944 2055 1762 3003 2835 3293 7652 3952 
1916 1519 1615 1736 1810 1474 1297 2005 1477 5197 3146 1573 1801 1714 1597 1768 2178 1939 3837 1411 2441 2516 3552 3384 5824 
1812 1677 1316 1405 2714 1976 2310 1674 1475 1643 1640 1487 1934 1899 1778 4991 1770 1880 1953 2385 1574 1639 4590 2682 3893 
1808 1501 1382 1499 1534 1617 1918 1510 1565 1924 1919 2153 1863 2240 2180 2009 2307 2059 1861 1981 2409 1786 4374 2393 3041 
1514 1479 1101 1618 1815 2142 2163 1921 2038 1921 1963 2061 2335 2271 2249 2421 2020 2586 2333 1710 1821 1854 1998 2565 4279 
1599 1282 1544 1658 2045 2072 2512 2484 6534 5973 2901 1721 1742 2468 2108 1687 1935 1924 2185 2623 1709 1888 1932 2404 2837 
1385 1743 1945 2012 2003 1825 2763 4381 7490 7323 7549 7331 7975 4575 2760 2019 2434 2050 2014 2480 2506 1895 1922 2455 3663 
1597 1781 2282 2318 1838 2730 4533 5041 1769 5006 4922 3800 3388 5549 6698 4364 2311 2667 1902 2112 2542 2371 2559 2146 2548 
