includes/gis/ASCII_5k/mod13q1_ndvi_2017_177.tif.txt
ncols         25
nrows         20
xllcorner     257482.3972
yllcorner     9670060.6647
cellsize      5000
NODATA_value  -9999
2810 2704 4053 3328 4184 3078 3389 1944 2447 2292 2189 2985 3457 3649 1715 1829 2537 3353 3231 2955 2758 2955 3419 2827 2672 
2631 2820 2749 3544 3843 2537 3118 2900 2013 2826 2609 3129 3193 2641 1924 2745 3797 3937 3136 2348 2405 3199 2859 3246 2945 
3296 3337 3107 2815 3791 2664 2845 2202 2853 2176 1945 2046 2671 2706 2022 2056 2349 2508 2555 2461 4044 3445 2951 2623 2381 
3400 4684 3606 3428 2823 2960 3153 2920 2388 2950 2261 2321 2581 2178 2190 1911 2076 2015 2491 4804 2818 3108 3006 2462 2844 
3102 3599 3389 3007 3258 4314 2723 2404 2322 2576 2512 2398 2336 2949 1756 2133 2711 2227 2289 4169 3012 4405 2664 2946 3021 
2893 3630 2653 3093 3001 2765 2427 2648 2417 2424 2721 2538 2059 2302 2014 2202 2531 2195 2690 3182 5067 3728 3016 2821 3181 
2794 3304 3870 3184 2903 2533 2972 2464 2302 2231 2201 2196 2414 2334 2479 2261 2536 2868 3178 3608 3958 5136 3051 2990 4018 
2511 2710 2317 3224 2749 2637 2879 3145 2451 2055 3132 2290 2358 2606 2154 2362 2072 2123 2449 4468 5782 6175 4972 4034 4260 
2490 3263 3008 2606 3522 2498 2771 2313 2178 2621 2222 1985 2420 2170 1972 1963 1773 2275 2618 3085 5979 5879 4521 5842 5031 
2912 2330 2827 3490 3318 2805 2731 1935 1926 1913 2110 2072 1912 2129 2131 2010 2254 2112 1940 2638 3710 5826 6553 6566 5370 
2846 3267 2570 3263 2717 2362 1733 1340 1919 1680 1735 2038 1887 2005 1944 1845 2615 2177 1841 2169 3233 5742 6011 6619 6985 
2186 2499 2532 1861 2010 1665 1551 1465 1081 1763 1928 1766 1855 2079 1960 1878 1824 1995 1702 2089 2507 5849 6497 6737 6870 
2352 2155 1998 2399 2122 1624 1270 2585 1942 1416 2025 1125 1868 1550 1968 1906 1734 2211 1871 1720 3192 4755 5246 8255 6002 
2162 1589 1983 2231 2923 1508 1366 2223 1434 5889 3245 1664 1968 1802 1649 1653 2201 2265 2286 1330 2837 3087 5528 5409 6631 
1882 1734 1493 1840 2937 2027 2633 1973 1742 1898 1643 1786 2106 1980 2238 4900 1826 1911 1937 3455 1700 1750 5184 5998 7194 
1982 1360 1282 1807 1860 2308 2601 2460 2311 2115 1868 2419 1984 2403 1952 1973 2164 2121 2097 2103 2475 2278 4812 4534 5716 
2088 2017 1364 2515 2267 3435 3422 3160 2974 2883 2837 3158 2975 3023 2239 2431 1892 2761 1693 1478 2460 2222 3102 3585 4930 
2562 1291 1914 2499 3170 3440 4811 4993 6306 3590 5777 3202 2716 3062 2068 1964 2037 2663 2153 3444 2541 2446 2455 2566 3485 
1267 1724 2189 2474 3051 5208 5045 8453 8602 6331 4266 2837 6710 4836 4008 3544 2541 2674 2299 2964 2793 2100 1656 2563 4527 
2191 2096 2756 3364 3102 5242 8030 8712 6477 5365 5741 6357 6585 4753 2752 5958 3170 3423 2274 3355 3058 2839 2775 2383 2774 
