includes/gis/ASCII_5k/mod13q1_ndvi_2009_129.tif.txt
ncols         25
nrows         20
xllcorner     257482.3972
yllcorner     9670060.6647
cellsize      5000
NODATA_value  -9999
5227 2669 4454 4802 4232 3911 3970 2704 3316 3553 3812 5040 4792 4208 1596 1860 1809 2469 2607 2839 2165 2322 2281 2030 1995 
5304 2955 4526 4112 4768 3255 3673 3573 3496 4318 3399 3427 3704 4029 2323 2819 2755 2719 2614 2441 2321 3215 2555 3241 3352 
4007 3626 3880 3477 4273 3505 3778 2829 4042 2433 3077 2852 4152 3779 2199 1894 2077 1971 2518 2280 3999 3091 2838 2931 3001 
4146 6302 3171 2979 2414 3619 4068 4019 1769 4483 2909 2814 2743 2026 2964 1367 2361 2025 2215 4617 2484 2432 3130 2286 3563 
5095 4215 3510 2790 3359 5375 2964 2546 1849 3488 2128 3361 3391 3999 2320 1850 2398 2189 1885 4878 3616 3055 2171 2700 2647 
3110 4689 2600 2421 3864 3627 3517 2764 2298 2307 2784 2647 1887 2603 1974 2331 2359 1937 2563 5929 4842 3486 2106 2516 2285 
3208 5999 4336 2659 2916 2234 2708 2268 3108 2803 2769 2049 2374 3285 2942 2214 2387 2810 2748 3566 2834 4546 2087 2591 3244 
3226 2906 3864 3427 3093 2339 2322 2356 2172 3660 2772 2416 2191 2545 2238 2580 2302 1803 2474 3640 5164 5617 4780 3664 4112 
3232 4063 3975 4636 3839 1993 2363 2557 2266 2386 2271 2035 2337 2120 1997 2117 1810 2246 2687 3231 5384 5199 4707 5621 5844 
4528 3035 3302 3651 3146 2449 2323 2255 1738 1819 1846 2077 2070 2030 1906 1800 2238 1871 1938 2311 4327 4866 6118 5708 4754 
3647 3223 2716 2978 2641 2498 2215 1100 1572 1618 1617 1892 1851 1863 1826 2008 2254 1996 1687 2052 2910 5390 5376 5670 6171 
3413 3587 4198 2655 2240 1611 1626 1340 1034 1589 1634 1714 1613 1722 1832 1576 1739 2241 1513 1784 2311 6859 6001 6341 6304 
3394 3185 2487 3541 2532 1977 1324 2942 1896 1645 2213 978 1735 1593 2084 1873 1901 2525 1573 1554 3514 3943 5453 8496 6852 
2183 1703 2311 1795 3744 1555 1456 2117 1330 6172 3323 1570 1814 1527 1634 1527 2034 1653 3436 1280 3577 3278 6812 5416 6491 
2584 2208 1449 1874 4334 2003 2634 1600 1609 1637 1585 1775 2077 2336 1893 4615 1879 1734 1831 2641 1563 1476 4694 4398 5947 
2024 1398 1509 2066 1937 2230 1363 2643 1177 2177 2106 2537 2256 2688 2133 2188 2161 2054 1954 2040 2154 1955 4450 3023 3623 
1605 1471 1281 2468 2714 2794 3666 1956 2677 3175 3032 5182 925 2313 2098 2404 2057 2490 2563 1658 2792 2550 2456 3377 4303 
2050 1471 1837 3118 3963 3901 3740 2895 526 4328 4938 3677 2274 2759 2240 1740 2155 2183 2380 4231 2323 1803 2237 3202 3836 
1642 1950 2027 2865 3377 5477 3438 4286 7030 6758 7088 5687 4526 7255 3000 2272 2117 2481 2780 4036 4087 1847 1654 3027 4724 
1961 2206 2561 2947 4196 7862 3305 7275 6096 5414 5857 5768 6390 7069 7866 7121 3771 3628 3939 3519 3684 2997 2856 2217 2739 
