includes/gis/ASCII_5k/mod13q1_ndvi_2001_001.tif.txt
ncols         25
nrows         20
xllcorner     257482.3972
yllcorner     9670060.6647
cellsize      5000
NODATA_value  -9999
7142 5061 6001 5376 5616 4259 4733 3906 4371 5905 4550 7170 7339 7911 5371 7780 6867 6913 7399 7444 6909 6951 6977 6790 6551 
7304 5597 7555 4585 5589 3551 5253 3971 4048 6968 5551 6606 6579 6702 7105 7530 6896 6250 6590 7089 7033 7253 7164 8103 7817 
5111 7245 7310 5999 4052 5090 6853 3641 6166 5315 5315 4905 5143 5802 6876 6550 7270 5094 7044 7311 7870 8095 7496 5703 7948 
7539 7812 7811 6980 3904 5437 4867 5675 4513 5310 5908 5444 5833 5546 6073 4896 6050 5985 5955 7407 7703 6926 7488 6748 7610 
7072 7264 6225 5740 7033 6845 5105 5703 4312 5069 5009 5395 5168 5905 3946 6110 6670 6871 6512 7661 7153 7244 6331 7342 7036 
4655 5791 6472 6234 6541 6331 5053 4131 3897 5102 8014 5646 5041 4350 4124 5878 7016 5701 7136 7119 7702 7863 8078 7048 7193 
4923 6033 6160 6352 7485 4408 4102 3164 4088 4112 4226 4571 5382 5135 3986 4527 5885 6482 5261 5811 7097 7662 6634 7783 5776 
5807 6462 6791 6664 5693 4867 3240 3761 3180 4163 6637 5054 5305 4893 4019 4523 5378 4822 5484 6250 7076 7979 8205 7586 7960 
5579 6423 6872 5789 5362 5434 5314 5413 4620 4172 5947 4155 4758 4537 4466 4249 3951 4057 4162 5771 6766 6824 5425 7347 7987 
5749 4150 6713 6289 5169 5586 5162 4303 4572 4223 4663 3776 3603 4282 4597 3446 3371 2838 3141 4043 5338 6194 5525 7648 7992 
4163 5392 5767 4727 4653 4578 4770 1351 3871 3322 3737 2517 3665 4275 3533 3633 3496 3026 2614 3201 3690 6815 6217 7936 8065 
3833 4630 4475 3931 4069 3562 4320 3628 323 3003 2438 2582 3600 4109 4912 3880 3702 3778 2684 2782 3949 7725 7412 7424 7899 
4109 4601 3247 4609 3873 5823 827 4477 4570 2397 4651 2541 2928 3759 4573 4658 4134 4404 4319 2535 5130 6776 6797 4234 6126 
4332 2510 2111 2583 3219 2675 1226 4975 4214 7659 5599 2159 3178 3299 3948 5252 6507 5323 7289 2671 5081 5931 6969 6974 6760 
3501 2499 1971 1683 3610 2708 3173 2716 2613 3276 3017 3829 4139 3872 4533 6565 5524 4852 4848 6232 3041 3697 6054 6344 7323 
2565 1780 1335 1567 2418 2385 2169 2487 2622 3073 4571 4818 4846 5448 5684 5774 6294 6090 5071 4434 5776 4367 6547 5393 6510 
2078 1694 1407 2064 3245 6208 6390 6109 6823 5782 6024 5588 5748 7000 6715 7045 6024 6599 6421 4670 6346 5405 4095 5565 5114 
2237 2017 2288 2844 4533 5602 6384 8284 3600 2821 5670 7623 7606 7394 7980 8022 7404 5658 5357 6906 6900 6092 4835 4313 4022 
2508 2449 2590 3893 4751 5669 7556 8931 4325 5887 4398 4502 6358 5597 6988 7701 8508 7193 6030 7311 7193 6099 3956 5901 5786 
4831 4490 4957 4591 4946 5345 8081 8640 5971 857 326 921 357 6533 6453 8175 7908 7329 7309 6688 7510 6125 5546 3585 4876 
