includes/gis/ASCII_5k/mod13q1_ndvi_2013_161.tif.txt
ncols         25
nrows         20
xllcorner     257482.3972
yllcorner     9670060.6647
cellsize      5000
NODATA_value  -9999
4569 2316 3186 1864 4234 4497 4013 3183 3308 3826 3757 5766 5246 5918 3717 3772 3937 4198 4228 3738 3495 3844 2972 3033 2894 
5233 1531 4906 891 4771 2413 3097 3955 2462 1512 2111 3677 3964 5308 3041 4103 4031 1918 2465 3884 3897 4100 3295 3349 3119 
3281 4100 3457 2764 1328 1530 2943 3179 3302 2790 2908 2249 3551 3959 3765 3367 3173 2544 2636 4209 4968 3924 3712 3361 3162 
5705 6500 5140 4776 4075 3886 3968 3358 3372 3695 3131 1775 3542 3111 3799 4249 5103 2925 3230 5161 3974 3179 3747 3125 3567 
5563 5719 4644 5155 2395 5780 3812 4137 2811 3460 2839 3292 4648 4602 3321 3984 4056 3568 3159 4801 3841 4955 2973 3613 3429 
4980 5857 5552 4786 4121 3546 3963 3560 3291 3315 5299 4078 3546 3468 2899 3385 3319 2835 3721 2484 5018 3732 3520 3777 3948 
5355 5325 5400 4553 4159 3823 4249 3189 2638 2957 2941 3359 3319 3179 3768 4135 3005 3064 3474 3877 1846 3336 3485 4411 3650 
5197 4361 4185 5373 4278 3706 3200 3154 3410 2988 5184 3069 3035 3798 2732 2600 3309 3106 2907 3277 5196 4259 1148 4861 6475 
3449 2704 2594 4848 4431 3164 2982 2766 2895 3893 3224 3579 4189 3799 3366 2815 2268 3304 2941 3058 6098 2768 2568 4528 6601 
4219 1281 1923 4549 3502 3751 3618 3284 3915 3582 3415 2951 3270 2858 2012 2620 3728 3373 2788 3002 3792 1858 4539 1435 6337 
2065 667 589 3387 2950 2872 2430 2012 3337 2614 2312 2691 2816 3065 2622 2263 2937 2647 2874 2562 3579 6148 5159 3273 6207 
2799 1606 3094 2221 2555 2039 1849 1989 1288 2248 2389 2423 2511 2507 2362 2021 2020 2995 2679 2967 3483 4990 3163 5918 5445 
3090 2905 2462 2426 2182 2135 1440 3118 3263 2019 2401 1544 2296 2391 2626 2329 2377 2771 2040 1974 3378 3916 5523 7018 5643 
2787 2325 2206 2091 4469 1635 1559 2575 2443 5928 3928 1977 2286 2191 2229 2824 2928 2300 4277 1884 2694 3117 5195 5981 6319 
3073 2476 1600 2024 3386 2412 3321 2183 1996 2610 2305 2128 2567 2751 2314 5602 2440 2084 2209 3758 2561 2583 4865 5730 6231 
2411 1665 2176 1956 2398 2509 2989 2750 3438 4217 2709 3184 3392 2493 2836 2953 3246 2780 2279 2733 2916 3309 4041 4879 6047 
2315 2671 1836 2595 2299 2928 3716 4481 5086 4653 5222 4952 4422 3506 3133 3563 2891 3299 3158 2447 3760 3262 3124 4187 3588 
3065 1470 2110 2606 3550 3232 3575 1305 8200 4022 6426 5965 5711 4616 2846 2653 3606 3311 3459 4233 4729 3463 3123 3085 3778 
1631 1727 2222 2980 2896 5627 3013 1728 1186 556 744 1540 2550 2118 4988 3443 3542 4093 4736 5464 5082 3805 3002 3548 4033 
1990 1869 2623 3210 3671 6500 1703 1715 5949 5524 4878 3436 3240 999 2367 4705 3981 5065 5129 5354 3526 3461 3227 2981 4183 
