includes/gis/ASCII_5k/mod13q1_ndvi_2006_209.tif.txt
ncols         25
nrows         20
xllcorner     257482.3972
yllcorner     9670060.6647
cellsize      5000
NODATA_value  -9999
3000 2652 3418 3509 3614 3259 3798 2985 3179 2992 3238 3692 3366 1963 3037 1603 3178 2158 2206 927 1066 3189 3244 2562 1872 
3447 3392 2722 2917 3830 3073 3266 2518 2524 2937 3360 3416 3531 4169 3357 2808 1369 1854 1589 2576 3273 3674 3405 3111 3873 
3195 4833 3529 2797 2901 2697 2749 2180 2676 2635 3408 2607 2943 2664 2290 1984 1853 2605 2362 2613 4126 3334 2653 3040 2231 
3605 4797 2988 3095 2406 2852 2751 3177 2611 2941 2576 2694 3007 2201 1502 1642 3281 2674 1658 1578 2860 2489 2686 2319 2955 
3367 3894 3187 3072 2980 4993 2749 2795 2417 2806 2422 1281 899 1002 2443 2366 2596 2540 1788 1486 3215 3486 2359 3178 2770 
2884 3198 3723 3125 3080 3297 2427 2630 3002 2447 4088 2422 470 2381 2179 2083 1887 2066 2755 3191 2354 3244 2816 2388 2126 
2981 2985 3365 3965 2823 2710 3208 2552 2193 2268 2194 2585 2227 514 2339 2122 1994 2199 2384 3196 2866 4737 2372 2461 2868 
2821 2858 3123 3816 3453 2939 2942 2955 375 1399 4437 469 2182 2111 2123 2297 2915 2716 468 2948 4069 5310 4176 1510 4054 
2679 2952 3410 3071 3647 2788 2428 2287 1919 2216 2264 2503 2600 2138 1992 1981 1808 2336 3076 2854 4742 4633 4508 5218 4934 
3568 2889 2431 2840 2802 2778 2425 2278 2049 2008 2183 2238 2363 2299 2272 2079 1619 1902 1865 2541 3418 4386 4425 4841 4337 
3051 3193 2557 2505 2463 2423 2131 1142 1904 1797 1883 2464 2372 2551 2477 2158 2364 2414 1864 2341 2977 5030 6177 5843 5228 
2426 2674 2327 2231 2534 1737 1790 1657 1083 1767 2032 2212 2247 2487 3274 2267 1923 1950 1888 1849 2553 6118 5980 5584 5129 
2717 3034 2381 2343 2177 2044 1258 2943 2116 1544 2368 1263 2164 2251 2438 2748 1673 2296 2017 1683 2395 3422 4576 7117 4934 
2446 2976 2463 2377 2965 2216 1427 2222 1559 5784 3459 1760 2336 2042 1790 2576 2783 1580 3621 1397 2431 2650 4803 4208 6221 
2389 2265 1575 1855 3346 2174 3451 2153 1914 1774 1931 1759 2183 2397 2064 4487 2089 2085 1814 3421 1731 1635 4656 4429 5615 
2312 1752 1976 1913 1947 2290 2330 2405 2296 2275 2239 2578 2491 2454 2432 2309 2571 2130 2021 2267 2376 1889 4605 3136 5059 
2033 1724 1525 2374 2103 2638 2829 3987 3810 3605 3493 3568 3752 3162 2743 2709 2087 3236 2111 1739 2293 2010 2069 3147 4208 
1919 1894 2462 2265 3010 3679 4556 3463 3850 7239 5222 4409 4194 3581 2995 2365 3497 2558 2182 3000 2385 1810 2321 2515 3195 
2081 2055 2506 2504 3013 4637 5423 7322 3457 3380 7429 6866 8133 6901 4722 3466 3066 3026 2675 3211 2697 1422 1526 2546 3608 
2371 2283 2905 3141 3480 4985 7239 7302 4566 4757 3194 1356 1691 6683 5806 6939 3957 3447 3728 3442 3054 2543 2694 2288 2622 
