includes/gis/ASCII_5k/mod13q1_ndvi_2012_337.tif.txt
ncols         25
nrows         20
xllcorner     257482.3972
yllcorner     9670060.6647
cellsize      5000
NODATA_value  -9999
5075 4549 5324 4078 4322 2784 4122 1661 2630 2903 3627 4801 4299 5614 4793 5474 5238 5225 2446 4845 3258 3959 2378 2354 2148 
3749 1423 3291 3903 3391 2355 2310 2743 2575 3475 4128 4031 4475 3665 3574 5433 4748 4021 5378 3175 4554 3909 2553 4151 4248 
3988 3765 3473 2461 2234 2663 2865 1698 3182 2244 2698 2493 4387 4317 3222 2592 2520 2744 2648 3367 4735 3743 3084 3094 4143 
2253 4398 2961 2826 2398 2654 2747 3190 2748 3621 2651 2804 3739 3133 3397 2692 2398 2167 2452 4948 4350 3266 4044 3558 4252 
3244 3075 2683 3135 5253 3742 2997 2857 2839 1911 3292 3998 3134 4036 2285 2241 3308 2274 2252 1272 4050 4416 4031 4302 3453 
3034 907 2943 3232 3862 3449 3064 3300 3078 3132 3486 3366 2694 3139 2819 3506 3383 2247 3209 6176 7404 6292 2711 2882 2499 
4143 4494 3284 3097 2469 2694 3952 2955 2346 2505 2890 2795 4297 4096 3423 2656 2998 2822 4031 6028 5814 6279 2518 2792 3783 
4078 1196 4232 5370 2130 1726 2225 2794 2478 2606 3396 2751 3339 2796 2058 2272 2139 2167 2847 5167 6371 7476 7268 5705 6392 
3304 1959 1701 3698 3980 2676 2487 2148 2201 2339 3158 1646 3577 2348 2297 2357 1180 3232 3801 5717 6146 4920 6299 2535 1830 
4606 3275 1161 3315 3185 2883 2641 2271 2395 2060 2592 2529 2555 2336 2400 2580 2978 2903 3036 3392 6427 6283 8099 8232 7898 
4133 3198 2345 -9999 2841 1672 2012 836 2312 2059 2318 2920 3435 3428 3037 2574 3572 3032 2849 2981 5842 7454 7450 8274 8452 
3248 3301 2256 2153 2319 1914 2112 1336 1131 1817 1899 1852 1982 2216 2169 2029 2382 2624 2986 3492 2391 7343 7977 7876 7786 
4063 2978 2346 3656 2144 2188 1207 1830 2170 1303 1695 1205 1482 1862 2578 2579 2436 3073 2818 2069 5234 6281 7083 6663 8060 
3798 2101 2115 2495 2713 1638 1258 3089 1772 3536 4231 1886 1813 1321 1848 2255 3318 2548 5946 1792 6060 3878 4898 7157 6191 
3683 2182 1772 2167 3522 2061 3248 2126 1885 1813 1884 1697 2002 2054 2280 5729 2504 2462 2938 4117 1857 2241 6421 5755 7984 
2939 1680 2633 2325 2206 2530 2836 4567 3483 2626 2205 3267 2466 3189 2291 2017 2997 3439 2784 3625 4134 3226 6329 4379 6871 
3797 2512 2269 2563 2783 4435 5143 3846 4051 4113 4574 4912 4961 3220 3203 2111 2393 4946 4777 4536 6558 3163 3349 5610 5743 
4233 2452 2716 3411 3267 4802 7433 6085 2847 8178 6009 4136 3966 2026 2146 2751 5402 3604 3675 6757 5744 4114 2789 3900 5840 
3008 2890 3144 3609 4071 7137 7938 -9999 6263 1728 6317 6433 4089 7576 5359 4856 4949 5381 5379 6222 6666 4010 2650 2921 6240 
3332 3335 4008 3648 4737 5338 8719 8949 5902 587 751 3090 5566 8201 8035 7979 6494 6657 5593 4854 6353 4877 4585 2564 3691 
