includes/gis/ASCII_5k/mod13q1_ndvi_2012_097.tif.txt
ncols         25
nrows         20
xllcorner     257482.3972
yllcorner     9670060.6647
cellsize      5000
NODATA_value  -9999
6234 4599 6241 4730 6053 4918 2671 3701 4018 4216 2029 4513 3757 2393 2731 3068 2196 2513 3976 4810 3161 3728 3624 4005 3483 
3763 4996 4565 6117 1812 5334 3345 4598 4452 3661 3288 3646 2724 3845 4000 678 1245 3191 4048 4202 3786 4374 3145 5217 6139 
2927 5022 5645 4359 5041 5219 3409 3181 4220 3412 2194 2168 5038 4266 1137 2376 1913 2153 5032 5625 6174 5130 5502 4316 5520 
4768 5479 4210 4897 3489 5867 5628 5081 4394 4774 3537 2750 4215 3073 2808 2965 2976 2809 2778 7052 5427 4354 3854 3560 5315 
3471 6305 4831 3873 4660 6022 3110 4472 2199 1757 2833 1105 2859 3152 1978 1051 3074 3029 1829 1522 6115 4957 3036 3879 4257 
3390 1073 2818 6017 -9999 3368 4319 2263 1937 2879 5357 2484 2166 2752 2270 3229 3568 3712 3351 2004 5507 6659 3410 4429 2691 
6237 1762 3991 3749 4118 3884 3712 3604 2746 1381 2208 2108 823 1541 2243 2823 2616 2171 3037 3356 1498 6897 4269 4684 3872 
4507 3812 1717 3828 4042 3899 1830 1713 2496 1932 5203 2411 3321 534 3161 1248 2387 2167 2715 3876 4822 6773 7185 6907 7112 
2693 5313 5756 5226 6780 2951 2645 3092 2706 2382 4461 3441 3505 2958 3070 2386 2343 1871 2378 3728 5837 1530 4677 7055 6905 
3820 4320 3644 4143 4254 3637 2544 2123 1407 3703 2499 3293 2204 2619 1665 2118 2467 2899 967 3567 3366 4713 3341 7474 7158 
4190 4110 2722 3414 1565 2933 3910 1249 2071 2740 2658 2174 1941 1819 2396 508 1231 1569 1775 2521 2615 5841 3498 5118 7249 
3322 3338 3035 1000 1915 2290 2862 1468 1204 1555 1846 1924 2339 2249 2778 2088 2417 2049 2078 1781 1309 3746 5065 3622 6589 
3131 4046 2358 3113 1432 1576 1546 3441 2300 1918 2776 1281 1087 2993 2268 2408 2128 2144 2256 2437 3081 2303 5326 4175 7188 
3932 2313 1897 2115 3462 1606 986 5728 3167 6194 4319 1856 2579 2103 2828 3316 3370 2358 4884 1603 3076 2328 5185 5117 6228 
2880 1299 1206 1290 3630 2932 3236 3071 2623 3045 2206 3119 2467 2891 2357 6548 2415 2003 884 4753 2184 1977 5488 4153 6171 
2230 2282 2478 2311 2551 1568 3213 3735 2568 2775 3198 3975 2789 3504 2422 2394 2661 2533 2738 2755 3739 2491 5773 4433 6139 
2995 2878 2740 3185 3445 1217 2543 794 3654 4069 4170 4683 5445 4754 3750 2774 2350 3905 1499 1766 4339 3347 3361 5404 5246 
4081 4028 3762 4268 4656 4127 3536 2591 6580 8895 5940 4771 4276 5199 3637 3605 4619 3028 3827 4741 4225 3502 4220 4444 3364 
3574 3444 3371 5278 4554 2725 5850 1926 6017 3091 -9999 8956 9064 7499 5729 4111 3245 3526 4969 4780 3989 3574 2953 3954 5507 
3430 3823 3850 4118 4156 5849 4613 4627 6465 5996 5280 5430 5912 7867 8701 7913 5103 5239 3609 5125 4369 4726 4467 3585 3637 
