includes/gis/ASCII_5k/mod13q1_ndvi_2004_257.tif.txt
ncols         25
nrows         20
xllcorner     257482.3972
yllcorner     9670060.6647
cellsize      5000
NODATA_value  -9999
2548 2704 1351 2550 3215 2382 985 2011 2295 2055 2226 3113 2896 3030 2049 1952 2004 2659 2836 2638 2397 2760 2754 2301 2231 
2480 2838 2681 2506 3204 2738 2879 1710 1940 2254 2181 2613 2959 2464 2035 2340 2486 2751 2379 2540 2531 3211 2725 3335 3406 
2541 3366 3090 2071 2744 2606 2706 2138 2712 2256 1974 2071 2599 2450 2055 2096 1983 2115 2415 2502 3797 3173 3096 3241 3117 
2768 3575 2379 1966 2454 2649 2699 2264 2384 2996 2275 2057 2582 2019 1908 2102 2268 2043 1903 4285 2502 2403 2863 2370 3170 
2754 2833 3043 2450 1968 3145 2512 2151 2421 2515 2653 2757 2409 2909 1868 2032 2160 2296 1943 3627 2596 3643 2397 2644 2868 
2444 3046 3029 2053 3247 2795 1882 1586 2411 2340 3290 2493 1678 2271 1993 2014 2315 2066 2057 3502 3653 3157 3522 2594 2616 
2171 2961 3659 2797 2655 2158 2523 1090 936 2260 2134 2218 2217 1508 2126 2035 2090 2193 2152 2555 2681 4881 2678 2815 3068 
2748 2610 2640 3247 2446 2047 2241 1102 1235 2311 2884 2259 2306 2225 2055 2211 1911 1774 1944 2157 3518 5336 4307 3273 3777 
2527 2697 2901 2587 3037 2577 2132 1892 2144 2047 2068 2051 2363 2121 1936 1994 1758 1807 2104 2262 4558 4272 4977 5543 4844 
3100 2002 2430 2165 2040 2796 1791 2870 2007 1977 1987 2010 1866 1977 2045 1897 2008 1726 1717 2245 2973 3307 5084 5197 4089 
2814 3166 2654 1956 2310 1761 1972 1120 1881 1680 1819 1997 1975 2097 2119 1908 2160 1970 1871 1846 2356 4524 3334 5193 4609 
1988 2228 2265 1766 1868 1658 1635 1341 1039 1703 1478 1732 1827 1905 2215 1963 1864 1896 1776 1878 2284 5763 3909 3365 4721 
1567 2079 1874 2127 1983 1593 1179 2900 1844 1469 2099 1350 1671 1581 2010 1967 1843 1821 1754 1964 2686 2439 3174 5594 3585 
2165 1754 1716 1823 1853 1280 1332 2003 1384 4754 2459 1872 1788 1676 1684 1803 2346 1828 2833 1099 2188 2235 3473 3016 5923 
2063 1816 1528 1537 2665 2126 2235 1890 1571 1616 1694 1577 1829 1851 1791 4877 1488 1769 1823 2525 1555 1646 3651 2718 3799 
2008 1591 1393 1628 1571 1675 1996 1792 1872 1997 1841 2126 1744 2167 1775 1810 2171 2167 1657 1951 2217 1870 3816 2491 2792 
1767 1593 1391 1812 2213 2178 2257 1928 2368 2434 2247 2296 2466 2383 2052 2016 1924 2024 2260 1591 2174 2057 2131 2485 3824 
1783 1402 1949 2174 2711 2432 2480 2024 2271 3773 3289 1929 1849 1543 1862 1822 2247 2158 2217 2975 2130 1462 1704 2413 2356 
1458 1680 2185 2117 1949 2503 2786 3329 455 1226 533 3112 5023 5719 2704 2219 2438 2012 2349 2883 2452 2153 1497 2606 3219 
1680 1771 2259 2509 2908 2943 7225 1748 4891 4506 4400 4597 4461 7126 3709 5341 2600 2675 2153 2766 2837 2542 2055 2210 2364 
