includes/gis/ASCII_5k/mod13q1_ndvi_2005_081.tif.txt
ncols         25
nrows         20
xllcorner     257482.3972
yllcorner     9670060.6647
cellsize      5000
NODATA_value  -9999
4926 3326 3920 4085 4500 3078 3666 2001 3365 2787 3015 4082 4018 4157 2741 3166 2278 3660 3958 3202 2415 2964 2631 2281 2185 
4410 3634 3763 3881 3971 3380 3309 2675 2220 2228 2782 3326 3617 2777 2935 4298 4196 3166 3069 2903 2932 3970 2544 5017 4437 
3885 5381 3625 2283 2951 3088 3320 2216 2812 2170 2615 2345 3553 4203 2838 2811 2863 2797 3079 3085 3997 5483 4767 3227 4815 
4950 6598 3985 3503 2639 3504 4031 4108 3153 4092 3495 3349 4300 3412 3271 2909 2725 2113 2591 6352 4256 2698 4031 2737 4427 
5006 5322 4754 3457 3935 4601 3850 3993 3370 3954 3414 4251 3709 5640 2864 3324 3737 3644 2056 4532 2652 3757 2451 3275 3542 
3664 5176 5199 4374 4103 4367 4010 3510 3763 4278 3636 4153 2737 2677 2893 3488 3297 2688 2795 3939 3958 3321 5528 3421 3121 
4245 4801 5612 4425 4078 4087 3343 3507 3932 2399 2243 2996 4182 4217 3793 3529 3273 2608 3097 3595 3035 5516 2830 3687 4107 
4466 2913 3397 5675 4093 3830 3862 3791 3492 3462 3955 3080 4215 4039 2390 3081 2219 1980 3560 3630 4586 5932 4912 4122 5553 
3990 3614 4091 5198 5706 3681 3595 3377 3587 3753 3218 2579 3613 4090 3332 3013 2102 1820 3535 3016 4823 4534 4931 6334 5937 
4803 3802 3434 3098 3822 4630 3799 2589 3511 3499 2482 3269 3468 3209 2623 2513 3025 3378 2681 3947 3962 4649 6445 6223 5777 
4032 3920 2625 2872 2701 2730 3502 1361 3741 3992 2968 3092 2788 2397 2714 2950 3522 3279 2801 2754 3554 5687 5629 6330 6904 
3477 3547 2927 2028 2185 2587 2134 1503 1017 2828 2426 3239 2240 2560 2199 2238 2895 3725 2350 1851 2470 6885 6074 5717 6062 
4250 3529 2004 3216 2104 1987 1200 3133 2983 2193 2811 1793 2008 2398 2454 2807 1998 2950 2409 1542 3901 5296 4952 8094 5916 
3763 2566 2299 2503 2397 1878 1824 3518 1964 6773 4595 1724 2897 2404 2858 2226 3548 2720 4806 1352 3992 3688 4528 5399 6554 
3449 3004 2108 1972 3718 2345 2796 2353 3120 2595 2120 2006 2282 3412 2275 6391 2494 2803 3270 3966 1944 2290 5565 4995 6418 
2984 2528 2223 2171 2286 2146 2814 3111 3043 3108 3732 3719 3052 4180 3320 3115 3426 3659 2672 3247 2738 2270 4607 3264 4678 
2342 2373 2212 2641 2791 3106 3507 2709 3821 3031 4733 4829 4660 4272 4425 3740 3718 3963 3535 2083 3703 2448 2774 3997 4437 
2055 2158 2980 3654 2715 3040 3906 2590 7765 7874 5339 4356 3629 4953 4081 3066 3700 3055 3382 4982 3331 2114 3424 2782 2919 
4534 4567 3653 4569 3449 3704 3437 8504 8199 8223 8241 8516 8604 7724 6667 3726 3702 3394 4630 5306 5092 3794 2644 3992 4216 
3138 4327 3638 3437 3449 4496 7958 8426 5961 5045 5254 5872 5413 7080 6444 7207 4240 5268 4527 4568 5509 3467 3430 2790 3765 
