includes/gis/ASCII_5k/mod13q1_ndvi_2000_225.tif.txt
ncols         25
nrows         20
xllcorner     257482.3972
yllcorner     9670060.6647
cellsize      5000
NODATA_value  -9999
2510 2183 2831 2745 3106 2204 3359 1973 2364 2194 2371 2980 3376 3101 1790 2324 2152 2689 2886 2997 2677 2642 2712 2175 2452 
2525 2483 2057 2764 3229 2375 2639 2576 1930 2551 2397 2750 2899 2361 2134 2546 2758 2859 2636 3075 2696 3102 2437 3298 3540 
2908 3107 2865 2090 2350 2281 2476 2047 2660 2214 2142 2074 2262 2252 2357 2115 2332 2415 2708 2685 4060 3103 3029 4107 3230 
2927 3571 2478 2634 2174 2545 2437 2529 2313 2931 2280 2274 2352 1987 2244 2078 2410 2159 2082 4217 3019 2731 3141 2664 3383 
2817 3006 2666 2691 2840 2569 2394 2247 2256 2378 2503 2383 2376 2784 1950 2085 2548 2354 2263 4109 2644 3375 2834 3019 3331 
2349 3053 3251 2681 2690 2871 2191 2117 2199 2183 2874 2204 2077 2133 1854 2294 2431 2159 2539 4270 4128 2874 3699 3048 3290 
2663 2943 3547 2901 2406 2220 2156 2278 2025 2055 2005 2072 2377 2172 2161 2172 2194 2332 2309 3009 3114 5450 2926 3222 3400 
2631 2516 2412 2941 2370 2128 2151 2250 2202 2012 2500 2266 2232 2236 2130 2290 2236 1942 2295 2725 4202 5294 4473 3824 4106 
2637 2599 2866 2264 2724 1996 2227 1937 2068 2135 2100 2019 2409 2380 2175 2089 1846 1848 2488 2684 5681 4118 5032 5857 4918 
2885 2118 2425 2369 2171 2127 2048 1894 1875 1904 1895 2153 2019 2051 2357 2075 2058 1910 2294 2596 3881 2988 6829 5463 4260 
2602 2491 2381 2357 2132 1941 1768 1478 1788 1759 1762 1926 2087 2242 2339 1953 2195 1929 2098 2240 2616 4632 3995 5517 4920 
2214 2134 2170 1896 1839 1489 1575 1780 1097 1682 1584 1716 1866 2048 2168 2003 2001 2399 1976 2179 2398 6104 4614 3107 4896 
2435 1872 1705 2026 1945 1636 1211 3500 1968 1477 2148 1180 1730 1762 2077 2042 1825 2037 2110 1804 3049 3066 3907 7970 3638 
2035 1544 1682 1840 1958 1584 1357 2144 1586 5723 3197 1657 1867 1658 1777 1828 2349 2083 4123 1431 2486 2579 3879 4200 5919 
1912 1711 1414 1477 2982 1947 2423 1786 1592 1737 1767 1606 2151 2070 1862 5357 1935 1952 2058 2741 1588 1779 4976 3582 4621 
1891 1521 1228 1498 1639 1776 1999 1645 1697 1974 2104 2268 1992 2464 2286 2207 2442 2344 1945 2054 2713 1931 4568 2798 3927 
1556 1563 1109 1656 1853 2206 2376 2108 2239 2120 2099 2262 2506 2571 2256 2539 2177 2643 2425 1730 2025 2268 2267 2814 4528 
1699 1313 1659 1745 2106 2217 1937 363 1871 6699 3245 1820 2040 2869 2421 1833 2200 2098 2321 2607 1863 2251 2022 2579 3207 
1405 1749 1975 2199 2350 1972 1334 1030 2011 8103 8015 8109 8194 5537 2827 2230 2662 2281 2158 2711 2564 2094 2150 2763 3957 
1594 1900 2511 2447 2007 2576 671 2938 5359 1480 5278 4672 5577 6757 6623 4749 2685 2787 2190 2251 2700 2309 2489 2184 2857 
