includes/gis/ASCII_5k/mod13q1_ndvi_2008_241.tif.txt
ncols         25
nrows         20
xllcorner     257482.3972
yllcorner     9670060.6647
cellsize      5000
NODATA_value  -9999
2623 2373 2891 2780 3023 2358 3035 2032 2197 2196 1885 2812 2848 2904 1949 2328 2243 2777 3080 2850 2443 2657 2740 2480 2339 
2364 2606 2359 2789 3059 2387 2654 2316 1715 2213 2199 2510 2684 2799 2279 2538 2626 2772 2560 2698 2532 2996 2655 3065 3362 
2839 3391 2780 2225 2639 2537 2433 1795 2238 2055 2103 2118 2580 2710 2256 2355 2401 2621 2810 2696 3652 3033 2961 2737 2927 
2732 3690 2527 2714 2229 2526 2431 2464 2222 2784 2285 2379 2594 2180 2297 2374 2899 2440 2369 4196 2882 2561 2790 2438 3163 
2568 2880 2721 2609 2760 3044 2372 2284 2164 2370 2483 2610 2435 2843 2075 2108 2544 2291 2282 3783 2848 2921 2309 2545 2651 
2290 2919 3015 2695 2769 2752 2183 2137 2220 2334 2914 2461 2142 2390 2107 2187 2296 1998 2224 3702 3721 3077 2614 2791 2554 
2511 2973 3363 2914 2516 2300 2328 2274 2047 2108 2132 2121 2438 2646 2439 2391 2196 2201 2259 2899 2981 4683 2586 2723 3057 
2648 2269 2511 2936 2462 2299 2262 2182 2092 2125 2332 2326 2303 2202 2040 2319 2244 1851 2176 2244 3251 5019 4100 3510 3679 
2405 2632 2664 2596 2864 2110 2206 2083 2183 2225 2308 2204 2452 2209 2092 1923 1825 1941 2343 2417 5133 3740 4694 5273 4519 
2685 2215 2544 2386 2197 2342 2163 2069 1933 2035 2024 2143 2209 2161 2013 1896 2025 1894 1898 2137 2912 3556 4907 5345 3837 
2564 2576 2096 2361 2127 2031 1776 1244 1718 1762 1755 2067 2093 2097 2087 1841 2171 2063 1913 2004 2382 4328 3374 4884 4187 
2149 2258 2198 1825 1870 1567 1505 1380 974 1604 1517 1825 1862 1929 2079 1875 1830 2101 1813 1845 2372 5550 4531 3288 4431 
2169 2095 1856 2172 1964 1593 1396 2610 1836 1331 2041 1039 1834 1711 1891 1947 1859 2002 1762 1560 2543 2575 3530 7979 3502 
1972 1664 1855 1871 2331 1646 1283 1948 1393 5398 2526 1608 1881 1652 1648 1659 2082 1786 3001 1172 2189 2211 3455 3256 4551 
2188 1882 1363 1537 2618 1810 2375 1644 1556 1675 1733 1735 1909 1942 1645 4609 1978 1878 1767 2765 1455 1554 4120 2946 4023 
1989 1523 1380 1462 1674 1798 1986 1910 2015 2146 1995 2376 1966 2252 2097 1840 2177 2077 1665 2003 2224 1884 3791 2282 2844 
1859 1691 1336 1915 1948 2230 2375 2264 2348 2417 2430 2626 2751 2560 2341 2320 1966 2381 2170 1424 2053 1827 2015 2622 3997 
1847 1471 1825 1900 2276 2503 2487 2796 6713 6198 3545 2049 2212 3085 2395 2062 2615 1901 2095 2666 1885 1618 1827 2033 1748 
1233 1598 2002 2297 2224 2544 3544 8377 8055 8092 7761 7878 8026 6677 2901 2487 2227 2072 1994 2607 2325 1598 1509 2318 3408 
1958 1803 2158 2383 2210 2916 7748 7881 4675 4817 4643 4661 5052 6772 5807 6524 3437 3252 2246 2341 2569 2114 2326 1898 2402 
