includes/gis/ASCII_5k/mod13q1_ndvi_2016_065.tif.txt
ncols         25
nrows         20
xllcorner     257482.3972
yllcorner     9670060.6647
cellsize      5000
NODATA_value  -9999
5075 4606 5774 5786 5997 4376 4069 2570 2867 3047 2489 3226 3155 3656 2290 2509 2946 3712 3651 3772 2994 3592 2825 2779 2578 
3844 4690 4312 4287 5761 3921 4493 3787 2538 3082 2979 2515 2650 3822 2093 3298 3825 4261 3893 3149 3018 3309 2550 3033 3101 
4299 4713 4999 3273 5242 3974 3934 3117 3268 2967 2619 2257 3025 3244 2802 2595 2780 3020 2793 3015 4416 3962 2980 2697 3811 
4456 6758 5244 5228 4383 4773 3954 4624 3462 3255 2579 2530 2773 2960 2258 2594 3269 1921 2712 6605 3384 3248 3659 2847 3584 
5104 6063 5620 5466 3778 6781 4681 4700 3001 3606 3010 3026 2887 3287 2197 1974 3046 2108 2148 5353 3769 4031 2678 4097 3672 
4131 5402 4979 5428 4685 3925 3847 4366 3815 3187 4086 3052 2239 2454 1979 2462 2537 2007 3027 4971 6007 3450 2637 3653 4287 
4477 4791 5343 6159 4902 3396 3384 2738 2642 3014 3167 3609 3544 2895 3415 2699 2593 2420 2885 3314 3919 6039 2996 3388 4230 
4768 4682 4508 5796 4167 4788 4265 3738 4094 3411 5167 2423 3233 2940 2248 2626 2718 2424 2352 3211 5513 6516 6084 4617 6247 
5048 5237 5629 3878 5850 4548 3880 3934 3735 3106 3863 2524 2700 2279 2498 2304 2143 2527 2704 3163 5708 4965 5746 7664 6667 
5732 3473 3632 4551 4151 4253 3752 2856 2827 4025 3496 2516 2658 3086 2701 2581 2495 3263 2071 2448 3462 6404 7137 7799 6826 
4345 4874 3097 3277 3040 2937 2441 1376 3190 3729 2166 3884 2773 3199 2409 2186 2852 2814 2508 2160 2330 6255 7811 7726 7858 
3180 3083 3425 2424 2691 2010 1819 2168 1159 2245 2994 2517 2093 2192 2359 2289 2059 2751 2683 1988 2402 6894 7311 7730 7713 
3501 3813 3275 3124 2685 2039 1432 3036 3304 2310 2898 1452 2048 1898 2241 2563 2476 2920 2398 1983 3828 3832 5977 8535 7843 
2925 2906 2847 2646 5443 2247 1480 2771 2395 7291 4429 2055 2403 1914 2315 3203 3388 2237 5089 1678 3028 3292 5343 6286 8387 
2921 3254 1729 2316 4814 2290 3864 2083 2388 3630 2595 3103 2892 2937 2877 6725 2867 2180 2282 3552 1776 1826 5442 5207 6817 
2388 1739 1867 1985 2416 2832 3283 3125 3089 4005 2904 2871 2523 3501 2814 2831 2745 2351 2054 2406 3194 2226 5488 3484 4645 
2130 2836 1807 3403 2578 3938 4731 4083 5090 5009 5579 4939 5312 4609 4225 3509 2291 3061 2517 1818 3076 3210 2377 3587 4683 
2991 1661 2342 2733 3657 3265 4169 3436 8353 8581 6815 4930 5444 5579 4559 2558 3009 3083 2453 4204 3054 2976 2459 2462 4150 
1597 2397 3056 3955 3506 3586 5337 8959 8614 8658 8561 8922 8940 7105 7222 4521 2792 3801 3548 3776 3472 2721 1819 2396 4541 
3273 2918 3099 3637 2726 3952 7812 8840 5600 4929 5102 5319 6111 7708 8533 5864 4234 5788 4105 4496 3369 3181 2861 2646 3173 
