includes/gis/ASCII_5k/mod13q1_ndvi_2007_241.tif.txt
ncols         25
nrows         20
xllcorner     257482.3972
yllcorner     9670060.6647
cellsize      5000
NODATA_value  -9999
2904 2613 3810 3348 4608 3823 4356 2316 2580 2586 2572 2275 3467 3341 2345 2643 2364 3105 3077 3092 2619 2903 2582 2393 2438 
2853 2950 2721 3469 5130 3901 3411 3087 1812 2668 2550 2793 3480 2924 2626 2478 2812 3139 2876 2995 2880 3301 2760 3296 3539 
3241 3846 3346 2786 3540 4464 3871 2671 3211 2457 2437 2623 2875 3261 2895 2197 2912 2662 3151 2773 3964 3417 3521 3443 3127 
3332 4483 3603 2800 2774 3174 3545 3198 2795 3266 2599 2528 2959 2624 2377 2628 2743 3040 2525 4427 3382 2986 3168 2729 3340 
2875 3369 3255 2985 3234 3791 2608 2748 2379 3039 2487 2800 2687 3179 2318 2393 2747 2568 2238 3998 2954 3527 2674 2968 2947 
2600 2769 3107 3100 3009 3361 2324 2508 2729 2507 3379 2685 2332 2386 2123 2363 2568 2066 2392 4056 4216 3251 3198 3037 3025 
2721 3054 3356 3247 2730 2473 2571 2379 2563 2481 2363 2561 2633 2734 2452 2515 2383 2198 2080 2895 2876 4719 2931 2869 2988 
2895 2830 2684 3352 2680 2450 2541 2509 2310 2426 3088 2841 2674 2594 2193 2439 2347 1939 1967 2385 3538 4948 4154 3452 4028 
2878 2820 3203 2762 3288 2268 2218 2132 2442 2342 2243 2390 2871 2519 2088 2042 1856 2251 2360 2422 5109 4190 4829 5317 4892 
3284 2581 2735 2615 2505 2661 2242 2062 2039 2070 2176 2284 2506 2311 2288 2000 2245 1949 1921 2160 3157 3689 5412 5410 4256 
2930 2954 2428 2544 2323 2343 1794 1375 1868 1733 1876 2396 2147 2183 2283 1940 2205 2050 1922 2166 2377 4575 3872 4785 4571 
2614 2445 2415 2144 2192 1814 1550 1512 1201 1915 1777 1979 2033 2512 2340 2057 1874 2112 1905 1945 2259 5680 3888 3724 4821 
3284 2346 2200 2280 1997 1853 1373 2609 1875 1517 2048 1291 2012 2041 2432 2238 2042 1891 1887 1910 2939 3685 3555 7908 4084 
2576 2200 2190 2039 2273 1666 1380 2170 1701 4868 2691 1674 2198 2027 1884 2248 2470 2057 2979 1380 2378 2820 4561 3793 5479 
2408 1912 1540 1746 2545 1997 2850 2057 1772 2300 2192 2398 2255 2265 1986 5236 1994 1957 2073 2605 1736 1632 4745 3187 4567 
2092 1726 1755 1778 1816 2111 2328 2227 2264 2559 2380 2729 2440 2484 2438 2082 2226 2203 1944 2139 2334 2245 4368 2849 3067 
1877 1699 1557 1736 2085 2399 2492 2498 2488 2676 2706 2829 3283 3029 2703 2660 1992 2468 2280 1651 2354 2063 2403 2136 3949 
1922 1788 1924 2171 2388 3140 1852 3305 6024 1905 4768 2937 1819 3316 2665 2196 2453 2259 2214 2773 2058 1882 1948 2302 2669 
1368 1560 2098 2341 2270 3206 2917 8051 2417 974 1570 2336 4470 6419 3129 2418 2393 2296 2338 2813 2662 1880 1635 2662 3711 
1867 1886 2282 2479 2432 3343 8147 8226 5379 4880 3814 519 711 2692 3390 6182 3198 3721 2672 2463 2697 2281 2559 1915 2679 
