includes/gis/ASCII_5k/mod13q1_ndvi_2006_129.tif.txt
ncols         25
nrows         20
xllcorner     257482.3972
yllcorner     9670060.6647
cellsize      5000
NODATA_value  -9999
7488 5437 6195 6486 5713 6426 7524 7236 7041 8222 6283 5951 6912 7832 6588 7625 6985 6302 6590 6159 5041 6425 6033 5603 4236 
7733 6452 5935 5545 6162 5126 6027 6824 4285 6337 5765 5665 6363 7956 7520 7859 6664 6795 6112 6024 5673 5887 6314 5889 5859 
6367 7678 7455 5538 5341 4903 4532 4107 5624 6380 6164 4600 4735 6919 7304 7355 5716 5742 6003 5118 7558 6689 5505 5071 4978 
6700 8247 6520 5934 4159 5538 5102 5862 5020 5565 3828 5399 5689 5460 7235 7078 7891 6522 5244 7832 7263 5040 5279 3891 5380 
7306 7126 6230 5881 5003 8120 5513 6050 4219 5855 5025 5917 6292 5863 4453 6029 6602 7286 4822 7452 7443 6651 4762 7001 4927 
6117 6345 6859 5960 5270 6025 3603 5039 6543 3741 7494 4929 3829 4127 3451 4074 6826 5557 6173 7420 7891 7246 5371 4445 4820 
6980 7177 6707 6538 5756 4871 6133 4327 3668 3348 3002 4646 5475 4899 5426 6158 5355 5483 5755 6246 7050 7244 6377 4687 5845 
6726 5446 6914 6792 6075 5481 5696 5982 4077 3441 6402 5212 5303 6007 4505 5978 6163 5788 4953 7002 7572 7218 8012 7893 7276 
5764 6256 7236 5976 7042 5226 4999 6351 4199 4695 5163 5424 5439 5851 4001 2990 4151 6353 7620 6936 6515 7275 6130 7254 8011 
6663 5732 5771 6199 6026 5492 5324 5588 4822 4143 5135 4802 5145 5195 4943 4735 4422 4923 5282 6915 7330 7196 7606 7594 7841 
5128 6884 4604 4148 4557 4685 4390 1426 3479 2518 3642 6123 5677 5004 4334 5175 4719 5009 3642 5286 6173 7217 7797 7856 7921 
4432 5232 4152 3580 5596 2635 3804 2837 1076 2850 3904 5104 5682 5644 6734 4601 3139 4517 3721 3447 5276 7306 7758 7781 7503 
4991 7191 4750 4011 3303 4445 598 3427 3165 2049 5056 2400 4791 4897 5571 4775 3560 4861 4008 2925 6225 7489 7349 8391 7607 
4488 6224 4802 4115 7094 4781 2002 3875 2429 7919 4166 1985 3397 4160 3253 6861 5641 3086 7600 1615 6529 7299 7563 7340 8041 
3928 4250 2900 2287 5189 3223 7504 5876 4682 2861 3965 4368 4104 5236 3977 8116 3148 3011 2980 5122 2721 3691 6860 6969 7793 
3649 2480 3356 2792 3384 4621 4827 6163 5631 4838 4611 5482 4995 5032 5177 3989 4278 3565 3023 3509 3367 3279 6892 7114 7792 
3271 2363 2143 4119 3776 6372 7161 7395 7076 7126 6326 6397 6351 5820 5078 5285 3398 5849 4820 3684 4201 3348 4369 7352 5705 
2629 4492 4981 4305 6571 8142 7742 7988 8693 8535 7963 7715 7904 6662 5857 5577 7192 5009 4160 5160 4208 4067 5570 5258 7516 
3066 4141 4813 6087 3771 8305 8394 3785 7628 7904 8630 8821 8815 7883 6766 6333 5744 6198 5784 5217 4931 3260 3083 6198 6874 
4767 3621 4971 7620 7732 6880 8638 5957 976 3225 5773 5979 6333 7770 7248 7919 6329 6163 6531 5660 5746 4694 4942 4213 5090 
