includes/gis/ASCII_5k/mod13q1_ndvi_2009_177.tif.txt
ncols         25
nrows         20
xllcorner     257482.3972
yllcorner     9670060.6647
cellsize      5000
NODATA_value  -9999
3435 3190 3979 3353 3703 2595 3197 1858 2053 2074 2233 3002 3009 1360 1345 1506 2075 2224 2605 2507 2073 2392 2308 1976 1854 
2943 3484 2860 3184 3407 2389 2906 2489 1750 2073 2390 568 3038 2865 970 616 2450 2521 2255 2102 2174 2874 2315 3086 2879 
3120 3407 2851 2167 2496 2536 2462 2089 2892 1991 1738 2167 2564 2367 1531 1974 1662 2062 2360 2074 3694 2874 2504 2822 2595 
3385 4508 2335 2796 2312 2419 2614 2860 2213 3070 2132 2151 1835 1172 1881 1678 2220 1916 2053 4257 2175 2250 2746 2125 2799 
3304 3212 3139 2526 3013 4397 2338 2118 2079 2387 2398 2330 2222 1961 1522 1940 2195 2151 1878 4033 2829 2758 2029 2433 2429 
2320 3508 3101 2714 3180 3108 2085 2127 1995 1919 3040 2268 1945 2278 1235 1637 2055 1803 2324 -9999 3422 2929 2040 2237 2035 
2298 3278 3561 3210 2499 2154 2292 2209 2068 2115 1932 2007 2081 1827 2080 2212 2000 2256 2270 2699 2302 4194 1999 2016 2697 
2656 2279 2713 3572 2726 2100 2129 2283 2100 2163 2070 2034 1948 2070 1788 2157 2052 1768 2020 2248 3501 4445 3939 3245 3517 
2570 2860 2874 2860 3087 2006 2149 1850 2144 2116 1943 1851 2205 1996 1752 1844 1705 2032 2326 2093 4581 3662 4446 4923 5293 
3251 2442 2731 2915 2374 2264 1910 2067 1791 1792 1729 1969 1918 1815 1884 1728 1997 1692 1654 2041 3184 4387 5016 5104 4043 
2630 2785 2244 2567 2340 2183 1742 1102 1553 1443 1520 1679 1766 1785 1733 1804 1933 1850 1539 1835 2387 4579 4271 4810 4465 
2395 2406 2653 1893 2030 1499 1526 1285 1050 1392 1559 1584 1657 1662 1708 1566 1629 1905 1445 1615 2193 5303 4386 5023 4557 
2765 2317 1921 2288 2057 1590 1315 2465 1740 1501 1726 894 1539 1661 1660 1784 1712 2043 1629 1380 2815 3299 4207 7494 4634 
1959 1600 2031 1932 2297 1476 1362 1969 1266 3873 2437 1455 1752 1582 1492 1444 1996 1611 3008 1133 2196 2386 4610 3846 4932 
2347 1888 1386 1630 3101 1959 2378 1636 1509 1464 1621 1624 2067 1980 1654 3563 1709 1500 1737 2472 1644 1421 3998 3074 4445 
1942 1503 1289 1642 1695 1689 2135 1960 1944 1946 1991 2231 1859 2149 2098 1888 2230 2060 1735 1929 1881 1831 3901 2596 3057 
1622 1463 1232 2046 2057 2215 2629 2383 2826 2328 2410 2903 2541 2413 2133 2585 2038 2528 1999 1539 2325 1896 2144 2880 3833 
1767 1222 1687 2289 2351 3044 1303 3996 5183 5260 3517 1948 1654 2224 1933 1782 1728 2016 2146 2989 2041 1611 1917 2447 2802 
1215 1560 1920 2395 2338 3211 5335 2511 1487 2044 576 2433 5873 6383 2668 2012 1811 2174 2430 2721 2508 1654 1507 2469 3476 
1750 1774 2124 2448 2446 3890 659 3874 6294 4712 2157 515 1698 6673 6499 6761 2576 2918 2139 2529 2908 2203 2339 1818 2356 
