includes/gis/ASCII_5k/mod13q1_ndvi_2011_305.tif.txt
ncols         25
nrows         20
xllcorner     257482.3972
yllcorner     9670060.6647
cellsize      5000
NODATA_value  -9999
6003 4953 3374 4773 5103 3214 4215 1794 1164 2272 3412 4661 4682 4826 2022 1598 1687 2612 4623 3425 2433 2991 2938 2265 2226 
6400 4271 3514 5384 3862 3579 2976 2521 1930 3246 2342 2480 2984 2840 2912 4717 3484 3112 2562 2422 2943 3197 2355 4445 4476 
5994 7071 3911 2846 3444 4395 2818 2183 2587 2633 2174 2237 3333 3538 2874 3497 3316 2515 2307 2533 4610 4532 2799 3135 3898 
6430 5977 3474 3660 2990 3693 2306 2417 2455 2760 2250 3006 3325 2434 2289 1652 2246 2696 2676 4482 2775 2644 2892 2277 3521 
4487 4415 4194 3434 3819 5062 3638 2950 2402 3671 2982 2085 2820 2181 1977 1998 2671 2360 2112 2089 3514 2691 2135 2729 3145 
2250 5229 2891 3150 3545 3676 3567 3105 2506 2496 2995 2631 2370 2593 1934 2764 3265 1578 2472 1459 6210 3019 2216 2501 2656 
5621 4410 4962 4552 3712 2790 2725 2061 1958 2123 2169 2232 2433 2725 2684 2393 2986 2421 2117 2626 3299 6271 2426 2642 3904 
3934 2655 3047 4543 2344 2460 2353 1580 1751 2302 2615 2374 1141 1651 1631 2938 2226 1590 2477 3020 3636 -9999 8211 8009 8315 
2938 3968 2062 2945 5070 2361 1933 2307 1950 2212 2891 1823 1674 2157 1987 1983 1819 2104 2282 3006 -9999 5681 4657 1936 7814 
3821 2582 1832 2789 2524 3679 2622 1922 1523 2055 1870 1465 2566 2021 1993 2169 2821 2386 2488 1842 4254 5122 7163 8256 8330 
4801 3645 2349 2442 2321 2075 1670 1203 1482 1515 1722 2485 2881 1855 2624 2494 3301 2999 1850 1713 2499 4259 4466 7417 7043 
2423 2542 2607 1942 1868 1815 1636 1427 1058 1546 1620 1782 1910 2194 2083 2566 2117 3109 1738 1659 2189 5646 4732 5221 7377 
2588 2261 1888 3227 2026 1936 1341 2669 1955 1457 2117 1153 1854 1720 2272 1489 1711 2074 1657 1753 4218 4117 5116 8168 7139 
2538 1984 2236 2064 2624 1697 1411 2087 1463 6178 2801 1657 1903 1465 1386 1637 2377 2573 4673 1454 3196 2791 4668 5860 6236 
2783 1840 1466 1706 3601 2268 2468 1733 1637 1645 1737 1981 1873 1952 2212 5538 2857 1929 2457 2758 1981 2228 3881 5183 6218 
2093 1648 1530 1517 1891 1789 1956 2281 2028 2058 2079 1914 1855 2314 2070 1676 2101 2263 1950 3607 4136 2613 4832 4117 5280 
1760 1342 1439 1886 2253 4581 4771 3257 3378 3058 5453 4645 2784 2734 2264 2395 2841 3428 2288 3817 4551 4212 4093 4726 5045 
2140 1764 2346 2577 3610 3705 5002 5706 7899 7298 6234 4626 1747 2633 1966 1753 2529 2455 2485 4761 4169 5123 3604 4303 5296 
1801 2024 2268 5140 4921 5312 7347 8847 8729 8573 5227 6841 6885 7463 3521 2289 3655 3508 4863 6324 3962 4384 4019 4537 5337 
2067 2397 3298 3968 3724 5822 4691 3137 2405 4655 1129 613 4337 7068 8693 6599 3631 5429 5057 5928 5633 4166 5083 3098 5049 
