includes/gis/ASCII_5k/mod13q1_ndvi_2005_241.tif.txt
ncols         25
nrows         20
xllcorner     257482.3972
yllcorner     9670060.6647
cellsize      5000
NODATA_value  -9999
2571 2497 2821 3075 3251 2460 3028 1657 1571 1985 1962 2712 2902 2660 1194 1407 1586 2571 2438 2512 2332 2179 2185 1992 1972 
2306 2583 2426 3003 3073 2424 2680 2170 1937 2153 1986 2486 2663 2431 1621 2178 2471 2434 2406 2131 2027 2765 2097 2977 3289 
2776 3141 2977 2151 2542 2367 2215 2031 2236 2130 1882 1990 2275 2363 1798 2116 1900 1908 2061 2116 3662 2674 2626 2576 3025 
3029 3832 2715 2553 2147 2396 2274 2516 2248 2764 2318 2282 2209 1974 1972 1865 2022 1818 1840 4006 2281 2128 2480 2010 2859 
2462 3247 2912 2757 2845 3430 2060 2283 2309 2403 2650 2271 2311 2692 1705 1795 2155 2104 1806 3494 2331 3203 1943 2355 2423 
2371 2831 2931 2771 2770 2786 2219 2160 2235 2357 3267 1886 2058 2160 1683 1829 2211 1786 2225 3546 3483 2717 3058 2288 2197 
2187 2883 3068 2259 2428 2377 2208 2274 1965 2216 2242 1746 2147 1950 2164 2193 1981 2064 2090 2445 2521 4383 1920 2329 2589 
2506 2279 2777 3196 2519 2332 2236 2209 2218 2092 2669 2243 1803 2198 1978 2120 1807 1559 2008 2070 3367 4695 3512 3038 3585 
2472 2502 2921 2296 2928 2095 2120 1918 2074 2202 2104 1921 2141 2160 1962 1828 1685 1909 2267 2332 4868 3327 4311 5158 4914 
2581 2210 2625 2637 2321 2539 2286 1989 1944 1909 1770 1972 1913 1973 1943 1782 2028 1806 1783 2140 2886 3586 5161 5100 3984 
2499 2574 2129 2298 2175 2079 1952 1243 1871 1856 1735 1930 1849 1892 1972 1862 1985 1838 1796 1892 2273 4535 3617 4379 4717 
2077 1936 1883 1845 1959 1756 1555 1427 1106 1723 1553 1721 1862 1762 1994 1701 1755 1960 1695 1794 2161 5394 4364 2986 4395 
2228 1910 1772 2036 1945 1573 1425 2531 1798 1362 2202 1092 1615 1616 1822 1821 1663 1912 1811 1522 2521 2583 3342 7339 3342 
2089 1602 1788 1933 2204 1513 1353 2075 1553 5140 2719 1614 1791 1596 1522 1449 2018 1776 2589 1151 2162 1988 3185 3413 5494 
1990 1925 1391 1526 2913 1987 2350 1740 1875 1733 1695 1878 1853 1782 1791 4381 1649 1713 1759 2389 1569 1482 3738 2957 3892 
1951 1647 1743 1642 1776 1786 2112 1936 2127 2081 1938 2259 1957 2080 1815 1833 2165 1912 1766 1939 1992 1791 3820 2287 2708 
1654 1775 1378 1975 1935 2108 2265 1508 2969 2543 2536 2599 2703 2582 2015 2161 1864 2278 2177 1414 1975 1747 1969 2518 3753 
1981 1396 1987 2150 1037 2318 1416 684 1883 4274 2110 1632 784 1823 2099 1726 1892 1959 2111 2616 1897 1555 1905 2131 2394 
1666 1771 2114 2223 2301 1759 1245 1396 8484 1293 606 4228 818 2088 2954 2560 2247 1720 1942 2573 2548 1845 1645 2415 3381 
2335 2059 2479 2416 2169 3010 2062 4979 4942 3306 5043 3612 2904 4024 5145 5851 2434 2382 2042 2449 2699 2105 2339 1824 2157 
