includes/gis/ASCII_5k/mod13q1_ndvi_2010_145.tif.txt
ncols         25
nrows         20
xllcorner     257482.3972
yllcorner     9670060.6647
cellsize      5000
NODATA_value  -9999
6523 5498 5796 6241 6209 6636 7305 4818 5629 6513 5132 6346 6985 7537 6795 6989 6194 6474 7424 4854 3964 4468 4365 3596 3212 
6600 6245 6580 6163 6580 6026 6067 5799 4678 6247 5888 5135 6213 6707 6539 5157 4438 5908 4726 4164 4721 4769 4396 6815 4865 
5663 6242 5263 5114 5854 6039 5533 4438 6055 6410 5448 5123 4651 6458 5818 3807 5509 3992 4006 3583 4529 4938 5079 5159 4883 
6263 5579 6211 7134 6210 6384 5941 5503 4178 5233 4378 4196 5430 5325 3515 6151 6146 5094 3664 5388 4820 3916 4276 3416 4889 
5694 6542 6067 6224 5527 7146 4017 5365 3532 3880 4223 5443 4594 5848 3781 3817 3639 3651 3336 5610 4675 4070 3723 4413 4572 
4881 5736 6208 6357 2824 5257 3006 5132 5267 4141 5883 4288 3115 3902 3028 3812 3794 2571 3630 5455 4942 5293 5341 6218 4828 
5109 6817 5851 5818 5177 3900 3778 3978 3042 3400 3665 4430 3963 3877 4240 3605 2880 2908 3230 4480 4805 6090 6220 5991 4918 
4938 3854 4966 6213 4867 4207 3929 3585 4255 3492 6270 3204 2851 3297 2881 2776 3001 3028 2728 4243 6533 6919 6080 6408 6230 
4656 4841 4767 5157 4536 4151 4318 3168 2781 4266 3365 3291 2832 2824 2191 2638 1917 2682 3037 3444 6269 6688 5630 7569 6799 
4523 3541 3519 4376 4021 3363 4075 2796 2931 3686 3401 2988 3111 2563 2821 2503 2432 2578 2594 3411 4520 6794 7090 7029 6314 
3411 4142 2454 3400 2933 2967 3173 1766 2548 2123 3790 3774 2567 2309 2710 2643 2878 2326 2245 3021 4428 6470 7059 7506 7279 
2247 2601 3195 2257 2866 2806 2878 1830 1211 2062 3458 3355 2455 2525 3327 2590 2448 2552 2584 2870 4016 7331 7513 7318 7382 
3105 2222 2245 2527 2277 4261 1506 3808 3098 2249 4443 1907 2727 3062 3316 2828 2395 2596 2187 2087 3946 4960 6664 8655 6805 
1887 1438 1963 1803 3894 1902 1400 3672 2709 7643 4290 1837 2513 2522 2035 3073 3450 2987 5364 2044 3205 3233 6324 7059 7645 
2591 2001 1458 1883 3899 2352 3677 2832 2444 2980 2396 2744 2879 3113 2351 6930 2555 2281 2272 4444 2446 2884 6471 7051 7478 
2327 1784 2140 1864 1859 3089 3964 2724 3238 3219 4077 4667 3548 3011 3260 3088 3045 3218 2293 2592 3724 3684 5760 5932 7737 
2214 2871 1651 2411 1936 2250 2959 2712 2508 4236 5270 5342 4564 4354 3820 3645 2940 3964 2659 2274 4209 5207 4569 4978 5025 
2533 1838 2097 2185 2075 4704 5554 2433 2788 2267 8254 5587 5407 5458 3384 4434 5358 3826 2540 4224 3838 5203 3982 3403 4674 
2414 2699 2732 3403 1348 3853 5563 750 521 1463 8121 9230 9105 8417 6293 5245 4994 4305 3405 4004 4324 4194 3659 5093 5004 
2539 2941 3217 3564 4947 5925 5583 3296 6366 3019 2144 6279 6662 7973 8628 8341 6145 5590 4853 4401 4470 3899 3068 3585 3952 
