includes/gis/ASCII_5k/mod13q1_ndvi_2009_321.tif.txt
ncols         25
nrows         20
xllcorner     257482.3972
yllcorner     9670060.6647
cellsize      5000
NODATA_value  -9999
4616 1845 5071 4471 5140 3809 4486 2315 3086 4343 3967 5238 5318 6046 3467 4337 2857 4382 6142 4999 4382 5043 5984 5342 4089 
4150 2375 3835 3834 4758 2707 2532 1328 1885 1683 3857 3495 4929 5302 4031 5491 3809 3754 4294 4343 4328 5730 5735 6216 6231 
4532 3082 2988 2397 1032 1893 2438 1752 2298 2242 1287 2365 3970 4885 2347 5220 4151 3415 4796 2934 5792 5703 4533 5379 4676 
3968 6090 4453 3051 2776 3557 2756 3067 3060 2563 2250 2143 3255 1683 3004 4238 3080 2306 3049 5100 3888 2137 3205 1750 4255 
4868 3902 3812 2682 2176 3580 2780 2479 3084 3353 2541 3242 2808 2934 1614 708 4165 4055 4475 2056 1425 3404 2270 2816 2573 
3583 4052 3218 3625 3222 3361 2804 2601 2302 2895 2849 2717 2240 3096 1527 2193 2818 2686 3600 5938 6428 3569 2646 2264 2282 
815 4320 3035 3812 4539 2555 2895 2430 2644 2355 2346 1765 2942 -9999 933 865 2256 4170 2954 2738 3930 4150 3993 2816 3978 
2966 763 2388 4741 1458 2198 2049 2767 2048 2144 2095 1953 1707 1844 1524 2189 1765 1571 2039 4012 7324 4570 7232 5668 5522 
2924 2794 2751 3035 1350 2087 4045 2025 1968 1589 1827 2054 2453 2005 1782 1832 896 2190 2228 2365 5105 5294 2942 6770 6367 
4172 2437 2570 3463 1940 2320 1965 1689 1305 1865 1704 1886 1933 2282 1702 2151 2288 1853 1613 1728 4544 6012 6129 4461 6074 
4257 2513 2440 1692 2615 2109 1934 1132 1290 1343 1584 1798 1783 1683 2224 1746 -9999 2096 1643 2032 2222 5984 4049 3934 5418 
3426 2810 2899 2200 2188 1613 1594 1216 997 1314 1474 1537 1615 1832 2558 1814 2281 2358 3008 2184 2913 6736 6155 5216 5856 
3482 3305 2059 2935 2037 1459 1594 2601 2668 1290 2039 940 2911 1594 2161 1770 1835 1279 1855 1775 2123 -9999 5374 1913 6765 
2245 2097 2537 4827 2628 1123 1066 3059 1381 7467 2454 1528 1587 1588 1925 1539 3052 1965 4306 1714 3023 5067 6577 6179 3251 
2496 1981 1764 2539 992 2029 3317 1729 1235 1521 1244 1537 1931 1837 1787 5180 1824 1877 1745 2050 2097 1690 2988 5431 6923 
2146 1635 1766 2321 3714 1179 2374 2518 1755 1838 1892 2443 1984 2303 2102 2012 2263 2576 1776 2167 3047 1643 4953 2732 6374 
1949 1580 1646 3370 4561 6478 5283 3661 2101 2115 2295 2681 2748 2931 2226 2406 2840 3924 4211 1591 2663 2896 1071 3119 3565 
1856 1877 2093 3120 3887 5230 4367 5309 5185 4098 3175 964 1657 2513 2545 2236 3281 2657 3532 5476 1487 2394 2076 6018 5279 
1244 1691 1741 2653 3404 3912 5724 7568 1511 5307 1114 6536 -9999 6050 4433 4113 2783 3178 3598 4406 3234 2420 2141 4309 7027 
1868 832 3396 4731 5730 7821 8855 7679 4859 2852 1366 3053 5280 4716 3753 8195 5768 6064 4265 4416 3995 5544 3673 3125 5023 
