includes/gis/ASCII_5k/mod13q1_ndvi_2006_081.tif.txt
ncols         25
nrows         20
xllcorner     257482.3972
yllcorner     9670060.6647
cellsize      5000
NODATA_value  -9999
4404 5198 5650 5128 5910 5256 5562 5264 4516 2590 3495 5417 4814 6180 3657 5328 3638 3638 4630 4301 3119 2673 3019 2272 2497 
5134 5683 5309 4982 6414 5210 5890 4474 4319 4820 4556 4595 5126 4469 3891 5542 4429 4634 3558 3696 2694 3319 2729 5293 5039 
3863 6073 6129 5143 6115 5447 5647 2808 4853 3344 3649 3010 5389 5243 3913 4754 3934 3611 3313 3957 4982 5279 4036 3555 4844 
5612 7245 5639 5466 5194 5769 5643 5033 4403 4240 4493 4658 5696 3963 4469 4740 3571 2785 2627 6240 4076 2812 3610 2548 4635 
5398 6000 6156 5777 5401 7116 3835 6143 4435 5366 3869 6152 5051 6166 3574 4191 4766 3409 2162 6433 5399 4066 2331 4099 4073 
3112 5347 6693 6682 6740 7000 4911 5502 5271 4925 6787 5609 4256 4235 3691 4235 4194 2640 3209 5937 7094 5166 3923 3026 4136 
4284 5877 6383 6721 6633 5606 6947 4788 4022 4245 3984 4763 5676 5483 4391 5325 3790 3288 3463 3845 4922 6690 3339 3901 4575 
4711 5611 6563 7289 5776 6004 5556 5071 4406 3558 5625 5004 5491 6197 4310 4183 3090 2191 2781 4427 6263 4917 5869 5033 5206 
4801 6090 6712 6745 7404 5072 6180 4793 3324 4349 4443 4636 5836 5730 4402 2910 2065 3278 3517 4614 5400 6377 3218 6693 7064 
6475 5913 5142 4806 4738 5729 4848 4492 4269 3543 3425 4702 5046 5026 4325 3838 3378 2236 1951 3740 5457 6322 5373 4101 7353 
5745 6563 4706 5344 5089 4179 4000 1354 2464 2900 2467 5692 4756 4529 4492 4437 3111 2790 1798 2344 4777 6296 3269 4442 3766 
5035 5849 5749 4977 4695 3177 3356 1416 1075 2682 3196 4655 4943 4066 4520 3747 3800 2124 2422 1788 2631 7799 5132 6155 6448 
5413 5030 5367 4887 2397 2266 1588 3248 3292 2781 4381 2920 5323 5684 3551 3413 2659 3370 2585 1776 6112 4727 6093 8890 7243 
4909 4330 5074 5508 6491 2329 1249 3308 1999 7025 5363 2175 3368 4669 3290 2268 3473 3161 5400 1444 3568 5825 6587 5690 5192 
4491 4774 2959 4601 5163 3121 2636 1953 2610 3605 2327 3410 3691 2857 4052 7790 2748 1809 2881 3827 2082 2034 5764 5734 4931 
4644 2693 3715 2991 3534 4021 3215 3779 4749 4102 4821 4275 4337 4733 5075 4714 5176 4289 3150 4760 5194 3046 5746 4624 7348 
3198 3091 4105 6317 3929 5252 4890 4514 4343 3880 4532 4969 5319 5257 4864 4493 5531 5965 5774 4034 4420 4148 3480 5366 -9999 
4461 4877 5903 4323 5723 5798 5341 4509 7027 7346 5923 4488 4629 5277 4738 5502 5949 5045 3915 5694 5015 1723 3172 5731 6023 
5472 6302 5963 6402 6340 5152 3510 8342 8333 8160 8183 8384 8549 7530 5974 5168 5504 5111 5832 6859 5280 3314 2554 5436 6546 
5692 5058 4032 5611 6341 6489 8095 8023 4863 4493 4829 5017 5465 6578 7627 8408 4696 5442 6538 7114 6957 5305 6546 4522 4942 
