includes/gis/ASCII_5k/mod13q1_ndvi_2002_193.tif.txt
ncols         25
nrows         20
xllcorner     257482.3972
yllcorner     9670060.6647
cellsize      5000
NODATA_value  -9999
3835 3312 4514 4632 5156 4157 5008 2554 3289 3073 2702 3677 3211 3292 2039 2692 2276 3115 3344 3273 3013 2988 3004 2977 3174 
3998 3061 2983 3904 5116 3908 4159 3420 2322 3132 2597 3098 3504 2520 2089 2802 2836 3260 2801 3377 2935 3532 2915 3577 3715 
3774 4548 3401 2818 3721 4553 3252 2421 3248 2626 2299 2372 2916 2818 2345 2331 2238 2412 2932 2711 4185 3583 3434 3740 3289 
4596 5551 3224 3367 3350 4131 3314 3174 2830 3202 2598 2673 2903 2244 2294 2162 2636 2198 2307 4614 3276 2990 3145 2774 3677 
3769 5068 3971 4671 4179 5227 3085 2610 2559 3035 2832 2963 2761 2930 2173 2208 2597 2308 2256 4038 2994 3755 3068 3076 3289 
2911 3885 4811 4296 4655 3801 2604 2558 2740 3018 5611 3043 2333 2415 2271 2237 2599 2397 2804 4463 4365 2986 3801 3346 3479 
3354 4317 3805 4097 3241 2890 2767 2635 2255 2487 2443 2286 2779 2615 2422 2460 2296 2356 2536 3185 3414 5628 3433 3509 3865 
3318 3037 2953 3985 3296 2549 2563 2459 2477 2474 3436 2857 2717 2522 2230 2363 2293 1981 2314 2625 3863 5636 4386 4060 4238 
3016 3665 4098 3386 4357 2550 2500 2223 2245 2312 2414 2215 2577 2601 2209 2053 1769 1994 2450 2566 5503 4288 5327 6209 5031 
3274 2826 2898 3450 3392 2909 2382 1948 1948 2140 2068 2147 2065 2085 2207 1969 2178 2086 2120 2328 3310 4102 6911 6553 4474 
3157 3514 2790 3395 2798 2641 1994 1264 1910 1962 1867 2189 2231 2283 2138 1955 2185 2086 2151 2216 2668 4945 4770 6217 5371 
3002 2892 2820 2333 2238 1840 1740 1453 1154 1879 1835 1842 1889 2219 2103 1908 1887 2295 1822 2075 2647 5978 5623 5642 5813 
3653 2587 2202 2478 2255 1964 1283 3630 2057 1549 2678 1178 1951 1857 2050 2075 1777 2162 2163 1728 2976 3294 4330 7944 5147 
2899 2448 2233 2515 2461 1621 1379 2349 1742 5927 3235 1782 2169 1702 1783 1671 2494 2172 3984 1378 2401 2577 3926 4664 5867 
2535 2227 1677 1761 3538 2294 2770 1902 1915 1760 2025 1762 2142 2004 1985 6102 2068 2060 2132 2747 1655 1754 4192 3987 5606 
2346 1749 1705 1905 1953 2100 2728 2448 2254 2268 2184 2620 2127 2467 2103 2224 2642 2530 2090 2178 2399 1817 4361 2792 4463 
2018 1791 1424 2185 2078 2627 3145 3135 3148 3253 2773 2996 3163 3075 2241 2606 2371 3176 2463 1733 2278 2318 2544 3020 4256 
1787 1413 1856 2245 2657 2838 3031 5149 7700 6703 4939 3191 3098 3609 2654 2173 2634 2533 2340 3314 2647 2047 2330 2656 2781 
1619 1901 2125 2227 2318 3884 5192 3613 8002 7566 8198 8284 8252 6426 3863 3303 3387 2592 2827 3696 3351 2384 1998 2506 3923 
1944 2246 2569 2572 2366 4328 8347 8383 4713 4629 5327 5275 5491 7110 7087 6217 3799 3766 3687 3119 3302 2809 3123 2662 2685 
