includes/gis/ASCII_5k/mod13q1_ndvi_2004_017.tif.txt
ncols         25
nrows         20
xllcorner     257482.3972
yllcorner     9670060.6647
cellsize      5000
NODATA_value  -9999
5804 4022 4954 5325 5563 5374 4497 3332 3824 3187 3860 5502 6023 5814 3151 4061 4508 5052 6712 6072 4864 5576 5487 5401 4672 
4455 4197 4196 4759 5594 4311 4334 4045 3888 3804 3770 4246 5432 4519 3545 4108 3561 5625 4485 6074 5547 6326 6705 6946 6960 
4333 5690 4225 3230 4108 4301 4776 3979 3450 3345 3427 4139 4372 4003 3591 3578 3578 2810 5069 4946 7450 7098 7031 6727 6712 
4513 6572 3735 4566 3754 3670 4562 4032 4117 4469 4024 5053 5319 4036 4085 3594 3219 2873 3524 7563 4820 4219 5956 5073 6796 
4206 4833 4980 4721 4156 4250 4625 3829 3695 4872 4691 5122 5342 5516 3548 4110 4989 4673 3221 7214 5847 6549 5647 5695 6713 
3481 5019 4600 4439 4575 4213 4558 3283 3879 4251 6132 5065 4195 4210 4107 4332 4384 3411 4025 6868 7547 6879 7649 6351 6972 
4603 5243 5527 5067 4596 3953 3271 2662 3190 2947 3212 3540 3791 3452 2956 3224 4225 4696 4255 5549 6283 7760 7601 7621 6148 
3674 4962 4920 5990 5461 4212 3303 3472 2791 2223 3666 2886 3841 3271 2364 3170 2611 3303 4635 4468 7004 7439 8102 8447 8398 
3734 4203 5471 5358 5976 3707 3531 3629 3993 3721 4027 3536 3914 3087 2901 2637 2887 4296 4336 4871 6881 6913 6377 8286 8275 
4327 3210 3180 4347 3988 3087 2924 2522 3082 3212 2811 3203 3249 3020 3144 3259 3141 3657 3178 5473 6881 5734 8057 8375 8523 
3502 3313 3102 3740 3491 2684 2080 1377 2613 2264 2210 3090 2672 3228 3244 3011 3434 3461 3152 4081 5321 6893 7051 8191 8670 
2737 3273 3214 2199 2182 1771 1635 1510 1061 2774 1947 2764 2658 3531 3727 3081 2813 3698 2596 3308 5218 7075 7612 7616 8401 
3324 3302 2856 3096 1966 1810 1315 3164 2601 2096 2650 1693 2316 2585 3402 3455 2945 3089 3555 2362 6480 7002 6790 8684 7601 
2868 2314 2603 2107 2216 1582 1320 2683 1774 6857 4968 1760 3573 3333 2926 2282 3114 3322 5795 1611 5380 5421 7270 6958 8045 
3488 2029 1504 1700 3740 2359 3802 2136 2402 2170 1958 2491 3599 3248 3043 6509 2340 2602 3301 4001 2411 3068 6319 5091 6961 
2740 1623 1684 1868 2307 2550 3333 2825 3598 3515 3425 4418 3590 4404 3344 3130 3489 3306 2563 2714 3556 3175 6360 4310 5909 
2287 1788 1603 2701 3016 3361 4364 4787 4932 5213 5243 5557 5475 5177 4679 4699 3712 4467 4631 3485 4288 3403 3869 4854 4858 
2258 1996 2427 3109 3871 4375 5138 7681 8559 8638 7064 6868 7003 5677 4659 4434 4855 3868 3856 4336 4112 2358 3744 4360 4774 
2903 2166 2756 3847 4071 4415 4316 9036 8848 8617 8441 8990 9078 8120 7566 6975 6773 5093 5181 4734 4778 3391 2862 4043 5850 
3283 3341 3914 3920 3901 4386 8926 8764 6673 5708 6139 6663 6339 7557 7221 8560 7485 6004 4649 5279 4790 4515 4283 4186 3628 
