includes/gis/ASCII_5k/mod13q1_ndvi_2012_289.tif.txt
ncols         25
nrows         20
xllcorner     257482.3972
yllcorner     9670060.6647
cellsize      5000
NODATA_value  -9999
3280 2922 2311 3003 3347 2801 3376 2219 2235 2299 2199 2720 2879 3448 1752 1702 1615 2271 2557 2579 2259 2373 2190 2060 2280 
2959 3227 2697 3583 3054 2698 2927 2511 1944 2431 2015 2576 2880 2323 2102 2366 2315 2711 2564 2285 2310 2673 2181 2699 3017 
2826 3455 3090 2506 2929 2718 2728 2223 2551 2070 2194 1987 2556 2761 2142 2027 2203 1945 2554 2707 4038 2847 2531 2584 2669 
3423 3976 2663 2677 2309 2676 2885 2817 2343 2962 2283 2170 2455 2013 2113 2110 2187 2036 2716 4059 2503 2162 2558 2158 2793 
2626 2573 2611 2552 2775 3633 2848 2853 2373 2636 2439 2413 2288 2843 2101 1927 2366 2152 1901 3693 2687 2679 2077 2393 2701 
2473 3295 2714 2598 2648 3126 2677 2720 2594 2313 3178 2144 1769 2210 1796 2004 2250 1820 2243 4187 3881 2734 2215 2843 2258 
2735 2950 3279 2922 2462 2531 2584 2544 2289 2239 2329 2135 2609 2490 2251 2238 2158 2129 2212 2941 2567 4917 2381 2470 2772 
3407 2593 2655 2927 2361 2505 2408 2422 2496 2587 3002 2400 2299 2659 1904 2121 2135 1662 1977 2968 3487 5273 3986 3414 3983 
2723 2863 3069 2443 2773 2381 2501 2344 2316 2856 2559 2219 2561 2139 1883 1810 1658 2214 2234 2326 5195 4126 4594 5096 4534 
3140 2416 2683 2522 2324 2250 2295 2197 2388 1953 2266 2204 2525 2111 1886 1754 1798 1767 1563 2073 3753 3844 5489 3778 4026 
2876 2745 2106 2456 2166 2119 1954 1447 1945 1856 1944 2326 2148 1963 1877 1720 2046 1946 1738 1800 2469 4847 4600 6238 4939 
2205 2031 2329 1865 1979 1640 1698 1483 979 1622 1622 1865 1929 2088 2035 1656 1696 1845 1555 1646 2107 6228 4277 4671 6715 
2680 2151 1631 1990 2015 1872 1323 2447 1980 1403 2050 1179 1714 1671 1946 2133 1674 2004 1651 1518 2653 3931 4429 7980 5165 
2197 1758 1811 1743 2440 1526 1236 2169 1706 5435 3014 1624 1920 1683 1713 1559 2256 1803 3046 1118 2361 2942 6362 4788 5981 
2379 1769 1386 1668 2739 1997 2470 1918 1647 1743 1712 1734 2157 2099 1971 4429 1881 1723 1630 2145 1576 1573 4882 4110 5718 
1953 1492 1620 1662 1904 1965 2103 1895 1813 2190 2039 2766 1933 2184 1801 1759 1935 1952 1589 1602 2249 1872 4035 2772 3653 
1792 1895 1185 1892 2004 3023 2701 2422 2499 2392 2525 2932 3040 2611 2234 2309 1689 2360 2033 1254 2353 1971 2757 3803 4111 
2095 1519 2066 2439 2547 3062 2860 2757 5602 4299 4159 2777 1917 2494 1829 1965 2263 2104 2107 3411 2172 1656 1901 2721 3506 
1245 1675 2005 2696 2968 2809 3783 5535 3355 6417 4325 6688 6985 6371 3012 2103 2123 1873 1822 2492 2592 1696 1635 2096 4010 
1688 1645 2134 2358 2258 2269 7931 8791 3595 708 239 2244 4857 7745 8475 6095 2217 2998 1440 2154 2832 2113 2522 2149 2916 
