includes/gis/ASCII_5k/mod13q1_ndvi_2003_113.tif.txt
ncols         25
nrows         20
xllcorner     257482.3972
yllcorner     9670060.6647
cellsize      5000
NODATA_value  -9999
6012 5166 5719 5525 5701 2504 1166 1236 4575 4889 5325 6718 7059 6279 3603 3911 3391 3753 4853 3882 2933 3377 4000 3180 3729 
4569 4187 4261 5348 6066 5699 2548 4302 4025 4966 4868 5299 6265 4429 4062 3456 4001 4413 3472 3997 2859 4665 4665 5635 6924 
4324 4065 4841 4709 6245 5378 4804 3824 4633 3602 3925 3825 4547 4540 3642 3814 3375 2727 3350 3306 5280 5057 6271 5537 6594 
5295 2074 5217 5335 5214 4445 4983 4793 3824 4214 4009 4669 4624 3224 2475 2230 2854 2471 2999 6444 4418 4845 5857 4073 6065 
5445 3831 5430 4048 3868 5813 3364 2124 3371 4270 3391 4401 3376 3166 2199 2499 2960 2763 2358 5782 4415 4964 4582 5111 5206 
4751 5736 5326 5139 4360 3957 3584 3382 3565 4578 5390 3492 2650 3038 2236 2691 3046 2099 2386 4807 5748 5187 7006 5608 5367 
5454 6325 6009 5310 3772 2540 2299 2627 3021 3644 2913 2632 2898 2862 2657 2326 2606 2411 2315 3740 4731 6957 5423 4119 4766 
5225 5162 5617 6079 3516 3860 2786 2696 2689 2526 3379 2645 3348 2647 2293 2300 2230 1933 2277 3362 5756 7091 6484 5551 6384 
4514 3747 4741 4420 5729 3766 3109 2503 2759 2790 2634 2440 3027 2621 2346 2012 2480 1961 2493 3072 5979 5463 5960 7562 6614 
5426 3069 2648 3700 5043 3545 2807 2241 2352 2439 2257 2559 2412 2474 2552 2168 2253 2117 2132 2364 4687 5075 7461 7497 5578 
4273 3590 3348 3464 3778 3106 2196 1386 2151 2379 2013 2421 2558 2887 2907 2113 2183 2056 1883 2001 3243 6463 6721 7340 6899 
4085 3473 3030 2760 3415 2959 2345 1822 1253 2248 1893 2408 2041 2397 3776 2276 2019 2716 1864 2022 2778 7131 6898 6901 7041 
5738 3439 2754 4015 2737 2656 1388 3722 2396 1825 3080 1452 2043 2013 2431 2055 2001 2023 2396 1768 4358 3957 4822 8614 6595 
3852 1817 2134 1230 3390 1824 1396 3024 1617 7368 4474 1777 2216 1939 2092 2168 3129 2869 4210 1598 3192 3086 4788 5090 7716 
2827 2063 1775 1971 4236 2461 4094 3434 1863 1827 2059 2160 3089 2675 2602 7750 2293 2815 2665 3868 1652 1944 5261 4533 7295 
2653 1929 2260 2316 3101 2708 2511 4079 2811 3178 2966 4111 2827 3445 3032 2737 3287 2874 2056 2811 2758 2302 5529 3381 4875 
2658 2048 1641 3709 3179 3508 4828 2521 4774 4088 4275 5137 5636 4392 3708 3621 2901 3490 3487 2086 2510 2643 3423 3938 5124 
2596 2771 3077 3911 3361 3536 4140 3467 7927 8655 6727 5431 6030 4608 4634 2902 2924 2873 3149 3622 2984 2325 2701 3106 4211 
3863 3767 4193 4382 2819 1799 3433 4623 5041 822 6928 9187 9139 8018 5844 4638 4671 4147 3136 4606 5619 2966 2410 3985 5324 
3059 3660 4193 4896 5447 5684 2691 4591 3088 1155 688 5829 6333 7809 4653 7747 5710 6324 4191 4951 6064 3668 3924 2560 3239 
