includes/gis/ASCII_5k/mod13q1_ndvi_2012_129.tif.txt
ncols         25
nrows         20
xllcorner     257482.3972
yllcorner     9670060.6647
cellsize      5000
NODATA_value  -9999
7813 7117 7085 7396 7451 7344 8145 6947 7544 8026 7002 6945 7406 7497 6586 7143 4507 5976 6241 6888 5348 4773 4921 4473 4245 
5881 7735 7622 7179 7615 7088 7352 7907 6732 8419 7064 6852 6955 8237 7053 6960 6901 6142 5999 6052 5822 5487 4671 7022 5609 
7391 7563 7775 6904 7058 7122 7315 7413 7959 8004 7637 6085 5894 7210 6630 5291 5090 3913 5685 6256 7929 6286 5243 5387 5737 
7574 8253 7062 7933 6654 6985 6994 6938 6138 7591 5632 6069 6091 5601 5942 6713 4807 4862 5145 7884 7047 5440 5642 4738 5906 
6982 7745 6690 7062 7752 7865 7335 6975 5417 6399 4743 5686 5673 6594 4263 4736 6474 6465 6052 7121 7739 5795 5381 5268 5022 
7121 7891 8257 7826 7787 7304 6180 6610 7043 5666 7403 4984 4640 4736 3451 4889 5302 5869 6727 7853 7706 7318 7006 5359 5057 
7221 6262 7946 7048 7389 6182 7709 8181 4813 4327 4628 5269 5221 5617 5385 7114 5920 5915 6292 6542 5864 6787 6786 5814 5863 
7421 7602 8025 7750 5187 6881 5815 6683 7116 8059 7760 7225 5157 6409 4609 5662 4807 6961 5673 5916 7023 7107 8188 8088 8126 
6632 7564 8200 7443 5816 6442 7004 6767 6951 7372 7027 6181 6595 5753 3818 4614 4490 6403 6110 6268 6890 7974 6141 7883 7656 
6909 6459 7671 6346 6557 3723 6182 6931 7547 6937 6342 5440 5484 5214 5698 4857 3420 4738 5168 5619 6825 7672 7766 8049 7455 
6418 6731 6364 5678 5630 4912 5411 2540 5839 4706 5937 6727 5240 4903 4573 3775 4560 4980 3653 4168 6064 7363 7630 7813 7964 
4282 5135 4684 5679 5399 4143 4458 1558 953 2941 3139 4816 6029 5267 5118 4392 4101 4504 5281 4055 4991 7362 7684 7687 7568 
6024 4265 3250 3464 3966 5194 692 3293 4717 3103 4265 3351 4955 6475 5329 4957 3668 5002 4249 4379 6035 6657 7127 8560 7366 
6608 4281 3110 3551 7105 2289 2322 5844 6698 8207 6323 2426 4077 4635 5460 6419 5582 4533 6205 2811 6330 6208 6749 6903 7641 
5607 5358 2001 2999 5747 3037 7044 6376 4931 6902 4571 5281 4812 6832 4705 8163 4457 3965 3689 6432 3896 3431 6455 6217 7488 
4413 2711 2994 3330 4000 5360 6860 6271 6737 7277 6780 6690 5806 5797 4803 3603 6027 4888 3730 4066 5277 5213 6240 5083 6964 
4320 5092 2991 4296 3979 6799 7176 7306 6861 6314 6839 7254 7263 7115 6512 3646 4491 5548 4496 3916 6167 6082 4593 5123 5469 
5712 2762 4105 4753 5055 6919 7669 7474 8161 8886 7926 6280 7355 6720 6107 5611 6334 4772 3859 5495 4628 4430 4127 4249 6147 
2587 3675 3660 3933 3812 6618 5288 4383 5701 5663 3108 2613 2385 8230 6878 6185 7094 6085 4936 5371 4418 4241 2284 3591 6109 
4044 2869 3935 3054 3198 6859 8541 4977 2610 930 3671 2073 1979 3171 5510 8202 6869 6638 5570 4174 4674 3813 3737 2749 5741 
