includes/gis/ASCII_5k/mod13q1_ndvi_2014_289.tif.txt
ncols         25
nrows         20
xllcorner     257482.3972
yllcorner     9670060.6647
cellsize      5000
NODATA_value  -9999
2305 2925 2982 3539 3893 2788 3225 1987 2152 2342 2143 2445 2747 2744 1643 1987 1947 2448 2504 2923 2361 2453 2292 2129 2076 
2640 2392 2381 3249 3281 2502 2798 2504 1804 2545 2110 2288 2492 2575 1942 2262 2446 2746 2554 2271 2396 2839 2333 2868 2874 
3161 3365 2782 2430 3032 2742 2498 2128 1936 2157 2051 2100 2614 2618 2199 2329 2415 2112 2352 2680 3877 2942 2682 2671 2652 
3089 3808 2823 2978 2394 2597 3229 2698 2350 2790 2137 2117 2700 1975 2084 2464 2342 1798 2054 4338 2535 2193 2586 2285 2784 
2622 2926 2792 2522 2839 2554 2898 2779 2519 2477 2614 2519 2432 2723 1936 1970 2357 2072 2003 3757 2501 2900 2257 2640 2849 
2283 2981 2587 3127 3143 2993 2547 2586 2756 2785 3106 2498 2130 2141 1576 1914 2437 1822 2150 3629 3640 2721 2377 2621 2298 
2450 4325 4170 3928 2841 2611 2890 2414 2206 2322 2449 2266 2472 2695 2448 2332 2039 2273 2241 3247 2686 4395 2245 2600 2858 
2510 3163 4390 3116 2816 2599 2389 2680 2344 2216 2989 2300 2339 2478 2065 2321 2074 1851 1983 2334 3630 4846 4031 3455 3770 
2703 3096 3263 2946 3277 2217 2095 1958 2249 2307 2296 2229 2461 2229 2039 1972 1733 2071 2275 2390 4947 3765 5039 5339 4628 
2884 1983 2617 2418 2167 2366 2202 2070 2087 2035 2078 2252 2159 2257 2033 1927 1956 2054 1923 2413 3047 3667 5218 5338 4219 
3306 2721 2127 2463 2499 2025 1757 1333 1969 1875 1831 2137 2123 2234 2076 2049 2253 2003 1704 2104 2123 5305 4074 5680 4791 
2319 2325 2117 1694 1946 1631 1622 1592 1126 1709 1753 1744 1853 2130 2114 1869 1801 2413 1626 1822 2250 5078 4542 3227 4987 
2718 2124 1717 2288 1896 1661 1441 2527 2177 1454 2351 1224 1754 1780 2135 2058 1808 1977 1511 1512 2569 2620 3720 7269 4347 
2186 1727 1833 1926 2191 1580 1332 2147 1550 5153 2766 1652 1767 1781 1757 1914 2297 1925 3378 1289 2183 2665 3422 3890 6037 
2584 2103 1344 1712 2685 1985 2652 1796 1628 1698 1697 1859 1957 1912 2206 4876 2025 1684 1987 2434 1629 1543 4299 2978 3717 
1866 1510 1616 1535 1711 1806 2146 2473 2150 2200 2060 2339 2242 3168 2410 2444 2354 1937 1732 2010 2260 1997 4297 2658 2950 
1785 1748 1246 1899 1852 2282 2602 2425 3267 3824 2912 3612 3537 3054 3606 2741 2089 2440 2094 1429 2672 2084 2249 3120 4434 
2045 1332 1725 1941 2148 2460 2233 4804 6184 6219 3342 2988 3078 2836 2241 2158 2508 2687 2131 2832 2202 1850 1996 2352 2932 
1518 1536 2124 2499 2136 2049 2904 2233 1608 2866 2033 1906 8749 6289 3656 2696 2452 2695 3194 3285 2786 1840 1610 2099 3864 
2020 1962 2327 2547 2322 3183 2241 2992 1422 1738 580 664 2166 7300 7600 6236 2675 3619 1600 3137 2572 2473 2428 1753 2465 
