includes/gis/ASCII_5k/mod13q1_ndvi_2013_273.tif.txt
ncols         25
nrows         20
xllcorner     257482.3972
yllcorner     9670060.6647
cellsize      5000
NODATA_value  -9999
2685 2641 3104 2848 3554 2538 2836 1893 2343 2165 2087 2410 2815 2753 1588 1921 1800 2497 2652 2512 2173 2375 2099 1911 1935 
2243 2571 2503 2889 2817 2347 2621 2351 1740 2209 1991 2209 2655 2677 1867 2150 2343 2696 2369 2357 2300 2749 2072 2619 3876 
2679 2750 2782 2427 2803 2653 2528 2002 2210 1898 1928 1884 2558 2505 2394 2121 1988 2014 2478 2492 3947 2728 2331 2607 3580 
2998 3573 2558 2647 2403 2499 2647 2631 2348 2798 2324 2265 2392 1933 1980 2034 2214 1861 1872 4966 2443 2079 2561 2259 2865 
2628 2739 2652 2460 2557 3252 2579 2411 2244 2546 2495 2504 2641 2770 2113 2062 2302 2143 2113 4266 2618 2897 2033 2464 3693 
2725 3227 2524 2488 2474 2612 2517 2342 2407 2440 3020 2701 2159 2308 1940 2188 2175 1999 2101 3549 3495 2868 2290 2584 2300 
2607 3139 3125 2896 2261 2360 2543 2620 2046 2106 2094 2107 2484 2321 2480 2442 2176 2123 2221 2864 2508 4287 2375 2801 3092 
2396 2435 3116 2788 2238 2282 2131 2534 2206 2118 2619 2185 2162 2448 1895 2183 2189 1891 1790 2395 3599 5772 5115 3401 3993 
2335 2566 2424 2522 2693 2122 2215 1999 2234 2383 2271 2138 2475 2420 1990 2037 1846 1942 2442 2036 5717 3936 4602 5436 4489 
2770 2071 2480 2296 2248 2285 2187 2119 2193 1874 2012 2160 2252 2107 1942 1905 1872 1808 1688 2367 2684 3141 5183 5193 4274 
2716 2816 1972 2253 2017 2016 1954 1400 1953 1725 1656 2344 2019 2068 1966 1825 2087 2131 2016 1841 2319 4511 4104 5668 5212 
2004 2045 1967 1784 1809 1524 1539 1466 988 1916 1831 1692 1965 1862 1810 1657 1563 1829 1703 1857 2270 5334 3735 4608 6003 
2204 2016 1717 1949 1816 1860 1225 2430 2108 1590 2316 1014 1671 1673 1878 1685 1862 2146 1635 1439 2416 2696 3178 8024 4919 
2077 1579 1623 1761 2378 1621 1292 2058 1628 5728 3124 1575 2016 1543 1536 1712 2055 1706 3209 1060 2254 2253 3405 2940 5163 
2181 1794 1260 1526 2981 1928 2375 1623 1432 1672 1550 1544 1766 1880 1949 4434 1774 1560 1623 2814 1780 1558 4436 3009 4071 
1836 1423 1551 1444 1563 1674 2007 1874 1963 2124 1817 2131 1742 1997 1949 1977 2361 2025 1577 1812 2252 2161 4384 2686 2548 
1807 1924 1162 1713 1775 2183 2340 2122 2325 2253 2362 2511 2438 2449 2175 2352 2211 3809 2260 1375 2376 2035 2102 2852 4031 
1896 1181 1754 1839 1996 2237 2425 2324 6454 7065 3665 2102 1883 2476 1795 1815 2365 3042 2869 2881 2169 1839 2012 2531 2698 
1474 1548 1801 2426 2080 2490 2832 8277 6779 7485 7768 8161 8041 5015 2577 2110 2502 3443 3856 3114 2860 1861 1557 2274 3471 
1550 1531 1988 2163 2257 2922 6435 1662 3293 3032 4288 4650 4785 6587 7164 6603 2857 3673 3332 3563 2851 2361 2835 2025 2715 
