includes/gis/ASCII_5k/mod13q1_ndvi_2014_145.tif.txt
ncols         25
nrows         20
xllcorner     257482.3972
yllcorner     9670060.6647
cellsize      5000
NODATA_value  -9999
4204 4364 5084 5512 6304 5059 3562 2898 2112 4090 4664 5200 5206 4113 2157 3028 2883 4011 4043 4446 3631 4002 3651 3287 3268 
3775 4246 4419 4825 5900 4534 4420 3915 3258 4950 4029 3669 3661 3719 2305 2966 3568 4174 4214 3483 3723 3957 3839 4866 4170 
4624 5027 4717 4339 4735 5669 4867 4009 4291 3343 2803 2670 3269 3344 2949 3055 2937 2712 4325 3601 5545 4576 4301 4075 4023 
4577 6349 4675 4331 4075 4964 4916 5288 3855 3831 3050 2818 3198 2710 2762 2840 3735 3155 3235 6044 3853 3428 4518 3647 4205 
4208 4821 4619 4035 4071 5784 4883 4265 3455 3511 3151 3094 3194 3645 2631 2780 3473 3094 2765 5690 4602 4349 3523 4450 4952 
4072 5388 4414 4258 4242 3753 3570 3551 4033 3246 4586 3290 2447 2598 2435 2479 2757 2194 3219 5474 5306 4780 4922 4518 4224 
3430 5941 6594 5797 4646 3552 3337 2981 2937 2524 2951 2813 2998 3132 3599 3104 2852 2779 2911 4747 4494 6649 3677 4419 4786 
3628 3717 5219 6338 5110 4551 4022 3432 2735 2368 5109 3102 2890 3332 2514 3072 3121 2622 2757 3571 3934 6171 5639 5468 5449 
3633 4127 3800 5114 5520 3543 3878 2947 3365 3179 3255 2938 3366 3402 2667 2649 2474 2844 3100 2928 6082 5351 5921 7346 6341 
4385 3238 3745 4114 4506 4207 3574 3027 2888 2826 2786 3094 3146 3472 3223 3114 3114 3139 2805 3502 3824 6092 6506 6930 6379 
3554 4650 3378 3578 3616 3395 2706 1638 3071 2570 2436 3265 3788 4105 3438 3153 3494 4058 2748 3392 3390 6611 7135 7260 6689 
2741 2931 2966 2909 3323 2853 2570 2223 1204 2231 3087 2463 3123 3981 3809 2983 3262 3733 3458 3899 3918 7016 7640 6639 6938 
3271 2544 2374 3052 2711 2674 1344 3495 3946 2112 3980 2006 2469 2511 3165 3125 2973 3493 2908 2477 3989 4629 6808 8485 7310 
2678 2126 2486 2405 3219 1856 1436 2911 2572 7659 4306 1958 2360 2286 2059 2841 3485 3109 5560 1881 3481 3771 6392 5929 7032 
2698 2129 1539 2222 4248 2423 3926 2781 2644 2905 2641 2708 2911 2375 3805 7016 3056 2641 2352 5374 1996 2095 4181 6390 7558 
2796 1769 2165 2054 2610 2952 3327 4565 4803 4576 3047 4042 3286 3378 3479 3123 3201 3168 2394 2566 2994 3145 4117 5813 7121 
2465 2615 1579 3429 3233 4991 4960 4889 5252 4480 4276 4035 5175 4503 3669 3988 2680 3798 2663 1597 3355 3112 3143 4105 5402 
3495 2034 2542 3001 4037 4826 7428 7962 8446 8330 6503 5762 5565 4846 3315 3900 4304 3237 2992 3692 2963 2805 2867 2897 4039 
2634 2766 3210 3334 4080 7226 7428 8838 7018 5700 5198 8735 8875 8103 6600 5408 5854 5344 4287 4320 4411 3138 2063 3205 4410 
3589 3683 4423 4974 5214 7271 8662 8867 6628 5479 4402 6372 6737 7848 8433 7560 5979 5804 4380 4510 4151 3466 3456 2595 4102 
