includes/gis/ASCII_5k/mod13q1_ndvi_2016_097.tif.txt
ncols         25
nrows         20
xllcorner     257482.3972
yllcorner     9670060.6647
cellsize      5000
NODATA_value  -9999
3832 2610 7099 3178 3807 5099 5533 3430 2473 4639 4131 4430 4470 760 1546 1158 5194 4136 3286 4712 4418 2730 2488 2672 2406 
748 3627 5940 4803 4179 5214 3495 2829 3640 5872 3221 2125 2125 2933 2352 982 4212 2344 2479 3826 4430 4571 3379 4640 3863 
5159 4849 2073 4160 5356 5053 4904 3796 4960 4530 2026 2408 4329 3378 2577 2064 2291 4301 4739 4048 5732 5287 4078 3415 4152 
4877 6937 5092 5278 5423 4622 5338 5611 3660 4100 2465 3724 4574 3896 2370 4031 3462 3402 3843 6691 3513 2896 2996 3200 4405 
5220 6719 4957 5281 4903 6483 5973 5431 3619 2655 3933 6074 3892 5831 2701 3878 4277 2612 2466 4329 2025 4373 2748 3067 3127 
4966 6111 6437 6320 3288 5345 4631 5256 4939 4785 4889 6121 3639 4228 2816 3493 -9999 1587 5240 4553 5700 2168 2749 1680 2968 
5563 7210 6239 6088 5085 4349 4661 4066 3359 4548 3868 4693 5030 4231 3352 5601 3713 2602 3994 5672 5134 5401 2972 4324 4857 
5005 5842 5158 4309 5188 4632 5133 4759 4913 4233 6637 5092 3058 1591 2139 2815 2823 1412 3838 5872 5619 1534 4565 3892 6442 
5974 6400 5165 6134 6100 4894 4656 4410 3628 3891 4122 2758 2425 2980 3059 2421 1544 4105 2124 1222 2470 4430 4607 8366 6895 
5600 4173 3192 5399 4278 4556 4125 2977 3861 3848 4235 2846 2544 3843 3088 3570 3401 3633 2273 3658 3442 3234 7057 6504 5642 
2915 4832 4804 3541 3338 2989 2880 1771 4238 2810 1932 2272 2998 2597 3316 2624 2952 2894 2614 2618 2060 2187 2676 6760 8444 
3070 1604 3424 1530 2327 1742 1880 1658 1122 1634 3116 2211 2374 3544 2965 2271 2164 2543 2529 2363 3360 3491 3051 6290 7261 
4135 3943 2648 3911 2134 1922 1486 3589 3748 2034 2570 1617 2630 3216 2384 2928 2276 3515 2583 2174 5816 5756 6930 6315 5911 
2835 3190 1497 2774 4236 1817 1568 2576 2102 7448 2493 1909 2442 2189 3031 2427 6038 3616 4354 1927 4540 4854 3041 4297 5111 
3679 2081 2018 3085 3692 2407 1134 2023 1884 5214 1655 3116 2869 3424 3420 4786 1948 2492 2917 3087 2661 2142 2911 4092 4019 
3029 1794 2695 2556 2103 2872 2438 1264 2187 1673 2366 2620 2443 2330 2949 3221 3743 1947 3627 2803 4787 2656 6229 5155 1937 
3492 2296 1875 972 2219 3129 4653 6096 2913 2089 4548 4541 5271 4492 5042 4613 2132 3115 2677 2479 4170 3581 2719 4040 3291 
3988 2115 2313 1160 1959 3125 3614 1601 7198 8351 6286 4124 4457 5494 4236 4595 5067 4415 3814 5723 3801 2782 3104 2796 5428 
3206 2711 2972 4598 2709 3453 2947 3592 1336 8381 8585 8777 8792 7592 5985 5480 3834 5671 5014 3962 1593 2564 1534 1660 3854 
5147 4028 4843 3889 3394 477 2660 7884 1963 4380 5161 5728 6177 8299 8753 7157 4606 6304 4589 3403 5706 4079 2767 1683 2796 
