includes/gis/ASCII_5k/mod13q1_ndvi_2004_193.tif.txt
ncols         25
nrows         20
xllcorner     257482.3972
yllcorner     9670060.6647
cellsize      5000
NODATA_value  -9999
2882 2754 3603 3513 3715 2877 3646 1929 2814 2225 2732 4498 4203 3647 2851 2567 2340 2957 2989 2891 2666 3118 2846 2586 2522 
2848 3167 2831 3157 3755 2585 2978 2613 1873 2729 2810 3077 3598 2767 2561 2568 2648 3004 2774 2468 2564 3689 3105 3553 3684 
3195 4001 3011 2324 2781 2655 2674 2214 2939 2503 2365 2386 2808 2767 2211 2294 2165 2296 2696 2736 3951 3273 3255 3139 3251 
3247 4135 2747 2944 2625 2705 2552 3093 2495 3111 2589 2816 2870 2279 2145 2147 2491 2135 2176 4468 2824 2617 2475 2576 3369 
2852 3472 3196 3164 3121 3694 2737 2782 2562 2750 2830 2738 2726 3043 2017 2074 2512 2406 2063 3931 2855 4025 2651 3194 3197 
2570 3314 4576 3625 3130 2940 2300 2469 2495 2497 4477 2658 2255 2345 1981 2110 2479 1907 2245 3941 4035 3142 3847 2875 3363 
2904 3095 3972 3649 2784 2356 2407 2391 2316 2182 2061 2342 2423 2278 2349 2151 2137 2220 2249 3025 3256 5520 3105 3221 3476 
3224 2622 2689 3935 3344 2510 2319 2688 2243 2185 3411 2476 2417 2485 2095 2303 2100 1778 2099 2353 3953 6148 4520 3871 3603 
2682 3170 3014 2798 4089 2627 2283 1941 2290 2340 2254 2168 2503 2321 2169 2067 1808 1951 2391 2434 5441 4309 5520 6543 5165 
3355 2372 2703 2725 2573 3069 2765 2420 2204 2058 1940 2089 1923 2126 2319 1995 2273 2090 2059 2403 3281 4377 6387 6305 4880 
2831 2728 2193 2407 2226 2252 2117 1376 2042 2094 1855 2097 2165 2478 2339 2055 2445 2355 2042 2025 2633 5190 3799 6219 5852 
2311 2185 2203 1950 2041 2022 1706 1440 1083 1756 1853 1988 2081 2324 2456 2076 1931 2408 2085 2166 2771 6395 5666 5401 6127 
2379 2120 1818 2205 2000 1911 1108 3430 2001 1524 2355 1401 2035 2172 2220 2096 1978 2134 2146 2221 2852 2928 4217 7799 4550 
2153 1809 1935 1924 1973 1576 1270 2302 1456 5505 2931 1900 2246 1769 1882 1957 2638 2087 3397 1381 2482 2444 3536 4431 5067 
2065 1800 1466 1490 3198 2183 2697 1939 1790 1711 1746 1782 2080 2138 2241 5185 1997 1962 1980 3256 1611 1546 3734 3507 5987 
1908 1676 1484 1667 1963 2023 2349 2114 1959 2038 1984 2443 2130 2492 2120 2344 2513 2642 1901 2154 2458 2046 4660 3219 4414 
1878 1653 1233 2024 2080 2516 2574 2916 2879 2830 2985 2838 3361 2820 2438 2634 2189 2743 2458 1732 2341 2306 2284 2746 4545 
1965 1445 2039 2220 2658 2750 2762 3495 3304 5923 4957 3044 2569 2936 2402 2218 2785 2794 2588 3171 2484 1893 2033 2485 2615 
1675 1670 2311 2166 2272 2951 5706 3531 1863 3077 4955 2328 7949 6821 3712 3423 3221 2319 2803 3613 3308 2369 1980 2622 3595 
1902 1962 2473 2527 2283 3268 7405 7454 5056 5526 5199 5334 4282 7535 5144 6562 3934 3728 2805 3436 3408 2799 2622 2506 2576 
