includes/gis/ASCII_5k/mod13q1_ndvi_2015_193.tif.txt
ncols         25
nrows         20
xllcorner     257482.3972
yllcorner     9670060.6647
cellsize      5000
NODATA_value  -9999
3020 2928 4072 3097 4160 2871 3072 2056 2484 2306 2432 3381 3600 3634 1531 1509 2241 3195 2730 2889 2493 2835 2364 2277 2120 
3804 3208 2644 3289 3170 2352 2826 2566 1872 2681 2517 2535 3119 3452 1823 2212 2720 3105 2846 2369 2664 3755 2226 2826 3020 
3479 3295 2938 2236 2917 2844 2368 2222 2635 2305 2061 2125 2727 2769 2195 2196 2228 2424 2620 2247 4135 3454 2908 2927 2895 
3609 4008 2748 2737 2375 2590 2760 2665 2358 3095 2355 2695 2780 2033 2393 2611 3613 2059 2143 4622 2530 2416 2598 2561 3373 
3052 2890 2770 2610 2738 3725 2612 2470 2383 2456 2482 2682 2626 2755 2045 2342 2805 2368 2189 4219 2852 3288 2473 2680 2958 
2529 3082 2587 2856 2806 2883 2509 2500 2683 2408 3479 2180 2308 2380 1983 2212 2435 1826 2286 3791 4042 3278 2653 2766 2554 
2448 3492 3485 3137 2345 2471 2582 2538 2442 2358 2219 2168 2523 2655 2624 2417 2403 2433 2404 2926 3505 4867 2314 2991 3380 
2605 2312 2908 3146 2512 2652 2409 2646 2348 2314 3200 2500 2438 2789 2166 2302 1489 2031 2133 2769 4829 5170 4619 3517 4375 
2525 3005 2769 2683 3077 2367 2291 2406 2312 2546 2693 2271 2518 2242 1994 2060 1847 2062 2477 2899 5338 5360 5036 5215 5130 
2656 2438 2787 2671 2122 2256 2146 2485 2102 2125 2193 2148 2017 2199 1797 1801 1982 1947 1761 2372 3098 4981 6081 5136 4219 
2835 3257 2293 2291 2412 2049 1749 1266 2136 1628 1664 1912 2228 2002 2192 2066 2471 1983 1748 2099 2417 5309 6052 6028 4877 
2253 2291 2337 1740 1869 1538 1703 1401 1152 1840 1700 1450 2041 2169 2013 1792 1767 1774 1548 1991 2374 5048 5766 5616 5630 
3072 3240 2159 2145 2090 1661 1348 2712 2073 1456 2117 1186 1823 1836 1977 2023 1760 2183 1843 1726 2912 2887 4338 8001 5211 
2302 1853 1881 2099 3480 1611 1458 2230 1579 6046 3446 1578 1868 1860 1869 1843 2192 1943 3772 1427 2616 2432 4273 5008 6572 
2311 1910 1332 1773 3191 2072 3021 2258 1775 1691 1683 1830 2044 2337 2499 5081 1869 1672 2138 3451 1740 1789 4923 4339 6413 
2077 1470 1513 1523 1910 2124 2832 2814 2817 2657 2023 2592 2371 2928 2379 2287 2398 2395 2054 2116 2075 2570 4703 3527 5159 
2143 2222 1271 2052 2071 3088 4194 3157 3386 3187 3202 3319 3706 3093 2704 3090 1771 3482 2335 1525 3416 2595 2500 3247 4125 
2465 1369 1899 2201 3469 4218 5530 4382 7766 7702 4713 4011 4060 3522 2359 2379 2906 2433 2098 3097 2620 2300 2631 2543 2977 
1390 1708 2117 2529 2902 4637 7163 8505 8460 8257 8084 8458 8477 6875 4622 4232 3223 3039 2521 2800 2765 2179 1777 2273 3652 
1715 1927 2225 2775 2474 5121 7797 8419 5730 5053 4997 4912 6177 7290 6703 7080 4814 3972 2494 3039 3003 2430 2501 2178 2879 
