includes/gis/ASCII_5k/mod13q1_ndvi_2009_097.tif.txt
ncols         25
nrows         20
xllcorner     257482.3972
yllcorner     9670060.6647
cellsize      5000
NODATA_value  -9999
2911 2471 671 3520 3751 2617 3459 1917 2338 2521 2898 2768 3119 3244 1675 1949 1856 2312 3222 3269 2596 2168 2524 1608 1887 
2140 2437 2367 2842 3284 1726 2574 2930 1883 979 2233 2601 2788 975 1975 2486 2486 2723 2766 2722 2478 3243 2420 3805 3550 
4240 2771 3400 2206 2560 1836 3082 1894 2558 1968 1861 2097 2965 2197 1765 1400 2595 2752 3032 1910 4495 3054 1772 2875 3256 
2788 5471 2538 2016 1257 2720 2609 1897 2312 3174 2184 1866 2967 1918 2568 2314 2158 1736 2115 4478 1502 1500 2813 1129 4061 
2766 2992 3016 2374 4593 3504 2395 2375 2234 2488 2407 2362 1994 1883 1730 1824 2331 3144 1993 641 2737 2502 1160 2172 2868 
2253 3140 2842 2003 1458 2358 2232 1529 2388 1680 3003 2175 1122 1619 2076 2092 2333 1912 2656 3513 -9999 3553 1852 1384 2222 
2452 4084 3160 3609 2754 2328 2918 2569 2165 1963 1945 2046 2462 2662 2344 2176 2038 2516 2007 3492 2962 3296 2277 1661 3173 
2712 2353 2462 2574 2213 2132 2289 2387 1116 2405 2172 2239 2209 2051 1955 2158 1894 1621 1946 2377 1669 5424 4707 3685 4704 
2540 2775 3148 2629 1008 1978 1798 1959 2110 1350 2144 2138 2420 2182 1983 1895 1062 2182 2671 2945 4761 3280 3242 6294 6139 
3183 2457 2692 2482 2342 1764 2288 2025 1888 1901 1881 2079 2094 1912 2026 1931 2069 1876 1590 2253 4209 2512 -9999 6571 5103 
2605 2743 2192 2438 2286 2376 1636 1121 1547 1459 1702 1874 1932 2079 1942 1331 2175 2183 1687 1757 2533 5369 4836 6318 6400 
2397 2239 2356 2014 2141 1494 1506 1405 1115 1664 1581 1750 1903 1870 1766 1465 1709 1966 1537 1637 2301 6744 6128 2638 6235 
2231 2119 1673 3116 2037 1527 1368 2920 1885 1824 2010 893 1543 830 1977 1738 1924 2325 1718 1635 2859 4502 5376 8582 4718 
1784 1483 1785 1706 2342 1553 1219 2113 1453 5471 3081 1742 1945 1707 1028 1747 2420 2183 3289 1536 2694 3440 6500 2380 6165 
2817 1999 1124 1352 3458 2038 2064 1722 1643 1711 1552 1741 2038 1969 1924 4750 2677 1752 2227 1818 1864 1840 4930 2278 5655 
2132 1419 1394 1760 1460 1761 1975 1992 2066 2173 1877 2356 1964 2467 2282 2293 2258 1958 2255 2077 1952 1837 3987 2902 3417 
1740 1531 1268 2330 2187 2523 2582 2558 1754 2968 3558 3303 3291 2500 2338 2836 2046 2962 3050 1688 2802 1725 1966 2744 2604 
1871 1540 1895 1988 2283 2321 4339 3141 2970 7194 3802 2155 2152 2783 2582 1893 2282 2282 4162 5051 2725 -9999 1751 2255 2621 
1417 1906 2123 2695 1621 2828 5022 2775 3713 1740 7424 3888 3999 4385 3342 2360 2273 3024 3746 5683 4014 2202 1672 2611 4232 
1865 2024 2195 2550 3041 3229 8533 3044 5830 4629 1184 3822 3547 3049 8402 7304 3955 5373 4538 4443 5073 3133 2947 2224 2550 
