includes/gis/ASCII_5k/mod13q1_ndvi_2014_161.tif.txt
ncols         25
nrows         20
xllcorner     257482.3972
yllcorner     9670060.6647
cellsize      5000
NODATA_value  -9999
3092 3762 4454 4231 5371 4168 3851 2460 2625 1635 3407 3648 3615 3840 2055 2636 2375 3270 3023 3477 3150 3515 2994 3133 2770 
3544 2380 3525 4006 4481 3722 3336 3273 2534 3806 3146 3017 3084 3022 2144 2659 2805 3493 3303 2891 2848 3565 2995 3727 3374 
3097 2598 3994 3448 3704 4070 3115 3242 2977 2751 2414 2532 2953 2874 2439 2459 2484 2467 3086 3034 4343 3492 3413 3209 3247 
2449 2441 3749 3620 3175 3982 3734 3742 3156 2788 2888 2605 2928 2370 2348 2326 2953 2652 2714 4974 2997 2795 3929 2943 3307 
3572 3846 3853 2696 3773 4296 2621 4054 2601 2977 3185 2760 2777 3052 2119 2250 2802 2468 2533 4370 3588 3817 2922 3421 3894 
3301 4091 3664 4046 3018 2577 1922 1739 1709 3076 3594 2907 2369 2436 2186 2221 2503 1928 2596 3830 4742 3655 3698 3659 3477 
3026 4160 5227 2379 3396 3011 2125 1524 614 2534 2761 2689 2604 2832 3061 2607 2315 2397 2515 3601 3818 5631 3090 3511 3644 
3182 3323 3700 3463 1555 962 3011 2235 1178 2492 4084 2733 2640 2689 2289 2528 2246 2339 2288 2712 3621 5704 4473 4288 4256 
3185 2468 1414 2442 1197 1236 2584 2332 2858 2773 2800 2622 2923 2754 2331 2322 2152 2430 2631 2515 5311 1942 5173 6044 5657 
3690 3051 3162 4420 2629 1212 3192 1275 2528 2859 2547 2621 2543 2865 2590 2486 2454 2398 2061 2598 2993 4919 5275 5704 4916 
3252 3210 3134 3915 1612 2220 1746 1353 2317 1736 2119 2472 2872 3170 2861 2493 3051 2943 2303 2593 2634 5227 6202 6253 5272 
2551 2729 1500 1500 680 721 2285 1868 1213 1137 2323 1948 2492 2948 3082 2665 2321 2668 2377 2710 2852 5777 6370 6019 6134 
2808 2343 2207 2359 2339 1922 1454 2514 2888 1965 3158 1676 2124 2225 2763 2587 2188 2471 2107 2210 2639 3289 5318 8016 6122 
2252 1657 1461 2037 1577 1088 1642 2441 1965 5360 3718 1860 2211 2425 2043 2465 2489 2252 4671 1408 2649 2656 5104 5636 6172 
2251 2104 1376 1914 2528 3173 3903 2442 2176 1923 2228 2345 2552 2484 3068 5488 2403 2086 1991 4066 1984 1728 4257 4444 5072 
2540 1665 1957 1844 2022 639 1728 3240 3042 2023 2899 3234 2567 2705 3037 3104 2527 2344 1946 2097 2624 2337 5544 4344 3630 
2118 2525 1591 2707 1844 2495 2510 3800 4146 3546 2660 2381 3957 2672 3108 2973 2189 2923 2371 1807 3061 2492 2695 3120 3600 
2767 1894 2314 2424 1987 1106 2555 2534 4019 4048 2512 5682 2341 4397 3017 2679 3103 2463 2241 3174 2494 2457 2416 2500 3156 
2269 2307 2572 2753 1837 3034 3337 3050 2751 4087 6335 1328 5470 6923 5583 4337 4259 4057 3096 3529 3294 2476 1847 2688 3591 
2903 2876 3329 3648 3922 6338 8023 8292 6476 5365 5564 5931 6478 6630 8847 7407 5019 3998 3281 3625 3440 2998 3216 2157 2880 
