includes/gis/ASCII_5k/mod13q1_ndvi_2003_257.tif.txt
ncols         25
nrows         20
xllcorner     257482.3972
yllcorner     9670060.6647
cellsize      5000
NODATA_value  -9999
3475 2766 3455 4198 4644 3396 3530 2026 2465 2424 2226 3837 3952 3267 2045 2120 2213 2766 2907 2878 2501 2735 2558 2257 2372 
3183 2990 3118 3480 3482 3511 3350 3139 2814 3311 2330 3218 3254 2835 2235 2589 2582 3022 2714 2658 2514 2906 2492 3198 3396 
3845 4431 3698 2882 3559 3719 3529 3229 3021 2791 2826 2684 2870 2829 2285 2268 2187 2142 2535 2599 3931 3048 2909 3404 3202 
3778 5420 3869 3593 3196 3170 3181 3660 2852 3056 2778 3208 2840 2629 2342 2271 2500 2070 2189 4437 2874 2452 2970 2187 3237 
3220 4001 3527 3214 3393 4061 2758 2646 2531 2983 2912 2687 2797 3305 2419 2449 2517 2433 2247 3695 2737 3519 2513 2594 3235 
2814 3356 3987 3421 3657 3095 2674 2500 2630 2343 4158 2601 2476 2560 2203 2340 2496 2029 2551 3456 3705 3050 3427 3057 3044 
3386 3223 4048 3584 3149 2918 2607 2376 2607 2350 2509 2524 2623 2439 2327 2268 2213 2229 2274 2427 2870 4842 3116 2754 3037 
3124 3056 2756 3342 3255 3065 2611 2452 2461 2149 3493 2343 2508 2549 2104 2147 2072 1855 2044 2386 3333 5147 4406 3566 3922 
2737 3045 3349 2970 3531 2594 2623 2335 2396 2350 2184 2085 2762 2325 1791 1810 1690 1955 2243 2371 4948 3891 4643 5515 4908 
2994 2575 2501 2957 2782 2688 2631 2495 2175 2103 2081 2015 1935 2249 2091 1666 1970 1845 2029 2158 2881 3390 5664 4991 3807 
3005 3362 2474 2757 2424 2218 2309 1262 2009 2068 1933 2196 2255 2285 2115 1958 1820 2046 1953 2026 2228 4036 3272 4406 4327 
2631 2631 2288 2050 2396 2308 1535 1672 1193 1837 1657 1968 1954 2057 2363 1901 1853 2310 1784 1654 2237 5285 3475 3174 4492 
2553 2330 2460 2390 2106 2116 1215 3641 2079 1466 2407 1197 1719 1899 1835 2095 1873 2098 2039 1464 2486 2545 3130 7553 3466 
2224 2148 1822 1927 2312 1781 1435 2327 1600 4896 2926 1745 2109 1768 1654 1721 2114 1915 3288 1204 2153 2081 3496 3272 5027 
2178 1938 1603 1609 2965 2251 2484 2269 2077 1795 1707 1706 1833 1747 1690 5319 1916 1895 1985 2323 1544 1459 4115 2482 3711 
2075 1933 1563 1607 1830 1955 2157 2486 2065 2094 1958 2407 2062 2113 1883 1839 2378 2170 1558 1943 2130 1764 3955 2513 3196 
1960 2001 1611 2339 2023 2717 2703 2639 2770 2431 2795 2695 2871 2612 2359 2311 2056 2723 2261 1459 1878 1991 2201 2387 4085 
2114 1814 1950 2541 2597 2455 3267 1925 6610 6742 4378 2788 2561 2954 2291 2125 2084 2112 2179 2673 1972 1582 2006 2110 2769 
1929 1758 2150 2022 2435 3211 3862 7384 4160 6025 3870 8416 8304 5930 3176 2739 2867 2320 2168 2595 2653 1811 1572 2319 3485 
2061 1909 2221 2359 2340 3583 2458 2685 5479 4673 1358 5395 5344 6751 3458 5927 3020 2819 2170 2383 2691 2214 2400 1963 2333 
