includes/gis/ASCII_5k/mod13q1_ndvi_2018_049.tif.txt
ncols         25
nrows         20
xllcorner     257482.3972
yllcorner     9670060.6647
cellsize      5000
NODATA_value  -9999
2548 2423 3082 3050 3298 2406 2633 2054 2652 2300 2269 3558 2886 3139 1533 1411 2138 2991 2467 3398 2266 2345 2582 2123 2218 
2494 2221 2253 2800 3596 2333 2690 2240 1772 1979 2332 2371 2589 3084 2010 2309 2579 3361 2977 2656 2288 3230 2344 2791 3645 
2460 2714 2544 2075 2825 2558 2463 1754 2443 1925 2016 1998 2614 2635 1845 1962 2013 2305 2324 2297 4615 3556 2833 2553 3185 
2848 3712 3493 3195 2515 2374 2999 2570 2363 2669 2211 1935 2412 2125 1984 2081 2366 1944 2242 5096 2352 2183 2349 2369 3161 
2904 3209 2469 2377 3240 2931 2298 2243 2094 2306 2500 2591 2439 2716 1923 1879 2525 2071 1890 4363 2265 2659 2220 2607 3185 
1905 2749 2377 2896 3172 2463 2349 2559 1950 2326 2474 2016 1806 2213 1870 1931 2011 1930 2805 3755 3700 2913 2216 2526 2599 
2340 3424 3398 3238 2631 2603 2947 2746 2187 2107 2209 2013 2482 2454 2289 2035 1965 2103 2322 2902 3078 4781 2378 3128 3136 
2385 2335 2526 2953 2397 2627 2600 3044 2698 1942 2707 1914 2193 2332 1790 1992 1822 1687 1966 2399 4282 5540 4800 4823 4422 
2615 3111 2359 3168 3841 2494 2380 2167 2354 2781 2393 2129 2206 1992 2116 1870 1569 1678 1865 2240 4794 4053 5024 6538 5109 
3293 3158 3105 3006 2904 3220 1993 2162 1701 1930 2045 2268 2155 2291 1969 1906 1879 1777 1429 2354 2970 5003 4651 5394 5550 
2553 3647 2649 2402 2464 2003 2281 1959 2298 1755 1760 1995 2094 2195 2060 1781 2416 1810 1602 1788 1999 4767 5562 6404 5554 
2174 2337 2181 1973 1760 1372 1937 1348 979 2565 1923 1845 1731 2054 1872 1740 1573 1941 1501 2083 2671 6105 5698 6120 5890 
2223 2012 1647 2425 1889 1391 1958 2732 2858 1894 1777 1166 1632 1829 2738 1837 1887 1849 1689 1506 3030 2878 4670 7923 6187 
1943 1522 1740 1735 2908 2142 1986 2935 1674 6696 3059 2447 2162 1814 1558 1667 1974 1802 2994 1483 2356 2424 4308 4384 5840 
2004 1829 1156 2270 3108 2590 2507 1850 1809 1815 1815 1535 2436 2117 2389 5529 2825 1868 1799 2882 1471 2140 4184 3323 5365 
1705 1393 1940 1479 1573 1675 2661 2293 2216 2137 1711 2600 2330 2532 2131 2246 2552 1909 1902 2062 2526 2008 4286 2347 3274 
1624 2154 1828 2227 1823 2352 2871 2470 2744 3123 2966 4107 3853 2965 2615 2498 2164 2767 2158 1380 2424 1988 2208 2720 4245 
2487 1294 2072 2128 2965 2802 2648 2825 6403 7627 4514 3890 3044 2708 2050 2013 2923 2491 2420 3013 2198 2055 1845 2043 2660 
1406 1739 2619 3017 2226 2284 3837 8307 7845 7680 7634 8216 8441 6623 5273 3058 2641 2956 2798 2761 2798 1932 1433 1824 3274 
2488 2873 3111 4440 2168 2914 6200 8167 5207 4266 4586 4769 5442 6949 8156 6193 4443 4909 2835 4115 2963 2387 2328 1726 2451 
