includes/gis/ASCII_5k/mod13q1_ndvi_2014_273.tif.txt
ncols         25
nrows         20
xllcorner     257482.3972
yllcorner     9670060.6647
cellsize      5000
NODATA_value  -9999
2655 2436 2942 2755 3494 2887 2925 1822 1983 1966 2164 2222 2675 1969 1766 1744 1866 2508 2601 2208 2266 2639 2376 2176 2290 
2364 2557 2379 3201 2893 2446 2659 2466 1802 2501 2044 2123 2471 2744 1957 2444 2525 2744 2525 2252 2469 2744 2680 2888 3047 
2455 2492 2848 2479 2855 2541 2289 2043 2430 1994 1983 2101 2527 2541 2122 2133 2016 2041 2258 2345 3927 3036 2281 2735 2712 
2954 3686 2655 2802 2358 2318 2551 2931 2455 2899 2159 2178 2409 2022 2135 2090 2509 1975 1872 3806 2400 2267 2724 2510 2853 
2671 2825 2743 2416 2564 3286 2453 2786 2272 2468 2374 2408 2395 2744 1937 1989 2519 2203 2225 3943 2737 3001 2208 2788 2881 
2224 2658 2400 2576 2649 3276 1933 2548 2831 2599 3041 2486 2030 2107 1918 2060 2294 1833 2222 3510 3844 2854 2357 2814 2264 
2199 3021 2969 2902 2913 2434 2778 2606 2078 2215 2261 2221 2435 2497 2623 2264 2074 2191 2343 1328 2954 4757 2218 2603 2892 
2289 2652 2656 2823 2639 2483 1961 2525 2264 2173 3072 2235 2296 2395 2086 2241 2104 1578 1858 2254 4074 5181 3853 3425 3701 
2697 2808 2940 3100 3332 2234 2465 2173 2625 2573 2328 2279 2558 2221 2041 1904 1787 2170 2125 2410 1411 4312 4895 4887 4330 
3787 2607 2943 2561 2324 2484 2257 2193 2295 2052 2206 2346 2227 2294 2007 1866 1900 1956 1831 2135 2814 3733 4976 4734 4135 
3410 2950 2542 2771 2271 2165 1921 1368 2233 1880 1962 2193 2158 2247 2099 1795 2156 2104 1660 1916 2030 4638 4071 4671 4708 
2230 2202 2116 1784 2097 1632 1828 1522 1158 1729 1886 1761 1960 2155 2185 1876 1872 2027 1695 1992 2303 5090 2864 3412 5160 
2556 1818 1849 2142 2126 1852 1483 2657 2073 1514 2306 1248 1673 1702 1927 1903 1769 2086 1704 1629 2895 2776 3454 6993 3946 
2341 1715 1734 1973 2365 1635 1373 2079 1516 4995 2707 1532 1798 1816 1182 1847 2122 1931 3412 1153 2332 2707 3792 3578 5142 
2121 1946 1286 1824 2768 2133 2764 1760 1637 1701 1652 1825 2019 1753 2504 4834 1920 1638 1772 2672 1584 1448 4581 3084 4698 
1883 1455 1691 1606 1727 1902 2236 2661 2124 2188 1905 2257 2049 2290 2160 2105 2227 2124 1761 2221 2309 1935 4542 2421 3212 
1769 1780 1295 1965 1887 2300 1813 2358 2314 2299 2525 2593 2661 2416 2400 2359 1819 2471 2233 1409 2730 2064 2153 3338 3795 
2009 1342 1716 1928 2028 2398 1555 3939 6801 7438 3868 2254 2591 2643 1968 2028 2148 1905 2040 3015 2662 1840 2181 2351 3349 
1452 1421 1741 2318 2055 2558 2835 3114 4817 3983 2901 3585 3369 5953 3239 2253 2349 2102 2147 2599 2877 1818 1649 2052 4862 
1887 1889 2250 2349 2112 4385 2849 3744 2142 2780 93 741 1461 7356 7863 6853 2754 3192 1635 2208 2993 2069 2531 -9999 2463 
