includes/gis/ASCII_5k/mod13q1_ndvi_2004_225.tif.txt
ncols         25
nrows         20
xllcorner     257482.3972
yllcorner     9670060.6647
cellsize      5000
NODATA_value  -9999
2845 2568 3024 3195 3117 2593 3180 1855 2191 2019 2202 3370 3321 3326 2108 1826 1991 2609 2808 2834 2596 2646 2623 2276 2242 
2610 2904 2593 2917 3269 2592 2706 2196 1810 2341 2197 2642 2873 2534 2209 2321 2558 2698 2445 2374 2487 3013 2722 3183 3312 
2936 3211 2979 2226 2668 2589 2478 1998 2507 2217 2055 2159 2516 2495 1907 2069 1987 2117 2354 2409 3649 3014 3065 2914 3200 
2960 3885 2542 2619 2466 2615 2512 2549 2394 2845 2301 2451 2518 2130 1999 1961 2266 2060 2000 4045 2518 2370 2752 2318 3161 
2606 3125 3144 2824 3055 3177 2542 2491 2275 2474 2548 2464 2470 2808 1913 1890 2264 2190 2049 3564 2558 3313 2291 2686 2836 
2347 2995 3379 3028 3149 2883 1994 2215 2236 2269 3392 2431 2241 2157 1901 2038 2378 1937 2248 3779 3689 2994 3476 2665 2764 
2696 2833 3623 3145 2558 2328 2345 2264 2214 1983 2084 2096 2212 2155 2220 2005 2125 2145 2236 2892 2873 4795 2697 2748 3196 
2755 2516 2659 3118 2751 2351 2184 2312 2297 2226 2847 2227 2287 2206 2019 2219 1973 1724 2044 2260 3286 5409 4184 3402 3910 
2598 2781 2883 2682 3279 2412 2173 2019 2080 2157 2078 2049 2310 2117 2007 1908 1679 1804 2118 2291 4894 4168 4810 5680 4716 
2848 2324 2748 2544 2459 2683 2376 2136 1978 1899 1860 1940 1830 1967 2066 1891 2042 1836 1949 2187 2877 3632 6132 5588 4269 
2665 2339 1851 2437 2142 2091 1922 1284 1836 1882 1765 2011 1999 2128 2087 1901 2133 1938 1889 1930 2359 4482 3519 5197 4882 
2304 2141 2241 1862 1933 1774 1589 1357 1081 1670 1527 1848 1848 2075 2233 1898 1827 2099 1817 1888 2288 5737 4086 3809 5614 
2356 2098 1861 2107 2058 1799 1225 3079 1813 1376 2103 1132 1747 1798 1952 1885 1778 1921 1982 1923 2573 2334 2952 7854 3814 
2177 1852 1790 1715 1928 1535 1260 2067 1414 4838 2724 1716 1837 1609 1635 1577 2143 1788 2953 1090 2362 2149 3134 3231 5236 
2094 1846 1371 1603 2648 1955 2338 1787 1639 1558 1809 1693 1987 1898 2094 4710 1904 1679 1775 2499 1409 1529 4018 2864 3780 
2035 1620 1378 1562 1763 1785 2050 1806 1817 1887 1968 2181 1920 2195 1931 1994 2257 2256 1696 1936 2123 1829 3877 2530 3054 
1741 1691 1301 1859 1991 2160 2177 2315 2506 2727 2624 2464 2618 2468 2174 2176 1858 2566 2319 1559 2024 1969 1984 2453 4015 
1850 1438 2011 2178 2459 2383 2641 2479 7097 6320 3788 2358 2153 2499 2001 1920 2271 2027 2143 2745 2091 1683 1834 2178 2409 
1580 1542 2373 2365 2196 2503 3426 8109 7626 6968 7558 8061 8124 5604 2907 2543 2356 2038 2188 2825 2662 2015 1848 2207 3437 
1711 1825 2419 2548 2319 2624 6294 7389 5409 5054 5196 5676 5318 6892 4189 5551 2974 3054 2222 2549 2761 2456 2401 2085 2392 
