includes/gis/ASCII_5k/mod13q1_ndvi_2000_113.tif.txt
ncols         25
nrows         20
xllcorner     257482.3972
yllcorner     9670060.6647
cellsize      5000
NODATA_value  -9999
4656 3880 4965 4887 5347 2677 4417 2487 3793 3921 4713 5357 3631 3593 1821 2887 3621 5332 6701 6131 4703 5111 5391 3330 4461 
5254 4257 3142 3500 5324 4232 4031 4332 3691 5806 3458 4265 4625 3492 3230 4702 6120 6235 5138 6728 5392 4536 4406 2536 7172 
4827 4459 3837 3346 3832 4223 4450 3606 5084 3235 3268 2349 2317 3663 3430 4432 4143 4098 5796 5305 6908 6217 6748 6604 3296 
4962 6642 3376 3680 4495 5419 4506 4454 4178 4374 3743 3003 2916 3774 4064 4418 5626 5094 5436 7474 4682 5458 6611 5270 6789 
6267 5150 4542 4175 4637 4342 4552 3684 4042 4611 3246 4319 4344 5085 2499 2882 5663 5632 5257 6802 4556 5394 4585 5945 5293 
4316 6078 5900 3177 3410 4481 3529 3813 2712 3781 5108 2796 3550 3432 2603 3840 5497 3876 5567 6622 6496 6321 7214 5650 5956 
5359 6035 5495 4435 3327 2826 3121 2771 2505 2618 3302 3007 3325 3285 2768 3331 4650 4468 5389 1591 2609 7403 5625 5409 5762 
5232 4214 2800 3942 2964 2492 2486 2898 3608 2515 4069 2835 4222 3288 2943 2737 4047 3659 5184 4492 2906 7216 7731 7468 7457 
5049 3604 3602 3276 3799 2512 2561 2543 2492 2919 2981 2842 3185 4472 4209 3979 3122 2433 4843 3458 5183 4121 5811 7983 7643 
5807 3454 3791 2617 2661 2863 2482 2182 2314 3154 2426 3579 3954 4163 4946 3898 2875 2650 2991 4497 7332 7613 8214 8006 7530 
4693 4882 3860 3523 3024 3065 2363 1724 2314 2547 2471 2680 4276 5131 4291 2486 3352 2983 2391 3339 4646 6908 5080 7467 7819 
4177 4947 4734 2630 2160 1966 2136 1834 1087 1993 1983 2046 2194 3699 3338 2950 2713 3822 3282 3258 4466 7681 7230 3943 7263 
4801 3641 4205 2823 2063 1798 1292 3933 2221 1593 2704 1168 1921 2235 3053 3111 2989 2945 3729 2559 5430 6718 6332 8713 6703 
4184 1797 1863 2068 2130 1673 1366 2407 1748 6874 4167 1683 2145 2097 2703 2916 3326 4530 6294 1634 4745 5797 4793 6543 7519 
3439 2624 1790 1802 3855 2470 2953 2019 1833 2089 1884 1790 2473 3197 2291 7332 2826 2558 2570 3797 2329 3217 6847 5650 7259 
2953 2151 1849 1799 1801 2127 2388 1900 1936 2208 2350 3204 2430 3535 2886 2235 3703 4194 2726 2976 3481 3236 5683 4141 6226 
2158 1903 1587 2278 2402 1494 2217 1656 3134 2924 2618 2936 4482 4031 2904 3339 3368 3872 2922 2832 4130 2683 2708 3704 5316 
1970 2124 2332 2238 2533 -9999 4858 1009 3989 4335 4469 3413 2806 5595 4422 2433 3402 3736 3809 3983 2554 2590 2560 4039 4931 
2426 4265 3142 2839 2443 1870 4926 615 2331 2726 1449 7735 2902 6557 5225 3627 4751 3745 4706 4332 4795 3060 2625 4275 6092 
3939 4810 3878 3590 2899 4515 2116 941 492 1492 477 4015 6608 8003 7152 6831 5114 6517 5327 3926 4685 3991 4832 4620 4979 
