includes/gis/ASCII_5k/mod13q1_ndvi_2017_113.tif.txt
ncols         25
nrows         20
xllcorner     257482.3972
yllcorner     9670060.6647
cellsize      5000
NODATA_value  -9999
4630 4203 3882 5655 4995 2031 3004 2628 3772 4467 5554 5023 4205 5470 4373 1389 2754 4686 4863 3664 3312 3578 4367 3032 3239 
5176 2785 2385 5068 4943 1863 4481 3068 2092 2659 1485 3860 5044 2705 2104 2912 2927 3678 3663 2925 3536 4668 3679 4550 4242 
3279 5046 3175 4578 3477 1425 4552 2041 4149 3358 1396 1623 3756 3055 968 2132 2351 3163 3449 3112 6950 5775 4871 2852 3456 
5391 3540 3017 2201 2912 2091 4305 2552 3199 3621 2578 2757 2280 2078 3164 3494 2688 1689 2964 4048 3143 3333 3602 2939 3812 
3535 3002 1931 3204 3366 4211 3391 1116 3246 3751 3156 4210 2672 3257 1815 2365 3517 2436 2676 -9999 3539 3985 2085 1894 4267 
2672 4517 2686 2725 4092 1489 4170 3076 2990 3774 4292 2845 2976 2690 2326 2467 2061 3290 3332 6121 376 4382 3581 4046 3851 
2806 4977 3345 3692 2711 2812 2170 964 2719 3221 2761 2606 3275 3633 4111 2283 3519 4438 3421 5340 3891 6539 3741 4867 5082 
2106 2816 3239 4163 -9999 3571 1808 1558 2298 2293 4256 1538 1147 3030 2709 2429 2136 1794 3258 5379 5473 7118 7715 6529 7177 
2724 2404 2593 2153 2541 1873 1310 1343 806 2104 2062 2153 2575 2146 2333 1828 1804 1302 3085 5090 5817 7111 5732 7881 7807 
2508 1986 3343 3219 2398 2692 2774 1856 2089 1899 1825 2197 1989 2992 2013 2287 1684 2905 2632 4269 5852 5006 6536 7778 8177 
2506 2251 1766 1952 1841 1930 1997 1375 1969 1922 1699 1974 2312 2710 2774 2495 3626 3045 3050 3849 5232 5668 5018 5922 8240 
3483 2341 2013 2257 2252 878 1560 1278 1165 1959 1646 1740 2304 2999 2760 2107 2376 1583 1493 3612 5360 7390 6671 7112 7578 
2525 2167 1897 3563 2298 1814 1070 2777 1559 1407 2029 1096 2014 2183 2754 2709 2646 1293 2165 3083 5626 5087 6206 8416 7486 
2194 1551 2107 1224 4560 1704 1394 2314 1544 7605 4432 1698 2023 1999 2215 2078 1023 2984 4708 1182 5269 4829 2923 2332 5261 
2545 2193 1261 1976 4543 1966 2825 1569 1756 2172 1811 698 1942 2128 3247 6984 2617 2119 3357 4660 860 2632 5812 6009 4670 
2468 1546 1764 1021 1343 2471 3063 3430 1189 1075 2421 947 2137 3135 2521 3302 3487 3530 3425 2576 624 1323 3422 3302 5334 
1782 2048 1226 2407 1706 4111 1844 2886 767 2584 1021 3211 4713 4321 3578 3149 2545 4202 4453 2770 4933 2154 2704 4176 1360 
4059 1827 2074 3356 2345 4399 3158 4432 1176 561 5368 1926 6415 4647 2623 2592 3910 3335 3383 3189 1491 3110 3105 3315 2442 
2060 1749 3019 4016 978 3380 1127 574 1265 667 994 1262 2799 7749 5062 3872 4029 4552 4980 2861 3516 3506 1986 2326 4391 
4210 3902 3742 1703 1960 525 743 395 342 2693 163 3460 5360 7854 8361 7766 5775 4628 4521 5378 3221 4275 3051 1932 3692 
