includes/gis/ASCII_5k/mod13q1_ndvi_2008_065.tif.txt
ncols         25
nrows         20
xllcorner     257482.3972
yllcorner     9670060.6647
cellsize      5000
NODATA_value  -9999
2074 3052 2679 4525 4977 3540 4648 2657 2694 2659 2713 3671 4081 2894 3176 3821 3473 906 4471 3738 2992 3655 3930 3014 2718 
3732 4420 3408 4472 4912 3411 3470 2704 2219 3029 3113 3049 4053 3237 2893 1868 4917 3320 3690 3646 3259 3133 3601 4400 4439 
3585 5333 4504 3741 5052 4448 3066 2007 2715 2260 3112 2529 3442 2989 3152 2981 2883 2721 4131 4536 4620 3941 3602 3721 4543 
4044 4674 3079 4395 4269 3882 3570 3669 2760 2304 2464 2786 2624 2828 2567 2735 3041 3369 2885 -9999 3132 1705 2754 2996 5011 
4357 4080 3948 3589 4284 4663 2797 2315 2276 2497 2740 3274 3212 3770 2409 2277 2206 2778 2767 4174 3332 3934 3116 3416 4021 
3148 4266 4025 3598 4707 3862 2691 2326 2554 2527 3782 2964 2152 2696 2346 2485 1937 2297 2450 3962 3067 5100 3847 4384 4765 
4090 3563 4276 4469 3606 2548 2009 2298 2408 2342 2512 2531 2736 2841 2742 2556 2227 2465 2617 4583 4728 5408 5196 5545 5252 
5085 3578 3236 5228 3076 2920 2378 2417 2067 2111 2942 1954 2229 2150 1892 2342 2379 2242 2261 1949 5126 2733 6547 6694 6421 
4288 3536 3277 4528 4005 2154 2313 2058 2301 2169 2314 2680 2837 2361 2409 2045 1656 2384 2774 3055 4836 5473 5914 7653 -9999 
5335 3328 3058 3043 2290 2637 2226 1730 1695 1968 2169 2581 2806 2557 1955 1974 2270 2382 2178 2847 1977 6634 5460 7874 6796 
3853 3666 3044 3223 2517 2494 1987 1199 1552 1640 2038 2153 2381 1837 2113 1476 2517 2249 2122 2601 2836 4292 3461 2522 8102 
3556 2907 3396 2099 2651 2019 1783 1361 1077 1756 1587 1748 2134 2140 2450 2345 2123 2583 1884 2687 3233 3327 6558 4569 7154 
2465 2972 2552 3079 2030 1820 1289 3043 1900 1580 2303 1128 1817 1958 2388 2651 3526 2594 2143 1826 4078 4103 6092 7408 7895 
3099 2174 2675 1997 2872 1638 1222 2172 1557 6789 4012 1748 2069 1822 1999 2154 3636 2270 2594 1475 3085 3758 5491 5796 4049 
3724 2290 1632 1860 3416 2111 2895 1838 1748 1894 2112 2321 2318 2505 2118 7216 2321 2055 2327 4304 2022 2029 4202 5541 5121 
3388 2075 1467 1741 1713 2344 2524 2502 2518 2703 2639 4038 2897 3234 2780 2957 2831 2777 2651 2552 2847 2417 4792 3322 4714 
2124 2209 1773 2304 2178 2568 3262 3412 3597 3523 3507 4957 6201 5001 5104 5363 3508 3319 3021 2486 2918 1992 2488 3368 5337 
3802 3054 2630 2950 3825 3382 2939 1975 5782 7070 5158 5734 5475 5855 5960 4789 4968 3298 2962 3683 2833 2802 2735 2550 3558 
3216 3107 3267 4883 3714 4547 6365 8508 5946 3368 5727 5999 7487 8567 7218 4392 5147 5754 3619 4063 3623 1770 1891 2689 4708 
3086 3207 4453 5695 4573 5911 8008 6714 3575 1634 4501 1891 4734 5083 6257 8235 5044 6430 4981 4877 2807 2158 2691 779 2658 
