includes/gis/ASCII_5k/mod13q1_ndvi_2014_321.tif.txt
ncols         25
nrows         20
xllcorner     257482.3972
yllcorner     9670060.6647
cellsize      5000
NODATA_value  -9999
3261 2895 4421 3996 4859 3890 3680 2075 2684 2797 3105 4362 4740 4357 1654 2538 1809 2587 3783 4734 3208 4198 4357 3753 3648 
2550 3151 3450 3842 4780 4120 3496 2627 3164 3965 3165 2995 3351 2800 1846 3152 2766 3311 3486 4014 3885 4577 4478 5078 5275 
2717 3306 3027 2436 3941 4330 4030 3007 3231 2039 1893 1903 3215 2908 2577 3103 2836 3224 3219 3940 6091 5070 4198 3589 5494 
2734 3902 2705 2675 2616 3367 4063 3273 3234 3100 2482 2260 2752 1914 2448 2524 3241 2389 2712 6432 3325 2847 3979 3691 6091 
2797 3012 3056 2691 2970 3120 2964 2939 2316 2893 2736 3383 3300 3844 2156 2226 4052 2737 3142 6322 4742 4629 3543 5128 4591 
3458 4605 2783 3205 2805 2884 2460 2543 2581 2594 3010 2802 2535 3396 2304 2450 3457 2011 2884 5650 6061 4955 3082 3927 3704 
4060 5707 4335 4045 2736 2647 2778 2438 2048 2163 2147 2030 2583 3185 3734 2613 3478 2545 2647 3486 3586 6025 2623 3509 4587 
2890 2719 3859 3002 2397 2425 2342 2297 2383 2353 2591 2198 2593 2612 2062 2614 2723 2664 2658 4005 5250 6995 8007 7488 5920 
3972 3218 2770 2790 3084 2063 2108 2220 2334 2416 3174 2470 2847 2714 3144 2831 2111 2691 2632 3054 6355 6005 5393 7602 8123 
4314 2248 2703 2336 2240 2282 2088 2007 2083 1951 2066 2844 2779 2959 2968 2595 2749 2892 2493 3365 4790 5522 7175 8340 8037 
3436 3171 2146 2343 2304 2082 1748 1256 1772 1749 1790 1976 2474 2285 2360 2297 2900 2293 2156 2201 3191 6191 7295 7567 8163 
2571 2432 2333 1744 1834 1615 1631 1547 987 1689 1755 1595 1842 2031 2025 2012 2058 2309 1636 2027 2784 7191 6398 6004 7543 
2536 2078 1936 2395 1848 1621 1367 2504 1941 1469 2290 1045 1713 1785 2055 2708 2165 2506 2331 1797 4556 4697 5757 8227 6900 
2091 1632 1750 1808 2222 1519 1285 2031 1541 6235 3003 1584 1723 1574 1583 1687 2483 2993 4716 1517 3237 3679 7362 5866 7669 
2688 1955 1362 1637 3136 1817 2543 1600 1637 1713 1625 1633 2006 2102 2357 5269 1798 1710 2145 2535 1622 1698 5256 4840 6128 
2039 1456 1788 1613 1755 2341 2548 3687 3444 3301 2395 2441 2521 2945 3336 3106 2275 2478 2042 2558 2492 2222 5109 3757 5310 
2031 1934 2015 2872 2825 3638 4722 3837 4585 4236 4111 4171 4265 4374 4138 2455 1852 3208 2381 2538 3915 2292 2661 3393 4770 
3974 2212 2714 3765 3748 4648 4945 5920 8486 7178 5716 3549 3615 3696 2865 3201 4089 2463 3256 5081 3777 2775 2454 2512 4654 
2581 2392 3869 4831 4490 5315 6964 5214 2669 6063 5788 8817 8927 7516 4960 3544 3588 4440 4761 4702 5334 2836 2051 2264 4083 
2354 2691 3956 4873 4937 7968 8736 8139 4112 1700 1297 1831 2408 7501 8303 7778 3622 6647 3464 4424 5109 3550 3892 1968 2902 
