includes/gis/ASCII_5k/mod13q1_ndvi_2017_017.tif.txt
ncols         25
nrows         20
xllcorner     257482.3972
yllcorner     9670060.6647
cellsize      5000
NODATA_value  -9999
3118 3091 4248 3905 4866 3597 3891 2340 2746 3169 2679 3405 3996 3842 2163 2612 3238 4965 4036 3759 2873 3264 3304 2866 2930 
2988 3071 3443 4122 4232 2831 3415 2990 2256 2833 2634 3255 3357 3764 2761 2913 3577 4325 3689 3450 3112 3962 3267 3990 3841 
3617 4356 3344 2759 3453 3085 2807 2241 2722 2278 2544 2306 2936 3467 2599 2216 2590 3551 3193 2491 4077 3409 3430 3164 3450 
4001 5538 3805 3217 3143 3174 3080 3155 2760 3097 2469 2695 3049 2703 2583 2448 2804 2187 2738 5500 3000 2865 3048 2907 4285 
3088 3390 3143 3017 3414 4245 2897 2751 2510 3045 2916 2912 2845 3697 2173 2078 2603 2223 2161 4976 3462 3952 2716 4773 4871 
2558 3451 2565 2902 3029 2794 2598 2657 2356 2544 2586 2421 2231 2553 1993 2424 2560 2187 2669 5030 5298 5069 4061 4164 4175 
2723 3372 3279 3238 2697 2374 2603 2391 2045 2164 2216 2252 2634 2594 2536 2530 2401 2834 2596 3832 5093 6900 4530 5105 4950 
2691 2914 2631 2778 2299 2346 2215 2311 2160 2033 2896 2339 2145 2259 2083 2144 2048 1933 2010 2777 4085 6492 7134 6429 8025 
2618 2709 2513 2318 2810 2234 2108 1772 1838 2256 2321 2248 2240 1873 1907 1832 1547 2029 2149 2613 5690 6184 6163 7554 7618 
3381 2325 2775 2812 2227 2507 2312 1851 1913 1880 2043 2273 2084 1991 1845 2089 2351 2286 1860 2830 4105 5829 7737 7275 7839 
3024 3297 2104 2359 2145 2195 1706 1577 1878 1660 1643 1944 1919 2300 2115 1842 2422 2287 2217 2684 3241 5814 7089 8044 8369 
2409 2597 2104 1751 1761 1404 1500 1375 1075 1697 1570 1616 1789 2162 2222 2119 1987 2666 2337 2937 3238 6705 7290 7786 8288 
2678 2207 1811 2508 1867 1495 1383 2267 1884 1564 2119 1089 1690 1736 2177 2052 2034 2569 2120 2140 4128 3977 6588 8032 7976 
2187 1639 2032 1926 2830 1473 1268 2116 1507 6239 2661 1836 1872 1717 1687 1879 2824 2502 4065 1619 3085 3349 6832 5832 7873 
2052 1831 1347 1635 2950 2276 2263 1512 1500 1599 1575 1917 1976 2168 2449 6065 1948 1868 2229 3535 1748 1894 5678 5657 6198 
1918 1389 1562 1473 1668 1768 1965 2052 2404 2026 1976 2223 2039 2986 2619 2299 2883 2361 2142 2524 3094 2255 4663 3474 4991 
1807 1692 1322 2167 1906 2749 3130 2671 3117 2970 2988 3380 4504 3136 3370 3124 2670 3149 2632 1729 3358 2321 2838 3245 4877 
2237 1212 1848 2234 2455 2859 3199 4328 7584 8089 5007 4327 5182 4472 2390 2196 3151 2907 2732 3823 3484 2699 2207 2400 4137 
1267 1497 1884 2515 2495 3061 5176 8973 8633 8568 8591 8753 9008 8216 6716 4020 3321 3833 3619 3193 3639 2547 1933 2499 4788 
1522 2226 2306 2894 2395 2922 8130 8789 4989 4807 5320 5588 5855 7675 8624 8100 5212 4776 4508 4574 3862 2670 2831 2441 3083 
