includes/gis/ASCII_5k/mod13q1_ndvi_2003_097.tif.txt
ncols         25
nrows         20
xllcorner     257482.3972
yllcorner     9670060.6647
cellsize      5000
NODATA_value  -9999
6062 4659 5201 4738 5111 5099 6133 3682 3924 4281 4861 5953 6566 6195 3610 4221 3203 4233 5361 3815 3092 3690 3879 2906 3121 
3800 3742 3534 4132 5490 5112 4394 3819 3278 4765 4364 5039 6163 4352 3946 4284 4610 4896 3951 4470 2796 4461 3951 5117 6330 
3855 4493 4270 4685 5739 4171 3692 3028 4180 3361 3304 3062 4225 4191 3733 3725 3067 2523 2989 2983 4839 4652 5752 5535 5986 
4587 5838 3760 4830 4668 3623 3778 3887 3086 3633 3618 4154 3996 2601 2598 2196 2670 2202 2305 5274 4174 4105 5374 3892 5640 
5382 5100 4696 4079 3838 4890 2962 2819 3134 3670 3578 4544 3134 3251 2324 2417 2901 2689 2290 5460 3446 4488 3765 4657 4446 
4573 5162 4370 4151 4070 3446 3308 3220 3204 3894 5450 3492 2790 2921 2243 2420 2609 2042 2165 4364 5839 4604 5882 4806 5091 
4581 5456 5583 4715 4209 3718 2911 2480 2748 3349 2651 2370 2815 2649 2568 2224 2308 2341 2300 3496 4181 6415 4253 3540 4074 
4548 4572 4814 4796 3737 4233 2835 2555 2537 2203 2928 2476 2653 2619 2105 2121 2135 1806 2118 2805 5597 6402 6680 5177 5588 
3876 3593 4567 4411 6541 4156 3233 2519 2697 2724 2474 2294 2906 2564 2201 2091 1795 1871 2405 2548 5049 4423 5460 7313 6134 
5384 3244 3051 3074 4776 3708 2906 2256 2427 2481 2309 2583 2452 2576 2501 2011 2199 1865 2020 2145 3675 4512 7326 7424 5769 
4490 4163 2781 3696 3722 3022 2194 1154 2042 2166 1962 2433 2522 2697 2588 2038 2147 2115 1867 1978 3155 5902 6229 7060 7190 
4044 3621 3284 2920 3711 2968 2382 2023 1338 2632 2093 2317 2038 2745 2898 1986 1889 2683 1774 1975 2686 6435 6137 6558 6854 
5212 2980 2348 3493 2701 3360 1215 3411 2616 1592 2664 1306 1887 1958 2451 2116 1916 1982 2488 1785 4276 3795 4303 8292 6834 
3763 1691 2114 2524 3719 1749 1343 2943 1597 7022 4535 1826 2259 1948 2158 2018 2834 2893 5333 1381 3306 3075 4702 5054 6920 
3173 2188 1739 2005 4774 2548 3673 2528 1706 1711 1863 2158 2990 2651 2580 7468 2266 3145 2745 4072 1749 1975 5045 4309 6538 
2567 2133 2031 2673 2894 2724 2260 2454 2428 3192 3351 4591 3118 3722 3300 2696 3315 2843 2073 2915 2747 2190 5503 3508 5373 
2321 2086 1899 3647 3151 2864 3106 3179 3560 3248 3879 4700 5605 4999 4121 3312 2839 3548 3513 2250 2545 2578 3497 4160 4595 
2417 2199 3258 3726 3110 2922 3288 2761 8233 8327 5941 4381 4683 5039 4991 2969 3046 2830 2588 3273 3070 2474 2578 3184 4459 
3366 4680 4450 4574 2584 3142 3223 7129 8088 2999 8695 8866 8887 7276 5559 4560 4578 4531 3594 4543 5443 2825 2540 4336 5361 
3133 4413 4669 5008 4417 4520 7366 8467 6675 5537 5353 5994 5721 7499 4236 7184 5076 5358 4817 4827 5855 3489 4040 2501 2795 
