includes/gis/ASCII_5k/mod13q1_ndvi_2000_177.tif.txt
ncols         25
nrows         20
xllcorner     257482.3972
yllcorner     9670060.6647
cellsize      5000
NODATA_value  -9999
2891 2490 3417 3539 3442 2447 3856 2114 2395 2582 2484 2766 3910 1965 2153 2347 2262 2944 3095 3258 2994 3037 2936 2393 2852 
2935 2906 2330 3179 3696 2529 2922 2618 2042 2732 2706 3022 2817 2472 2226 2689 2962 3224 3149 3652 3172 3633 2759 3931 4186 
3522 3342 3052 2221 2658 2576 2772 2211 2949 2317 2265 2121 2539 2782 2455 2318 2497 2354 3213 2893 4672 3431 3305 4156 3330 
3350 4166 2730 2871 2327 2737 2657 2774 2537 3156 2332 1922 2579 2292 2397 2206 2560 2353 2409 4667 3713 3121 3754 3163 3696 
3384 3821 3056 2956 3299 2979 2584 2382 2373 2560 2534 1390 2686 2971 2099 2259 2682 2555 2895 4502 3307 4026 3570 4274 4463 
2781 3627 4389 3033 2928 3060 2387 2364 2407 2349 3013 1391 1181 2290 2049 2292 2516 2325 3394 5261 4909 3897 4218 3541 3831 
3382 3668 4205 3549 2472 2301 2311 2264 1971 2063 2468 2244 2501 2285 2227 2255 2383 2428 2957 4040 3792 5875 2726 3727 3760 
3106 2797 2427 3925 2450 2161 2106 2315 2188 2061 2604 1561 2331 2255 2113 2613 2281 2180 2387 3106 4469 5373 5264 4499 4296 
3125 2782 3011 3113 3070 2036 2279 2006 2084 2120 1943 2258 2620 2644 2323 2359 2006 1922 2705 2879 5576 4714 4756 5960 5323 
3051 2272 2547 2614 2696 2192 2194 1943 2086 2081 2109 2205 2030 2210 2633 2353 2078 2017 2178 2583 3902 4293 6731 6149 4671 
2787 2719 2448 2764 2613 1984 1768 1497 1995 1963 1888 2185 2331 2524 2402 2169 2335 2075 2111 2568 3126 5528 5653 5834 5246 
2418 2229 2376 1997 1895 1547 1558 1719 1267 1754 1798 1540 1345 2216 2412 2080 2062 2405 2114 2326 2832 6163 6012 4817 5563 
2887 1972 1796 2098 1931 1646 1202 3530 2111 1668 2384 1123 1891 1669 2251 921 1984 2135 2285 1901 3358 3566 4518 7953 4087 
2134 1621 1681 1845 1847 1585 1317 2124 1642 5518 4102 1994 2135 1930 1959 2442 2524 2432 4020 1392 2544 3101 5007 4706 5608 
2114 1808 1416 1612 2980 2107 2542 1857 1630 1802 1723 1407 1869 1975 1881 5154 2010 2402 2255 2681 1689 1933 4826 3604 6209 
1991 1554 1423 1601 1706 1910 2001 1072 1614 2034 2315 2888 2424 2116 2211 1874 2090 3567 1666 2352 2267 2111 4971 3352 4470 
1716 1649 1220 1718 2064 2451 2541 1003 2263 2053 2492 2307 2519 1980 1598 2583 2248 2353 2976 2069 1979 1938 2319 3946 4415 
1730 1423 1799 1924 2103 1703 3629 6900 7103 8118 3154 1868 983 1179 1596 715 1632 2847 2937 3517 1890 2034 2108 2853 3143 
1534 2021 2273 2064 2514 2854 2137 897 832 518 604 958 1197 2383 2802 2507 1289 3027 3214 3487 2836 2167 2143 2893 3943 
1927 2166 2661 2561 2215 4746 6946 6100 6043 5029 4229 2810 3988 2492 3586 4957 3627 3637 2867 2414 2883 2508 2669 2295 2875 
