includes/gis/ASCII_5k/mod13q1_ndvi_2008_129.tif.txt
ncols         25
nrows         20
xllcorner     257482.3972
yllcorner     9670060.6647
cellsize      5000
NODATA_value  -9999
5247 4427 5123 5454 4946 3693 4919 3381 3181 3015 2830 5752 5746 5213 4138 4628 4563 4742 5172 4685 3007 5116 4815 4288 3560 
5594 5541 4990 4546 5005 3792 4923 3626 2493 2528 4101 4358 5006 4292 4762 6053 5082 5276 4487 4541 4486 5606 5193 5256 5302 
6027 5749 5328 3583 3970 4402 3732 2336 2654 2674 3630 3486 4071 5166 4593 5219 3255 4497 3370 5162 5652 5421 7231 5573 6835 
5721 7332 4835 4614 3582 3772 4175 3649 3233 4221 3164 4488 4002 3666 3658 4941 6533 5384 4682 6555 6862 4407 5836 3984 4726 
5518 5376 5026 5045 4517 4356 4557 3722 3154 2453 3756 4199 3707 4844 3180 3514 4677 4424 4234 6756 6274 5027 4084 3886 3987 
4556 5486 6017 4792 5812 5272 3162 3330 2725 3646 5562 4622 3290 3457 3311 5516 3768 3787 5146 5909 7400 5427 4592 4883 4102 
4199 2736 3324 5598 5281 4223 2663 2893 2856 2839 3282 3207 5445 4450 4389 5261 3849 3780 4188 5398 5325 7296 4680 4785 5523 
5581 4419 3078 5228 4476 4384 3996 4310 2659 3445 4560 3034 3374 4127 2867 3682 4326 4459 3804 4570 7220 6711 6701 6219 6244 
3887 3811 3951 4354 5188 3633 3836 3716 3554 3955 4072 3289 3929 3507 2953 3315 3233 5910 5871 6053 7175 6264 6023 7421 7350 
4373 3328 3300 4308 3598 3818 3710 3709 3345 3621 3095 3498 4074 3582 3537 2935 3861 4921 5182 3575 6075 7417 6551 7566 6277 
4472 5892 4034 3662 3561 2933 2686 1598 2354 2546 2641 4391 3331 3447 3456 3007 3358 5248 4510 4427 5379 6642 6968 7011 6525 
3217 3417 3803 2930 2834 2010 1971 1722 1109 2108 2866 2768 2722 2607 2696 2850 3153 4594 5721 4799 5323 7049 7298 7324 6689 
3589 3907 3373 4365 2318 1958 1482 3418 2261 1830 4430 1706 3034 2714 2979 3353 3267 4672 3587 5358 6620 6328 6772 8588 7063 
3203 2375 2961 2767 4303 1703 1391 2220 1629 7717 4277 1688 2981 2423 2818 4000 4769 3977 7034 2011 4484 5073 6371 6811 8013 
4255 3371 1862 2262 3636 2231 2798 2391 1909 2408 1965 2537 3299 4147 2428 8241 3714 3863 3508 6315 2552 2176 6277 6754 7302 
2866 1977 1611 1917 2461 2487 2833 2635 3426 3098 3089 4043 3638 4375 4067 3238 3686 4330 2817 3877 4042 2755 5310 3231 6105 
3147 2381 1765 3305 3634 3896 5122 2562 3755 3994 4219 4053 5503 4819 5296 4372 3660 4877 4314 3168 3884 3922 3336 2869 3689 
2983 2248 2518 3313 4840 3888 4095 3508 3536 -9999 4704 4658 4859 5887 4500 4752 6462 4185 3420 4845 3448 3129 1497 3288 3811 
2520 2331 3277 2705 3339 2625 4115 2352 3667 4625 6374 8706 7370 8436 5843 5346 6374 5828 5608 4929 4667 3348 1689 4377 5638 
3955 2895 3541 3596 3579 3152 2991 4819 1520 5150 4021 1150 5607 7920 8357 8323 6291 6280 6452 5339 4777 3624 3715 3547 4934 
