includes/gis/ASCII_5k/mod13q1_ndvi_2002_273.tif.txt
ncols         25
nrows         20
xllcorner     257482.3972
yllcorner     9670060.6647
cellsize      5000
NODATA_value  -9999
2480 2243 2765 2833 3522 2543 3272 1752 2027 1963 1934 2943 4153 3583 1677 2748 2242 2661 2693 2878 2633 2452 2494 2205 2713 
2480 2326 2146 3061 3333 2418 2623 2164 1758 2170 1942 2512 2489 2470 2288 3264 2594 2725 2490 2983 2827 3467 2764 3614 3757 
2586 3335 2738 2067 2676 2657 2313 1775 2281 2040 1789 1987 2319 2664 2018 2147 2901 2268 2717 2689 4070 3613 3368 3365 3313 
3090 4049 2412 2442 2234 2438 2292 2338 2244 2720 2173 2058 2624 1966 2149 2045 2409 1914 2380 4449 3037 2852 3092 2687 3818 
2850 3432 3015 2813 2807 2976 2216 2066 2101 2370 2445 2321 2393 2487 1550 2024 2078 2155 2082 3972 2795 3416 2508 2820 3091 
2235 3144 3907 2927 3008 3114 2028 2032 2156 2374 3293 2336 1952 2037 2020 2219 2549 1936 1908 3251 4233 2957 3658 3078 3379 
2386 2870 3123 4001 2376 2160 2268 2109 1870 2079 2024 2060 2408 2292 1996 1929 1809 2325 1952 2809 2893 5012 2764 2890 3605 
2661 2499 2385 3079 2423 2022 2034 2220 2351 2402 2664 2288 2322 2173 1910 2352 2156 1723 1986 2401 3690 5188 4338 3312 4341 
2756 2918 2933 2393 2818 1933 2031 1830 1967 1923 1968 2090 2310 2081 1825 1777 1550 2031 2313 2283 4405 3618 5270 5395 4396 
3700 2213 2432 2316 2155 2362 2172 1686 1754 1766 1886 1857 1743 1876 2057 1815 1983 1786 1754 2093 3161 2842 5801 4840 4076 
2675 2846 2073 2209 1997 1922 1864 1205 1695 1738 1614 1939 1970 2019 1949 1852 1972 1815 1809 1809 2377 5108 3967 5653 4919 
2116 1979 2078 1711 1751 1507 1542 1396 1081 1684 1552 1528 1745 1922 2103 1737 1661 2052 1578 1745 2248 5147 4714 4098 5385 
2309 1756 2030 2160 1823 1618 1109 3495 2129 1546 1990 908 1829 1729 1948 1858 1720 1928 1932 1635 3141 3268 3345 8148 4717 
1914 1618 1630 1736 1902 1453 1133 2813 1437 4106 2654 1660 1784 1619 1578 1451 2163 1838 3151 1265 2626 2949 4327 3603 6056 
1817 1591 1315 1534 2690 1892 2155 1762 1529 1591 1607 1668 2188 1914 1663 4742 1856 1924 1864 2179 1509 1577 4386 3388 5402 
1784 1534 1263 1384 1594 1608 1913 1796 1746 1907 2056 2245 1875 2220 2135 1813 2139 1916 1841 1997 2112 1805 3918 2660 3392 
1514 1424 1136 1741 1740 2087 2216 1818 2165 2206 2204 2403 2578 2635 1997 2559 2030 2250 2347 1594 2008 1954 1960 3037 3920 
1571 1298 1578 1704 2345 2188 2576 2084 5905 6355 3555 1579 1998 2614 2617 1860 1963 1913 1981 2403 1958 1565 2163 2665 3176 
1546 1782 1700 1957 1849 2778 3401 7709 7613 4652 3586 7342 8083 5579 2974 2350 2771 2056 2375 2674 2513 1778 1616 2258 4182 
1829 1969 2056 2598 1926 2451 3576 6856 4396 1705 337 1172 6077 6411 4257 5833 2637 2546 2908 2607 2681 2113 2338 1975 2164 
