includes/gis/ASCII_5k/mod13q1_ndvi_2008_273.tif.txt
ncols         25
nrows         20
xllcorner     257482.3972
yllcorner     9670060.6647
cellsize      5000
NODATA_value  -9999
2431 2032 2666 2412 2848 2263 3269 1794 1953 1886 1570 2635 2521 2550 1671 1874 1640 2236 2563 2613 2376 2484 2428 2109 2065 
2186 2335 1959 2622 2733 2319 2530 2297 1523 1886 1838 2246 2348 2456 1833 2157 2199 2572 2345 2299 2348 2713 2365 2887 3221 
2434 2741 2554 1992 2410 2364 2244 1629 1991 1877 1843 1940 2485 2458 2024 2032 2085 2047 2546 2361 3546 2764 2724 2644 2801 
2460 3242 2342 2537 2088 1930 2256 2343 2089 2390 2061 2088 2407 1885 1971 2125 2938 2120 2127 3699 2464 2254 2577 2174 2801 
2364 2699 2393 3552 2425 2410 2156 2101 2167 2146 2235 2301 2273 2767 1801 1822 2199 1977 1930 3404 2579 2425 2006 2380 2443 
2237 2526 2777 1587 2125 2630 2002 2001 2210 2295 2851 2178 1977 2110 1808 1859 2074 1739 1928 3257 3348 2838 2221 2416 2186 
1805 2345 3318 2602 1921 2114 2125 1508 1904 1735 1896 1935 2199 2344 2102 2082 1896 2002 2351 2713 2453 3831 2296 2444 2779 
2226 2151 2380 2799 1950 1324 1131 2053 2352 2094 2696 2003 2045 2093 1779 1976 2006 1729 1724 2108 3246 4194 3590 3057 3484 
2283 2736 1887 2356 2609 1880 1987 1672 1697 2236 2052 2192 2222 2236 1871 1828 1635 1914 2114 2100 4286 3214 3962 4436 4488 
1435 2085 2398 2136 2139 2055 1575 1777 932 1490 1775 1971 1856 2209 1784 1632 1790 1660 1724 2079 3116 2971 3728 4658 3481 
2610 2530 1938 2204 2282 1935 1516 1051 1501 1787 1644 1844 1826 1758 1753 1634 1758 2032 1746 1954 2160 1548 2965 4376 3682 
2052 1575 2092 1598 1782 1227 1259 1194 882 1788 1780 1539 1859 1645 2128 1587 1697 1776 1493 1804 2204 5154 2499 3062 4243 
739 1946 1737 2073 1697 1363 1205 2364 1739 1646 1717 870 1579 1479 1604 2013 1657 1862 1623 1532 2398 2718 2930 7068 3495 
1734 1512 1756 1752 2107 1475 1241 1840 1193 4808 2601 1561 1762 1369 1402 1370 2074 1786 2495 1067 2157 2013 3252 1299 4178 
2042 1670 1453 1335 2453 1746 2136 1485 1367 1598 1387 1611 1719 1828 1819 3765 1803 1629 1538 2336 1369 1359 3470 2541 3064 
1844 1623 1122 1374 1520 1634 1802 2128 1814 2127 1778 2282 1821 2299 2001 1762 2039 1725 1536 1636 2051 1581 3368 2272 2657 
1731 1472 1319 1867 2064 2285 2171 1898 2130 2120 2193 2275 3078 2664 2248 2174 1750 2264 2112 1345 1799 1536 1747 2467 3549 
1679 1366 1909 1842 2365 2531 1373 1496 4539 2846 1216 1795 2089 2857 2304 1896 2335 1929 1722 2243 1642 1322 1689 2045 2267 
1357 1611 2152 2478 1913 1807 1909 5928 1548 5312 914 7037 8367 7274 2870 2127 1888 2113 1806 2405 2210 1424 1376 2278 3066 
1763 1710 2007 2258 1954 2528 1461 -9999 1897 983 58 1052 5864 7033 6196 6794 2854 2571 1567 2206 2312 1859 2062 1669 2154 
