includes/gis/ASCII_5k/mod13q1_ndvi_2000_241.tif.txt
ncols         25
nrows         20
xllcorner     257482.3972
yllcorner     9670060.6647
cellsize      5000
NODATA_value  -9999
2416 2185 2662 2612 2785 2048 3106 1915 2262 2255 2225 2821 3108 2787 1770 1993 2000 2602 2656 2784 2644 2573 2688 2100 2391 
2418 2434 2032 2794 2928 2259 2518 2380 1853 2392 2171 2647 2806 2375 2180 2337 2475 2855 2854 2780 2565 2994 2355 3199 3359 
2639 2927 2782 2020 2410 2178 2319 2053 2195 2183 2026 1975 2247 2146 2301 1996 2147 2023 2560 2540 3789 2955 2829 3953 3171 
2611 3297 2322 2498 2051 2414 2223 2118 2022 2910 2247 2143 2261 1918 2122 2075 2313 2040 2008 4030 2821 2756 3025 2466 3462 
2983 2881 2706 2590 2766 2330 2279 2186 2205 2291 2199 2342 2291 2707 1923 2007 2382 2266 2197 3783 2514 3266 2621 2793 3250 
2353 3015 3100 1667 2615 2688 2016 2069 2176 2114 2735 2130 1995 2077 1868 2285 2340 2156 2499 3963 3873 2853 3501 2914 2686 
2668 3030 3338 2934 2281 2197 2082 2101 1928 2034 1999 1977 1499 2105 2118 2088 2214 2252 2158 2815 2184 4978 2696 2948 3277 
2650 2554 2355 2790 2424 2102 2084 2145 2013 1952 2428 2354 2172 2221 2073 2214 1953 1948 2160 2331 3783 5028 4253 3579 3784 
2600 2296 2976 2531 2780 1987 2196 1921 1828 1901 1940 1955 2320 2206 2075 2020 1761 1755 2216 2532 4973 3463 4770 5793 5081 
2911 2190 2386 2469 2188 2175 1986 1853 1756 1940 1902 2231 1843 1904 2294 1989 2055 1826 2190 2271 3492 2855 6440 5236 4007 
2705 2418 2301 2399 2222 1858 1800 1373 1752 1714 1659 1849 2054 2140 2178 1944 2077 1796 1872 2049 2456 4284 3312 4914 4652 
2148 2142 2151 1911 1846 1397 1545 1737 1128 1697 1544 1642 1607 1940 2141 1914 1866 2210 1867 2051 2373 5767 3898 3372 4797 
2275 1814 1714 2115 1981 1637 1152 2814 1933 1426 1862 1092 1729 1709 1980 1953 1794 1922 2098 1726 2943 2931 3383 7779 3363 
1902 1494 1553 1889 1971 1354 1264 1990 1615 5731 3117 1597 1686 1629 1630 1709 2160 1918 3774 1354 2228 2585 3554 3453 5749 
1879 1681 1338 1391 2924 1986 1873 1716 1519 1731 1069 1520 1960 1972 1981 4778 1822 1910 1880 2357 1518 1902 4371 2639 3594 
1792 1505 1321 1520 1580 1456 1859 1569 1599 1950 1816 2187 1858 2246 2117 1899 2240 2130 1834 2025 2393 2028 4291 2562 2734 
1542 1493 1200 1609 1825 2086 2334 1936 2318 2044 1836 2277 2321 2406 2168 2312 1967 2570 2268 1595 1802 2088 2216 2784 3850 
1599 1352 1580 1693 2006 2030 860 1371 -9999 2655 3288 1908 1719 2474 2216 1714 1883 1972 2186 2615 1701 1946 2049 2545 3078 
1471 1667 1873 1909 2369 1854 1288 819 928 1235 7504 3739 7769 4779 2749 1995 2281 1994 1937 2491 2400 1918 2229 2761 3406 
1613 1783 2309 2314 1864 2726 4899 4778 4719 4788 5677 3413 4944 6492 6351 4069 2284 2996 1803 2100 2494 2333 2525 2271 2435 
