includes/gis/ASCII_5k/mod13q1_ndvi_2004_081.tif.txt
ncols         25
nrows         20
xllcorner     257482.3972
yllcorner     9670060.6647
cellsize      5000
NODATA_value  -9999
5112 3302 -9999 4874 7627 4623 3345 2859 4211 3329 2596 4946 5381 4651 3069 3034 3237 4336 4921 3881 3545 4714 4630 3272 2850 
3906 2145 4165 3302 4059 3820 4217 3894 3481 3666 3040 4144 4853 3535 3405 3531 4190 3841 3612 3602 3705 4812 5234 4930 5062 
3736 4462 3432 3303 5228 3155 3247 3793 4395 3189 3014 3431 4190 4106 2578 3733 3757 3097 3464 3757 5074 4427 4799 4757 4356 
4374 3013 3741 3626 3228 3318 3910 4256 3454 4029 3225 3415 3762 2742 2449 3089 3590 2704 3040 5253 2919 3440 4596 3542 4382 
3494 2798 3544 3493 4275 3870 4236 3580 3262 3807 3146 3118 3282 3687 2933 3000 3153 3070 2471 6295 3368 4577 3157 3625 4353 
3745 4855 5468 5295 4215 3500 3823 4579 3383 3445 4734 4406 2975 3117 2997 2757 3649 2479 3810 4896 5308 4522 4388 4590 4735 
4387 4449 3929 5553 3694 4184 2229 1393 2499 2833 2919 3398 4057 4085 2789 2604 3030 3148 3612 4336 4762 6560 4594 5288 5058 
1903 3016 4554 5186 4155 4676 3886 3346 2355 2293 4270 3346 3639 3300 2949 2756 2892 3147 3405 4594 6502 6552 6360 6057 6360 
5177 1988 3380 3917 5535 3883 3673 2919 2379 3477 3913 4124 3838 3287 2921 2582 2627 2988 4194 4531 6434 6036 5316 7282 6651 
4938 2900 3187 4763 4369 4101 3515 2186 2158 3739 3819 3318 2512 2595 3123 2524 3659 3460 3986 4871 6233 5340 7180 7521 6602 
4210 4984 3302 3033 3257 2974 2924 1445 2361 3717 3072 2809 2425 3241 3172 2660 3722 2727 3327 3020 4610 4353 6562 7380 7711 
3166 4765 4785 2160 1817 2505 2882 1542 1242 2874 2631 4298 3408 4089 2725 2855 2641 3521 3622 3393 4972 7172 6548 7092 7289 
4303 4293 1060 2067 2645 2174 601 3426 3166 2155 2803 2613 2535 3609 2721 3242 3360 2758 3137 3598 5971 5139 5554 8658 7209 
2607 2109 2697 2013 2538 1831 1564 2561 1955 7921 5452 2203 2235 2434 3889 2644 5086 3489 4730 2029 5605 5383 5722 5790 7810 
2801 2141 1336 1537 3772 2250 2878 2331 2206 1852 2686 2845 2751 1526 3330 8418 2626 3667 3308 4054 2164 2720 6272 4925 6541 
1833 1697 1901 2329 2548 3272 3599 1356 2958 2463 2727 5025 1691 3985 4235 3672 2798 4335 2856 3534 3891 2878 6233 5067 4815 
2418 1740 1659 2585 3767 5089 4169 3926 2477 4332 5093 5444 2703 2406 3514 3855 2208 4023 4066 2517 2665 2620 2614 4734 4378 
3097 3993 2449 3818 5103 4558 4943 2085 3679 6964 5809 3796 5830 965 3149 2027 2567 2252 3007 4478 3962 2179 3324 3762 5830 
1655 -9999 1529 2522 5014 4145 5475 5824 1775 3018 4607 1306 7731 5195 6458 5234 5179 2463 2325 5929 4112 4229 2242 2943 5481 
1985 2405 4479 4440 3291 5738 8023 8488 5145 2128 1266 871 6355 7873 7571 6941 5126 2456 3302 3711 4841 5501 4402 2513 2986 
