includes/gis/ASCII_5k/mod13q1_ndvi_2006_289.tif.txt
ncols         25
nrows         20
xllcorner     257482.3972
yllcorner     9670060.6647
cellsize      5000
NODATA_value  -9999
2719 2535 3034 3272 3495 2796 3769 2386 2321 2430 1938 4213 4225 4241 2466 2811 2150 2690 2523 2577 1901 2541 2597 2136 1946 
2666 2912 2606 2869 3158 2634 2976 2927 1913 2659 3110 2603 3928 3835 3175 2505 2542 3075 2524 2609 2402 2988 2470 2912 3050 
2624 3481 2593 2257 3241 2934 2412 1856 2795 2454 2189 2492 3407 3693 3654 3199 3068 2294 2529 2105 3868 2821 2399 2676 2694 
2826 3991 2478 2861 2365 2998 3071 2538 2379 3336 2721 2607 3831 2363 2131 2180 2224 1982 2076 4209 2412 2131 2526 2127 2766 
2857 3293 2797 2817 2870 3782 2456 2411 2463 2659 2650 2907 2685 3267 2096 2054 2290 2070 2089 3970 2704 2800 2031 2667 2688 
2462 2970 3175 2778 2884 2932 2359 2426 2642 2530 3505 2411 2378 2204 2121 2142 2357 2001 2195 3850 3815 3189 2735 2265 2124 
2509 3062 3478 3065 2578 2393 2618 2371 2066 2146 2098 2221 2546 2240 2255 2179 2119 2130 2462 2536 2458 4311 2108 2331 2488 
2745 2532 2967 3229 3020 2526 2418 2486 2170 2085 2804 2476 2424 2524 1910 2320 1898 1904 2033 2388 3190 4763 3929 3205 3596 
2439 3191 3030 2935 2979 2242 2435 2359 1861 2156 2335 2369 2442 2223 1961 1475 1635 1860 2249 2169 4819 3517 4465 3679 4313 
3184 2695 2861 2731 2361 2509 2194 2140 1882 1941 2014 2193 2051 2094 2047 1854 1848 1716 1657 2070 3022 3737 5698 4594 3867 
2907 2794 2337 2788 2326 2208 1816 1082 1845 1702 1680 2114 2010 2028 2085 1921 1974 1826 1731 1884 2141 4459 3650 5007 4153 
2649 2909 2760 1880 2164 1594 1629 1515 1020 1677 1705 1925 1866 1996 2305 1872 1775 1857 1612 1577 2116 5630 4240 3888 4299 
2497 2366 2044 2199 2096 1828 1582 2728 1950 1494 2200 1099 1635 2037 2206 1890 1701 2030 1802 1528 2824 3152 3715 7715 4446 
2088 1999 1908 2031 2457 1963 1491 2241 1524 4404 2661 1615 1920 1745 1819 2000 2152 1811 2838 1123 3403 2557 5631 4629 6231 
2028 1930 1401 1649 2928 2050 2917 2001 1766 1666 1803 1805 2197 1965 1754 4959 1792 1742 1795 2390 1565 1991 5343 4618 5842 
2029 1601 1745 1642 1743 1894 2135 2134 2038 2000 2007 2354 2060 2145 1978 1900 2156 1997 1722 2044 2373 2607 4816 3309 4658 
1738 1751 1447 2024 1866 2398 3006 2497 2685 2087 2546 2583 2830 2582 2132 2197 1870 2474 2420 1497 2641 2434 2639 4203 4988 
1904 1771 2082 2288 3229 2404 3475 3365 2387 5095 2722 1769 2271 2459 2061 1877 2278 2095 1974 4281 2906 2060 2926 3120 4922 
1631 1794 2199 2387 2640 3709 4689 5427 1200 2329 1054 8058 8814 5786 2920 2050 2253 2107 2264 3054 3481 2046 1825 2766 4165 
2075 2158 2517 2547 1461 4721 1334 706 286 308 1003 5275 4807 6266 4264 6406 2260 3058 2247 2512 3691 3674 3310 2070 2448 
