includes/gis/ASCII_5k/mod13q1_ndvi_2017_225.tif.txt
ncols         25
nrows         20
xllcorner     257482.3972
yllcorner     9670060.6647
cellsize      5000
NODATA_value  -9999
2538 2534 3046 2863 3431 2473 2692 1822 2183 2019 1781 2490 2839 2925 1452 1404 2436 2569 2454 2677 2294 2435 2596 2376 2257 
2349 2488 2395 2901 3032 2360 2815 2047 1904 2366 2170 2302 2469 2390 1801 2330 2462 3127 2683 2187 2362 2777 2527 2753 2624 
2805 3158 2845 2291 2901 2555 2464 1935 2295 1940 1831 1905 2463 2446 1967 1816 1970 2131 2181 2144 3520 2820 2438 2383 2428 
2935 3729 2894 2708 2387 2314 2684 2606 2250 2808 2034 2037 2202 1912 1968 1845 1943 1828 1923 3015 2378 2435 2545 2145 2658 
2819 3009 2712 2617 2830 3320 2484 2270 2261 2417 2541 2293 2205 2556 1846 1833 2360 1914 1892 3808 2359 3028 2202 2526 2658 
2281 2644 2297 2590 2615 2677 2299 2378 2173 2355 2500 2281 2075 1822 1796 1978 2246 1991 2509 2080 3663 3289 2411 2259 2543 
2370 2941 2685 2757 2321 2280 2761 2138 2037 2189 2241 2102 2270 2224 2135 2192 1956 2354 2385 2533 2760 4764 2268 2753 3049 
2279 2456 2540 2773 2446 2276 2384 2186 2106 2109 2921 2224 2101 2137 1979 2075 1982 1716 2110 2640 4123 5195 4498 3341 3800 
2276 2785 2717 2155 2943 2158 2116 1994 1972 2248 2193 1975 2191 2007 1922 1852 1640 1915 2210 2341 5539 4268 4632 4802 5609 
2597 2229 2174 2812 2255 2413 2097 1809 1784 1823 1936 1992 1816 1946 1852 1803 1848 1879 1592 2321 2943 2253 4756 5253 6036 
2666 2883 2164 2616 2048 1991 1578 1242 1654 1581 1647 1736 1843 1852 1875 1697 2113 1927 1665 1890 2295 4818 4480 5238 6303 
2095 2055 2018 1904 1985 1547 1474 1381 1083 1647 1634 1637 1629 1843 1743 1709 1635 1875 1633 1878 2198 5475 4360 4459 6089 
2180 2326 1718 2067 2022 1459 1240 2429 1705 1467 1672 1084 1810 1705 1847 1780 1524 1998 1422 1489 2558 2893 4212 7561 4381 
1720 1518 1875 2051 2609 1428 1248 2297 1400 4731 2313 1553 1780 1569 1423 1465 1882 1571 2647 1315 2403 2091 3716 4218 5658 
1885 1748 1469 1737 3220 1980 2319 1831 1380 1583 1557 1748 1867 1793 1995 4288 1653 1622 1736 2393 1482 1576 4355 3971 5680 
1847 1365 1256 1702 1760 1945 1847 2146 2189 2068 1899 2172 1911 2344 1946 1826 2076 1908 1846 1992 2166 1985 3895 2665 3511 
1727 1687 1298 2067 2001 2568 2329 2193 2883 2587 2550 2774 2679 2633 2097 2123 1712 2252 1925 1356 2463 1992 2149 2775 4298 
1915 1113 1794 2058 2513 2335 4178 3787 7556 7355 4857 2790 2116 2457 1856 1751 2023 1931 2066 2885 2169 1912 1945 2172 2631 
1225 1478 1847 1963 2511 3178 3582 8411 8362 8434 7979 8151 8162 6283 2675 2540 2063 2064 2291 2279 2470 1761 1484 2110 3429 
1706 1740 2460 2466 2004 2498 4459 7070 5175 4144 3086 2013 6075 7286 7592 5235 2200 2668 1492 2822 2614 2241 2189 1713 2444 
