includes/gis/ASCII_5k/mod13q1_ndvi_2008_001.tif.txt
ncols         25
nrows         20
xllcorner     257482.3972
yllcorner     9670060.6647
cellsize      5000
NODATA_value  -9999
3409 2839 4484 4627 5079 3919 4046 2622 3768 4244 4055 5636 5433 6141 5273 6216 5525 6321 6278 5869 5371 5191 5013 4182 4092 
3277 3286 3303 3522 4657 3515 3504 2998 3391 4833 4928 4332 5623 3960 3979 5431 6751 6359 6708 5901 5837 5795 4569 5768 6082 
3434 5809 4175 2790 4094 3426 3768 2434 3642 3201 4075 3769 4562 5176 5150 6339 7099 5185 6990 6326 7530 6644 6310 6054 5172 
4055 5951 3531 3518 2849 4222 3649 3369 3386 4058 3425 3174 3865 4352 6413 6664 7500 6857 4954 7451 6741 6395 5656 4809 5827 
4197 4290 3961 3361 3303 3931 2873 2597 3188 3752 3180 3851 3965 6011 5588 6052 6003 6365 5416 7189 6408 7220 5683 6215 5401 
3414 4078 3680 3393 3256 3909 2505 2618 2672 3088 4201 4310 4116 4471 4495 5970 5340 3202 4415 7111 8329 8110 7841 7033 7122 
3815 4600 3744 3762 2828 2725 2905 2532 2309 2662 2683 3954 4465 4962 4686 5217 3720 4100 4483 6291 6833 7688 6694 7701 6997 
3266 2296 2577 3605 2808 2436 3412 3279 2240 2230 2902 3333 3812 3010 2710 3161 4045 3657 3520 5048 7015 7287 8399 8431 8746 
3076 3073 3400 2803 3939 2164 2973 1921 2270 2303 3051 3116 3145 2328 2424 2893 2876 3761 4267 4680 6143 6955 6497 8163 8207 
3869 2301 2727 2327 2175 2459 2026 1839 1799 1889 2082 3155 2987 2438 2703 3727 3457 3037 3393 4780 6141 6614 5792 8483 8383 
3289 2976 2125 2632 2494 1957 1895 1086 1519 1498 1662 1975 2751 2328 2422 3483 3191 2685 3831 4667 4814 6927 7534 8225 8182 
2588 2365 2607 1938 1916 1619 1732 1345 1073 1611 1715 1646 1957 2071 2288 2091 2535 3276 2216 2998 5258 7484 6941 7889 8413 
2748 2327 2256 2550 1925 1583 1284 2798 2018 1942 2215 1050 1788 2072 2472 2424 2570 3229 3000 2390 4977 7008 6681 8631 7822 
1942 1955 2251 2274 2235 1598 1261 2094 1554 7590 4109 2056 2558 1933 1756 2361 3333 2596 4016 1596 4672 6604 7415 6525 7617 
2137 1755 1945 1942 3698 2153 2558 1696 1856 3722 2873 3931 2636 2449 2196 7777 3067 2868 2596 4966 2748 2863 7003 5861 7658 
2134 1502 1344 2170 2117 2088 3130 4488 4718 5030 3166 5299 4545 4169 3372 4248 3293 3179 3149 3572 4750 2962 5652 5714 6833 
1976 1802 1821 3309 3839 4540 5306 5414 5772 5124 5757 5245 5588 5909 4946 5388 4124 5656 5460 5178 4004 2354 3273 4308 5357 
1727 1909 2932 3459 4214 4657 5554 6914 8364 8409 6176 5041 6103 6305 5551 6937 4949 3736 4064 5470 3106 2233 2405 3736 4598 
2037 1968 2292 2872 3295 4200 3762 8906 8671 8560 8435 8466 8767 7759 6495 6442 5492 4727 4888 5399 3960 2468 2322 3520 4131 
1718 2069 2478 3357 3323 6501 8669 8825 6026 5611 5773 5878 6286 7446 7069 8570 6882 5874 4105 5138 5174 3025 4262 2562 3196 
