includes/gis/ASCII_5k/mod13q1_ndvi_2002_289.tif.txt
ncols         25
nrows         20
xllcorner     257482.3972
yllcorner     9670060.6647
cellsize      5000
NODATA_value  -9999
2719 2473 3085 3055 3509 2629 3917 1920 2297 2160 2221 3173 3746 3301 1930 2154 1977 2709 3458 3287 2581 2443 2686 2267 2438 
2504 2674 2306 3442 3595 2615 2936 2410 1886 2306 2179 2749 2879 2352 2110 2778 2598 3117 2885 2881 2572 3261 2462 3358 3502 
2676 3449 3157 2224 2917 2809 2553 2082 2714 2225 2000 2167 2708 2635 1997 2026 2383 2318 2492 2602 3805 3288 3096 3145 3210 
3236 3809 2562 2908 2296 2681 2266 2513 2454 3188 2276 2178 2629 1898 2166 1838 2431 2024 2239 4439 2795 2595 2995 2432 3536 
2900 3631 3102 3040 3066 3029 2350 2232 2588 2377 2846 2619 2423 2774 1785 1911 2500 2194 2130 3611 2449 3542 2390 2542 2788 
2362 3358 3815 2953 3033 2795 2252 2169 2353 2583 3436 2668 2149 2235 1970 1996 2301 1918 2556 3725 3881 2690 3394 2673 2820 
2560 3259 3770 4096 2603 2209 2227 2235 2043 2276 2320 2254 2567 2517 2205 2047 1986 2010 2024 2691 2606 4643 2570 2732 3266 
2841 2602 2426 3177 2532 2113 2189 2161 2194 2150 2450 2393 2333 2215 2091 2298 1966 1590 1938 2140 3787 4776 3819 3294 3846 
2966 2970 3068 2544 3066 2213 2180 1857 2153 2122 2101 2058 2449 2315 2107 2006 1742 1808 2145 2736 4442 3513 4467 5108 5349 
3557 2307 2914 2495 2294 2426 2173 1868 1717 1872 1820 2015 1923 2024 2076 1780 1879 1839 2074 2386 2979 3227 6106 5571 4421 
2737 2760 2160 2455 2099 2079 1869 1241 1691 1776 1758 1883 2025 2051 2017 1781 1938 1741 1786 1877 2185 4151 3944 5230 5527 
2276 1546 2151 1836 1833 1627 1618 1468 1149 1770 1660 1505 1794 1957 2079 1742 1709 1969 1580 1726 2202 5125 3968 4145 5504 
2444 1769 1710 1980 1916 1731 993 3347 1796 1641 2249 1005 1844 1817 1973 1957 1647 1795 1951 1555 2957 2992 3275 7543 4726 
2008 1576 1646 1906 1945 1326 1255 2507 1444 4224 3417 1631 1931 1661 1626 1469 2150 1777 3343 1214 2394 3430 3913 3488 4868 
2067 1692 1526 1620 3220 2216 2375 1627 1556 1579 1679 1651 2205 1944 1722 4986 1750 1823 1933 2442 1419 1555 4147 2973 4604 
1815 1588 1414 1532 1862 1834 2113 1890 1787 1930 1874 2272 1707 2241 1965 2167 2295 2072 1702 2105 3166 1658 5581 2397 2987 
1779 1530 1437 2001 2144 2266 2180 2048 2386 1933 2044 2285 2412 2476 1763 2516 2156 2259 2162 1593 1986 1897 2330 2876 3871 
1651 1177 1725 1876 2651 2363 2714 2336 6891 6838 3200 1993 1742 2361 2071 1728 1933 2091 2177 2483 2219 1836 2164 2579 2702 
1348 1694 2117 2169 2201 2558 901 2997 7877 7911 7590 7738 7796 4985 2872 2243 2377 2136 2184 2805 2621 1876 1813 2391 3859 
1926 1981 2472 2277 2175 2583 1545 2271 2140 4335 4424 4645 5099 6639 4029 5188 2218 3843 2707 2636 2784 2320 2417 1971 2334 
