includes/gis/ASCII_5k/mod13q1_ndvi_2008_161.tif.txt
ncols         25
nrows         20
xllcorner     257482.3972
yllcorner     9670060.6647
cellsize      5000
NODATA_value  -9999
2967 2555 4091 3807 3691 2937 3749 1946 2076 1868 992 1995 4278 3623 2700 3625 3565 4379 3902 2953 3844 3469 3848 3466 3216 
3388 3876 3414 3795 3749 2908 2896 1404 813 999 2332 3468 3577 3263 3312 3805 3934 3915 4008 2365 3304 3825 3843 3731 3875 
3294 4735 3734 2690 2958 3238 2325 1896 2523 2181 2438 2622 3043 2966 2970 3490 3551 3274 2569 3607 4415 3981 4446 3661 3392 
4126 4111 1909 3729 2725 2463 1698 2922 2613 3213 2566 2986 3247 2696 3065 3527 4229 2952 3200 5293 4150 3429 3660 3088 3577 
3759 3111 3527 3557 3503 4456 1807 2868 2581 2849 3009 3025 2682 3471 2477 2798 3378 3400 2622 3535 3885 3763 3248 3136 3147 
3207 3835 4617 3664 4228 3702 2680 2569 2581 2669 3883 3023 2507 2777 2544 2854 3119 2953 3305 4758 4417 3725 3249 3497 3283 
2684 3873 4647 4021 3795 3008 2980 2374 2259 2301 2403 2505 2922 3117 2937 3097 2995 3383 3316 3888 3400 5255 3473 3581 3986 
3908 3270 3209 3750 3411 3074 2722 2797 2341 2411 2812 2692 2527 2820 2233 2737 2641 2511 2527 3096 4128 5288 4851 4539 4278 
2994 3094 1762 3029 3699 2535 2916 2688 2967 3187 2975 2468 2817 2579 2393 2273 2151 3251 3187 3533 5022 4965 4817 5968 5506 
3057 2462 2719 3177 2756 2763 2705 2718 2558 2710 2460 2493 2763 2512 2544 2124 2614 2839 2787 2513 3964 5867 5890 6643 5168 
3358 3490 2614 2892 2605 2390 2000 1307 1818 2053 2103 2760 2449 2487 2493 2139 2575 3027 2672 3009 3341 5164 5890 6560 4950 
2602 2420 2991 2298 2072 1633 1535 1388 1025 1764 2030 2230 2031 2100 2219 2154 2216 2256 2436 2861 3291 5984 6728 5984 5365 
2663 2840 2260 2748 2005 1662 1389 2921 2081 1554 2931 1357 2046 1998 2182 2415 2269 2667 2230 2245 3529 3758 4986 3798 5393 
2436 2040 2351 2219 3273 1737 1416 1945 1543 5860 3568 1811 2262 1945 1973 2141 2938 2684 3304 1573 2425 2787 3667 3601 6044 
2768 2149 1467 1797 3748 2219 2514 1912 1620 1848 1851 2087 2455 2766 2045 6281 2507 2518 2399 3772 1892 1854 -9999 3072 6071 
2300 1615 1523 1739 1985 2008 2108 2197 2472 2459 2409 2930 2565 2884 2687 2397 2686 2730 2188 2764 2538 2237 3888 2709 5030 
2408 1977 1504 2350 2489 2754 3810 2638 2937 3077 3132 3251 3790 3311 3512 3045 2560 3536 2817 1946 2613 2331 2421 3231 3112 
2197 1823 2039 2410 3152 3213 3573 6172 6971 7022 4596 3608 3717 4033 3367 2956 3981 3495 3226 3288 2319 2166 2063 2705 2644 
1948 1907 2314 2564 2350 3832 4053 5003 7951 2183 2318 1489 2261 5415 4066 4047 3775 4223 3413 2275 3110 2025 1775 2412 3207 
2622 2377 2760 2973 2819 5194 8277 5308 5603 5380 5310 5329 5762 2484 2281 4316 4917 4831 3971 3670 2940 2295 2325 2249 2598 
