includes/gis/ASCII_5k/mod13q1_ndvi_2000_337.tif.txt
ncols         25
nrows         20
xllcorner     257482.3972
yllcorner     9670060.6647
cellsize      5000
NODATA_value  -9999
7125 5432 6311 5519 5792 4987 5166 5439 6263 6815 5478 6702 7513 5770 4182 6212 5680 7485 7703 6036 5478 5110 5148 4460 5802 
6567 6618 6266 5247 4865 4412 6953 4508 5083 7368 6625 6680 7097 6355 6378 7604 7737 6472 6453 7036 6264 5999 5538 7196 8136 
4265 6913 6784 5920 5109 6141 6253 5851 7527 7191 6525 4892 4920 5493 6572 6680 6850 5252 6508 2813 6878 7984 6682 6992 7738 
6233 3833 7568 7134 5961 6846 5776 4992 5734 7497 5395 4910 6302 5752 7517 6219 8108 5922 5956 7954 5356 6529 7475 5712 7412 
6266 6156 5549 5303 6970 5790 5694 4898 4367 5466 4725 5824 6815 6711 6191 7121 6535 7268 5916 8212 5158 7064 5228 6301 7025 
4816 6387 6786 6688 6984 6649 4956 4853 5660 5374 7734 6012 4844 4716 5044 7071 6607 4617 6272 6311 4920 7005 8677 6168 6628 
5587 6330 6010 5163 7388 4841 5551 5109 5367 4538 4360 5963 6789 5324 4616 4773 5410 4222 4992 5988 6925 8015 6222 6807 6219 
6406 5829 5345 6415 6501 4888 4463 5824 3317 3995 7110 5647 5244 4002 3008 4118 4612 3917 -9999 4836 7627 6072 8428 8323 7975 
5937 6686 7124 5503 6249 4757 4800 5054 4879 4395 4818 3267 3523 4628 4049 3383 3117 3392 4716 5978 5685 6484 5841 6311 7380 
5081 4976 5649 6001 4651 4101 4947 4623 4512 3503 3787 4161 3046 2245 3972 3712 3288 2967 3695 4512 6701 5567 7637 6273 8677 
4769 5017 4153 3977 4697 4401 3644 1524 3738 3349 2548 2326 3386 3704 3771 3186 3344 2974 1754 2240 3591 6705 4700 -9999 7475 
3628 4529 4398 3123 3458 2906 3229 1866 1123 2651 2343 1891 2364 3980 5555 3274 3390 2803 2336 2086 3442 8081 6969 3602 8523 
3706 3527 3745 3327 2949 2403 1345 4138 3078 2187 2960 1750 2772 2403 2974 4233 3254 4437 4559 2734 5534 5392 6207 2253 4875 
3407 2032 1971 2320 2760 2096 1243 3494 3680 7319 5469 2230 2597 2166 2573 5357 6571 4422 7344 2806 5847 4197 7388 6481 4155 
3342 2569 1571 1520 3589 2515 3141 2880 2987 5562 3049 4055 3501 4361 4732 7930 4511 4118 5005 6667 4047 3333 6255 6323 5151 
2234 1905 1476 1458 2256 2632 2437 2312 2378 3561 3478 4773 3882 3274 4720 3945 5840 5182 3177 4522 6090 4502 6154 5447 5447 
2168 1860 1594 2067 3260 5085 5607 4575 6020 5170 4902 5291 2511 6739 6193 6977 5469 8309 6336 5260 6577 5799 3879 5907 4652 
2012 3104 2609 2539 3741 4012 5258 7504 8302 4470 7560 5212 4554 6396 4733 5767 7267 5671 7616 6476 6475 4649 2901 4991 3266 
3166 1395 2781 3165 4874 3829 5704 7377 4724 5300 2453 6206 4095 7054 6035 2903 7127 5559 5753 7274 6630 6019 3358 5614 6148 
5114 5914 4253 4111 6187 6991 4421 4987 6002 3340 299 4877 6345 5336 4536 5470 5125 5893 6365 6054 6220 5767 5887 5277 6965 
