includes/gis/ASCII_5k/mod13q1_ndvi_2017_241.tif.txt
ncols         25
nrows         20
xllcorner     257482.3972
yllcorner     9670060.6647
cellsize      5000
NODATA_value  -9999
2550 2152 2977 2774 1771 2435 2536 1956 2292 2039 1954 2305 2724 2767 1482 1445 1971 2575 2279 2552 2247 1921 2506 2322 2185 
2286 2301 2267 2770 2905 2422 2632 2327 1885 2303 2010 2413 2382 2358 1809 2245 2548 2990 2276 2152 2205 2586 2333 2449 2485 
2589 2671 2469 2225 2711 2403 2282 1914 2357 1911 1621 1934 2394 2368 1815 1973 1983 1999 1990 2033 3432 2639 2363 2354 2279 
2667 3479 2722 2571 2229 2403 2521 2522 2213 2611 2138 2027 2203 1934 1967 1812 2034 1812 1536 3345 2272 2191 2447 2133 2673 
2545 2691 2506 2465 2705 2842 2394 2194 2164 2332 2416 2320 2254 2459 1870 1880 2220 1885 1951 3410 2265 2974 1914 2227 2546 
2194 2746 2296 2619 2493 2572 2184 2264 2126 2269 2332 2336 1924 2085 1943 2031 2110 1820 2173 3296 2994 2878 2204 2261 2419 
2290 2807 2806 2595 2255 2121 2383 2199 1949 2055 2152 1980 2303 2123 2209 2101 2058 2151 2366 2785 2701 5230 2299 2575 2912 
2189 2407 2599 2561 2338 2284 2197 2342 2225 2024 2688 2109 1994 2215 2019 2168 1908 1616 2055 2389 3673 4491 4241 3427 3765 
2236 2261 1924 2507 2662 2007 2000 1959 2070 2273 1949 1907 2234 2023 1273 1851 1578 1917 2163 2271 4861 2467 4220 5146 5292 
2497 1981 2532 2433 2130 2162 2191 1921 1746 1893 1839 1980 1872 2001 1986 1879 1891 1890 1705 2276 2710 3320 3632 5221 6111 
2451 2788 2139 2253 2006 1945 1562 1320 1753 1662 1665 1670 1793 1837 1934 1758 2061 1817 1640 1890 2262 4399 4045 5299 5656 
2127 2039 2067 1865 1761 1562 1497 1380 1075 1621 1543 1624 1747 1779 1904 1774 1711 1837 1525 1848 2175 4966 3990 4194 5438 
2115 2027 1833 2005 1915 1504 1222 2233 1744 1412 1755 1098 1670 1582 1815 1714 1566 1917 1554 1547 2469 2648 3633 5909 3749 
1988 1633 1837 1838 2244 1432 1296 1906 1332 4732 2474 1599 1673 1588 1607 1502 1873 1786 2612 1317 2120 2119 3313 3520 5286 
1815 1732 1302 1553 2379 1746 2114 1710 1645 1564 1610 1715 1869 1801 2079 4197 1714 1559 1745 1870 1521 1561 4145 3439 4740 
1773 1424 1444 1541 1707 1844 2007 2074 2037 1889 1678 2107 1874 2192 1956 1863 2068 1861 1729 1856 2050 1921 3617 2499 2797 
1670 1638 1210 1884 1930 2402 2722 2557 2523 2491 2565 2535 2573 2384 2116 2218 1761 2278 2056 1422 2432 1894 1933 2576 3874 
1907 1200 1665 1912 2344 2502 3010 3706 5559 5665 4475 2274 2211 2513 2036 1819 1883 1912 1969 2644 2119 1434 1852 2271 2692 
1011 1441 1822 2057 2224 2586 4226 2990 1769 1787 946 654 797 4822 2683 2337 1958 2093 2101 2224 2470 1897 1529 2036 3179 
1695 1750 2153 2454 2162 3283 6771 8110 5170 4601 5192 5748 2214 1486 3928 4862 2375 2492 1371 2525 2390 2073 2344 2051 2283 
