includes/gis/ASCII_5k/mod13q1_ndvi_2002_337.tif.txt
ncols         25
nrows         20
xllcorner     257482.3972
yllcorner     9670060.6647
cellsize      5000
NODATA_value  -9999
5059 3408 4840 4876 5621 4208 4730 3171 3828 4030 4631 6569 7165 7293 5235 6764 5226 6959 4562 7389 6242 6237 5249 6028 4688 
4536 3849 3630 4472 5822 4559 5553 4644 4201 4905 4494 6448 7532 7400 6629 6896 7576 2505 6974 6800 6144 6541 -9999 8322 8112 
3307 5388 4186 3064 4417 3746 4601 3761 4488 4354 5603 5737 5709 6840 6951 5269 7574 5612 3920 7280 7843 8046 5797 5408 6086 
4653 6483 3442 3318 3151 4941 5460 4622 4155 4617 4209 5738 6360 5410 6086 6442 7025 3880 4646 7628 6828 3002 6932 5129 6715 
4244 5588 4868 4154 4120 2367 4352 4239 3627 4324 3911 5234 5859 6460 6010 6586 6655 7020 5454 7571 4892 6257 5452 5154 4533 
3608 6336 5197 4378 4419 4083 3886 3273 3565 3812 6035 5227 4622 5041 4961 6235 5778 5327 6647 5287 6817 6280 8439 6026 6779 
5212 5911 5421 5164 4564 3838 3152 2433 3038 3458 4027 4451 5278 5104 4482 5782 5953 6464 4989 5999 4287 7127 6280 1703 5408 
4653 4225 3471 5772 5062 3607 2796 2566 3075 4477 5656 4721 5488 4560 3905 4762 6339 5704 5549 5879 7319 6856 3843 8332 3982 
4392 4255 6487 5771 6303 3917 3816 3084 3098 3360 4975 4095 5025 5435 4641 5063 4820 5258 5988 5288 5726 6352 2478 8213 7578 
5353 4670 4560 4945 4468 3492 3970 3359 3579 5528 5126 5637 4127 4414 4907 5743 4879 4307 3802 5901 7059 6154 7810 8452 4844 
3621 3188 2889 3101 2865 2765 3141 1217 3370 4126 2898 5347 4432 5517 4777 5351 4814 4637 3139 4884 5374 6241 7151 7968 8008 
3875 3112 2955 2759 2511 2404 2629 1913 1096 3787 2137 4288 3716 4265 5270 5359 4374 4806 3988 4521 5931 8103 7415 5181 7957 
4831 2971 3142 3435 2447 2445 1485 3625 4614 3287 4275 2359 5565 3891 5349 4080 4772 5002 5661 3098 6649 7049 6660 6755 3706 
3353 2349 2038 2266 2232 1694 1249 3312 2264 5505 5724 2096 4276 6040 5704 5114 5408 4657 6868 2712 6119 6977 7759 6669 4491 
2691 2012 1936 2269 3094 2293 3898 1944 2202 2648 2489 2878 5025 3503 4508 8364 4191 3697 4300 7495 3203 4497 6346 6193 7828 
2793 2061 2198 2736 3946 3714 4797 5988 5768 5446 6271 6269 5322 5962 3181 6017 5499 4352 3614 5255 7135 5954 6883 5642 7025 
2763 3416 2613 3872 4933 6936 7003 6328 6672 4965 6246 5829 5555 6758 6237 6971 5454 1978 5655 5093 6366 6457 5748 5725 5526 
2700 2299 3589 4771 7167 7171 7980 7419 8531 4490 6649 3153 5955 6578 6695 7165 6513 4109 4313 6848 5241 6699 5998 4937 6144 
3960 4419 4863 6422 6963 7646 7922 7256 8925 4695 1419 2106 1793 3394 -9999 6352 6740 5876 6465 6868 6347 5629 5442 5947 7552 
3832 4276 4366 5778 6735 7666 8551 8140 7005 4575 3338 1892 5271 6733 2698 6256 5960 7427 6942 6406 7118 6202 6511 6702 6153 
