includes/gis/ASCII_5k/mod13q1_ndvi_2009_257.tif.txt
ncols         25
nrows         20
xllcorner     257482.3972
yllcorner     9670060.6647
cellsize      5000
NODATA_value  -9999
2379 2238 2597 2387 2701 2138 2633 1714 1832 1820 1735 2455 2410 2340 1383 1576 1699 2248 2447 2440 2104 2285 2213 1929 1828 
2153 2223 2099 2534 2618 2077 2480 2248 1539 2053 1912 2248 2439 2536 1828 2238 2287 2528 2362 2115 2050 2544 2125 2696 3016 
2375 2737 2536 1997 2355 2231 2162 1723 2179 1907 1843 1922 2283 2245 1966 2019 2008 1997 2285 2105 3284 2593 2492 2560 2438 
2424 3147 2294 2317 1901 2188 2185 2320 2099 2514 2129 1968 2364 1772 1961 1854 2169 1844 1890 3618 2206 2143 2456 2072 2527 
2406 2675 2494 2292 2612 2600 2174 2055 1988 2262 2160 2231 2131 2531 1798 1718 2156 2014 1842 3563 2407 2346 1845 2195 2272 
1981 2373 2440 2443 2617 2721 2004 1935 1960 2085 2452 2091 1934 1909 1765 1916 2165 1715 2178 3256 3185 2717 1970 2158 2089 
2145 2575 2848 2558 2276 2040 2131 2043 1936 1992 2039 1985 2014 2115 2152 2002 2000 2125 2037 2344 2213 3403 1920 2218 2581 
2258 2031 2332 2691 2240 2004 1967 2191 1947 2032 2049 2049 2113 1973 1910 2062 1831 1603 1918 1941 3454 4171 3634 3115 3260 
2242 2513 2484 2333 2486 1893 1916 1797 1927 1971 1910 1828 2130 1971 1803 1829 1572 1893 2134 2388 4141 3193 4104 4408 4326 
2436 2009 2395 2192 1924 2066 1854 1820 1680 1698 1801 1872 1839 1846 1751 1729 1821 1834 1537 1956 2777 3135 3725 4436 3404 
2317 2446 1960 2198 2016 1926 1576 1109 1467 1469 1588 1802 1769 1742 1835 1725 1868 1750 1498 1720 2241 3780 2993 3891 3763 
1965 1937 1962 1755 1806 1438 1420 1278 1038 1512 1555 1572 1566 1677 1752 1549 1610 1825 1405 1482 2082 4971 3409 3167 4189 
2046 1978 1655 1962 1921 1501 1296 2161 1605 1243 1596 905 1489 1462 1760 1704 1589 1747 1599 1447 2388 2716 3182 7608 3397 
1736 1505 1722 1754 1969 1441 1330 1854 1278 4636 2156 1397 1551 1509 1495 1348 1921 1610 2427 1129 2022 1962 3251 2830 5130 
1927 1713 1339 1446 2829 2094 2051 1536 1370 1381 1536 1488 1789 1740 1838 3515 1716 1569 1648 2041 1259 1367 3592 2666 4018 
1755 1407 1261 1443 1551 1587 1851 1749 1766 1738 1769 1958 1693 2027 1729 1714 1920 1725 1696 1687 1945 1632 3323 2303 2535 
1623 1458 1220 1746 1785 1879 1936 2040 1996 2116 2170 2326 2260 2306 1990 2051 1729 2211 2099 1381 1886 1523 1748 2456 3628 
1666 1294 1673 1816 2178 2249 2092 2089 4524 4806 2740 1701 1561 2075 1697 1691 1802 1681 1970 2563 1727 1436 1672 2051 2364 
1235 1427 1690 2089 2080 2099 3356 8155 7620 7768 7551 7430 7231 5941 2438 1827 1809 1691 1787 2329 2359 1434 1458 2249 3329 
1583 1699 1940 2233 2058 2189 6973 7587 4762 4905 4884 5575 4705 6434 5493 5715 1795 1951 1682 2229 2484 2048 2247 1696 2131 
