includes/gis/ASCII_5k/mod13q1_ndvi_2005_017.tif.txt
ncols         25
nrows         20
xllcorner     257482.3972
yllcorner     9670060.6647
cellsize      5000
NODATA_value  -9999
3043 2839 4156 2925 4492 2484 3663 1850 3108 3063 3208 4679 4454 4192 2293 2607 3015 3655 4117 4085 3241 3578 3385 3764 3723 
2216 2282 2638 3120 3881 2771 3291 2369 2935 3218 3126 3535 3543 2827 2320 3096 4432 4157 3890 3503 2867 3868 3511 3961 4576 
2788 4387 3654 2315 3143 2857 3018 2267 3437 2476 2196 2373 2966 2923 2504 2536 2677 2694 3215 3616 5073 3801 4147 4263 4651 
3146 5213 3312 3116 2960 3039 3318 2853 2815 3393 2470 2558 2850 2356 2695 2103 2980 2281 2592 5961 3564 3089 3829 3169 4791 
2606 4135 3830 3499 4404 4577 3570 2620 2649 2843 2588 2709 2708 3405 1991 2346 2981 2600 2603 5024 3437 4418 2757 3821 4303 
2468 4405 4311 3502 3311 3540 3261 2692 2519 2983 3616 2495 2396 2471 2049 2190 2534 1944 2557 5368 5831 5043 4978 4406 4437 
2993 4173 4250 3082 3028 2367 2438 3273 2752 2538 2193 2686 2707 2868 2552 2271 2600 2763 2506 3962 5275 7101 5112 5059 5290 
2876 2470 2524 4094 3053 2364 2465 2810 2863 2971 3229 2542 2661 3087 2127 2699 2148 1921 2416 3050 6015 6721 6977 6487 7776 
2614 3469 3067 2804 3970 2432 2266 2240 2532 2657 2538 2396 3155 3084 2711 2281 1853 2136 3104 3537 6044 6023 5554 7859 7336 
3353 2151 2591 2385 3018 2638 2430 1858 2239 2861 2189 2629 2842 2772 2422 2156 2755 2798 2594 3158 4889 5262 7160 7275 7752 
3187 2808 2212 2473 2249 2089 1782 1082 1809 2333 2735 2413 2437 2849 2796 2692 2936 2357 2302 3100 3511 5978 5403 7416 8322 
2799 2393 2299 1821 1753 1585 1603 1300 1050 1945 2010 2790 1932 2587 2597 2106 2031 2395 1856 2672 3533 7336 6767 7557 7900 
3315 2059 1698 2376 2002 1631 1347 2745 2317 1455 2521 1301 1832 1921 2174 1926 2062 2868 2324 1722 4035 4746 5731 5572 7279 
2023 1859 2150 1869 1885 1478 1210 2657 1458 6652 4237 1688 2470 1926 2336 1999 2963 2450 4116 1273 3710 3472 5610 5713 7853 
2469 2111 1556 1662 3324 1868 2910 2024 1580 1762 1848 2172 2527 3356 2013 6643 2052 1835 2930 3732 2174 1826 5343 5192 5259 
2025 1718 1796 1888 2056 1919 2036 2129 2232 2281 2387 3751 3265 4281 2753 2385 3110 2957 2656 2847 2684 2056 5281 4029 5321 
1645 1838 1525 2378 2369 2302 2727 2914 3289 3253 4922 4896 4513 4637 3531 2923 3118 4500 3805 2367 2679 2409 2518 3201 4697 
2314 1935 2035 2291 3441 3143 2986 7095 8065 8421 5667 4390 3794 4707 4767 2718 3330 3523 4583 3882 3029 2105 2586 2780 5131 
2936 3063 3497 3116 2929 2859 2953 8880 8160 8138 7847 8711 8843 7294 6533 4774 3575 3443 4396 5127 5006 2768 2140 3306 4702 
2210 3065 3437 2764 3425 4222 8482 8711 5487 5081 5279 6004 4787 7545 6776 7619 5797 5103 4962 5463 4875 3315 2587 2994 3280 
