includes/gis/ASCII_5k/mod13q1_ndvi_2005_321.tif.txt
ncols         25
nrows         20
xllcorner     257482.3972
yllcorner     9670060.6647
cellsize      5000
NODATA_value  -9999
3302 3086 3264 3100 4753 3495 4103 1777 2530 2281 3117 3623 4093 4166 1180 1345 1653 3362 3333 3612 1973 3003 1853 1825 1997 
2543 2571 2333 3859 4700 2440 3297 2400 2777 3101 2698 3718 3411 2708 1602 2998 4559 2848 3035 1864 2192 2882 2125 5095 5911 
2795 3794 2723 2262 3077 2882 2873 1943 2996 2476 2130 2024 3516 3232 2248 1967 2110 2536 2786 2526 2247 4290 3451 3097 3466 
3856 4373 2700 3260 2473 2281 2879 2759 2380 3090 2479 2560 3419 2313 2533 2713 2283 2217 2679 3856 5194 3369 3007 2290 4227 
3366 4127 3297 2872 3360 3537 2683 2795 1266 2693 2816 3412 3181 4961 1963 2276 5023 3386 2312 6824 5429 5078 1752 2191 3627 
2874 4362 3593 2755 3738 1347 3095 2623 2392 3207 3104 3416 2645 3236 2195 2957 2890 2424 3897 6761 5266 3359 5893 3759 3487 
3505 3471 4128 4450 3165 2939 1984 2562 2692 2418 2956 2779 3923 4040 2690 2149 2112 2835 3361 3373 4844 5902 1996 3511 5103 
3634 2261 2652 2926 2630 2754 2684 2896 1751 2018 3517 3024 3835 2821 2018 881 1961 1887 2514 5311 6870 5883 6908 6155 6455 
1871 3012 1357 3697 3957 2617 2102 1982 2155 2925 3567 2705 3270 2605 2449 2318 2119 1803 3856 3949 5771 5512 5929 1076 6316 
3460 2100 2350 2933 3078 2202 2644 2313 1870 2912 2670 2858 1062 2191 1993 2451 2516 2865 2037 3871 6102 5251 7156 7868 7729 
3142 2899 2578 2857 2710 2136 1854 1184 2324 2939 2296 2185 2015 2523 2971 2359 2775 2481 2715 2814 4115 5632 5930 6318 7483 
2546 2586 2878 2237 2261 1708 1792 1467 1130 2087 2195 1796 1680 2421 2852 2360 3061 2915 2582 3227 5653 6795 6339 6702 7581 
2429 2147 1844 3013 1709 1754 887 3149 2420 1480 2876 1383 1819 2905 2841 2520 2468 2799 2751 3321 6841 7160 6088 8451 6818 
2089 1629 2029 1924 2108 1611 1475 2172 1458 5470 3632 1932 1975 1717 2215 1837 4192 3141 5898 1234 4192 3614 6499 3180 7431 
2197 1980 1513 1643 2614 2033 2847 1945 2031 1904 1885 1955 2070 2497 1977 7048 3948 1844 3303 4740 1572 2028 6369 5437 6264 
1945 1638 1538 2205 2517 1901 1092 2274 2057 2542 2677 1780 2136 3223 2256 2222 2872 2577 2613 2414 4254 3126 5815 3217 4843 
1558 1625 1594 2550 2852 3697 4140 2366 1861 3146 3800 2940 2337 2933 2264 3347 1813 3926 3669 1619 2919 2294 2644 4111 4305 
1775 1434 2213 2834 2940 2562 5119 3883 6380 4990 4764 2659 2926 4018 2015 2534 5468 3115 2800 4124 3351 2298 2293 4486 4710 
1925 2473 3343 3396 3036 3469 6999 8667 8059 2223 8693 8577 8594 5954 3910 3265 6263 4617 4997 4458 5008 2766 2596 3803 5213 
1995 2808 3671 4153 4373 7282 6010 1567 3402 5310 817 1727 5282 6843 4612 6366 3663 5974 5213 5525 6194 5275 3840 2417 3646 
