includes/gis/ASCII_5k/mod13q1_ndvi_2010_257.tif.txt
ncols         25
nrows         20
xllcorner     257482.3972
yllcorner     9670060.6647
cellsize      5000
NODATA_value  -9999
3114 2796 3273 3170 3525 3005 3218 2478 2894 2178 2215 2942 3595 3581 2910 2794 2716 3118 3315 3015 2802 2885 3024 2724 2385 
3146 2975 2773 3271 3421 2827 3045 3003 2285 2539 2337 2968 3000 2998 2857 3030 2934 3363 2833 2736 2820 3429 2997 3448 3442 
2966 3943 3313 2719 3121 3088 2648 2318 2715 2253 2552 2604 2620 3050 2817 2703 2799 2313 2589 2762 3761 3434 3141 3395 2938 
3131 3967 3322 3283 2899 3131 2823 2854 2481 3115 2480 2480 2964 2840 2450 2768 2936 2651 2516 4095 2990 2892 3187 2783 3144 
2853 3271 3232 3241 3033 4449 2600 2677 2151 2568 2722 2913 2790 3147 2467 2629 2783 2717 2440 3734 3117 3623 2697 3023 3163 
2590 2815 3041 2898 3028 3245 2132 2646 2800 2483 3725 2542 2319 2564 2205 2414 2506 2048 2440 3642 3893 3410 3194 3480 2942 
2506 2859 3113 3067 2955 2534 2574 2815 1959 2422 2375 2196 2091 2478 2579 2468 1932 2160 2146 2726 3135 4584 3599 3281 3305 
2720 2417 2793 3173 2674 2566 2499 2521 2554 2547 3501 2354 2136 2393 2157 2137 2005 2069 2002 2278 3443 5623 4521 4138 4244 
2829 2957 2975 2643 2739 2458 2318 2249 2242 2798 2372 2366 2115 2034 1488 1929 1689 2028 2134 2380 5139 4430 5340 5838 5212 
2334 2419 2719 2793 2347 2469 2210 1895 1954 2189 2256 2203 2232 1987 2221 1888 1792 1816 1787 2275 2690 3631 5125 4953 3866 
2593 2881 2209 2487 2209 2080 1761 1335 1768 1799 2018 2595 2066 1980 2224 1880 2052 1962 1753 1898 2413 4700 4802 5160 4244 
2002 2047 2302 1777 2048 2084 1863 1584 1208 1789 2069 2052 1669 2029 2516 1983 1769 1974 1877 2001 2392 5543 4021 3773 5117 
2287 2052 1823 2181 1984 2394 1302 3113 2123 1965 2542 919 1795 1936 2067 2088 1649 1972 1741 1541 2497 2853 3420 7856 3970 
1953 1717 1814 1955 2637 1557 1259 2329 1683 5751 3399 1534 1932 1714 1658 1801 1994 1919 3395 1258 2258 2332 3515 3062 4592 
2055 1844 1409 1716 3045 2089 2615 1920 1639 1845 1611 1750 1941 2058 1716 4629 1875 1829 1948 2772 1607 1923 4176 3279 4507 
1934 1533 1551 1624 1789 1859 2072 2118 1995 1939 2032 2288 1941 2269 2174 1998 2140 2140 1718 2061 2413 2159 3962 2823 3397 
1861 1942 1245 1739 1752 2218 2236 1911 2095 2177 2376 2522 2744 2356 2656 2371 1937 2520 2026 1527 2428 2599 2460 2882 3378 
2281 1555 1635 1863 2028 2435 2578 3160 6569 7086 3850 2140 2548 2815 2541 2360 2812 2069 1843 2933 2434 2204 2112 2450 2657 
1745 2017 2162 2072 2002 2733 3465 6749 8186 8425 7869 8416 8388 7441 3562 2676 2350 2062 2187 2364 2495 2248 1827 2320 3313 
1651 1899 2252 2396 2287 3343 6843 7384 6365 5851 5694 5416 5038 5724 6899 6964 3158 2924 2144 2667 2860 2445 2391 2037 2593 
