includes/gis/ASCII_5k/mod13q1_ndvi_2005_145.tif.txt
ncols         25
nrows         20
xllcorner     257482.3972
yllcorner     9670060.6647
cellsize      5000
NODATA_value  -9999
2001 3705 5723 2313 3460 4000 2019 2051 960 669 1125 4669 5202 2541 2566 1902 2887 4814 5107 4361 3312 2306 2355 2366 2643 
6362 5703 6060 3925 868 1971 1805 1746 3132 5408 3115 3839 1636 1812 2294 3701 2206 3846 2427 1112 3179 4564 2612 2736 845 
907 4297 4883 3271 1167 2547 4654 2769 4524 3915 2182 2982 3270 4042 -9999 3839 2888 2435 2322 2008 1686 3193 2971 3270 2228 
2544 3780 5510 3492 3993 1949 1768 3932 3917 5062 3292 4727 4072 3447 3802 1989 2202 2564 1783 2836 1506 3014 2978 1977 4252 
3244 5530 5049 5455 3280 5445 4167 4103 3277 3382 3424 3980 1205 3893 1432 1826 2730 1857 1680 2475 1055 4031 2396 1007 3565 
2186 3594 2556 5876 6521 3435 3159 3626 3781 2887 6208 3243 2515 2842 1702 2816 2639 2975 3288 3953 2880 3573 5083 2308 2347 
3743 4062 6093 4644 4852 4337 3809 3879 2793 3140 2621 2711 2966 2323 3518 743 3921 625 3664 3006 1063 5320 2443 3894 3872 
1814 2923 1300 5120 3479 2736 3495 1382 3084 2603 5407 3378 2627 2453 1568 1272 1343 1812 2418 4983 3004 828 6305 5862 3504 
3489 -9999 4355 2887 5819 2391 5552 2764 2888 2295 3603 968 934 1841 2447 1600 2384 2935 5665 3695 4253 1774 6254 7293 7346 
3531 3397 713 3749 4358 4250 4640 2849 4991 2820 2350 2966 2934 3275 2048 2133 2439 2381 3818 3408 3106 -9999 8447 7984 7278 
3865 1388 2963 4775 3379 3103 3289 1217 2737 4358 2030 2993 1281 2422 1305 2270 2604 2966 3128 2579 3304 6700 1435 3931 6624 
2563 3403 1661 6646 3866 2925 2491 2018 1084 2613 4178 2599 2825 1806 2220 1764 2412 2943 2577 3072 2957 5830 4053 4099 1850 
3521 2350 1184 2470 2996 2148 1635 3659 2880 1723 4642 1089 1099 711 1562 1589 1950 2842 2543 3007 5514 4307 3240 7404 6345 
2950 1825 2162 2787 5110 1985 1521 3230 3202 7530 4447 1898 2199 2498 -9999 1228 3269 2509 6769 1593 3506 4065 5313 3497 7504 
3113 3694 1865 2215 4211 2125 5064 2404 3210 4418 2139 3316 2679 2826 2320 6295 2145 2308 2458 5026 1915 1749 4314 3993 3532 
2510 2241 2502 2395 2241 2577 2332 4619 3808 5755 3080 4156 4078 4445 2951 2430 2163 2843 1670 2383 2590 2884 5563 3130 5651 
2437 2846 2173 3846 2493 3697 4240 4184 2112 3579 4059 5897 1916 1892 3334 1545 3150 3269 2122 2040 3244 2320 2498 3860 2360 
2876 2063 3375 4480 3919 2617 1929 2688 1006 2310 2397 1029 1993 975 1667 2331 3046 2429 3340 1688 2486 2483 1365 3155 4241 
2980 3228 3657 4252 4933 7880 4656 -9999 7340 5066 4173 5849 3021 5208 3224 3326 4010 3744 3524 2233 4431 2639 2263 3466 1502 
3914 3352 3921 3762 3660 6793 5240 3277 6083 5754 6026 6497 6526 7763 4999 6884 5266 3747 3580 2567 5464 1887 3990 1820 3232 
