includes/gis/ASCII_5k/mod13q1_ndvi_2009_049.tif.txt
ncols         25
nrows         20
xllcorner     257482.3972
yllcorner     9670060.6647
cellsize      5000
NODATA_value  -9999
2820 2818 2954 3262 3762 2563 3048 1728 1966 2207 2043 3462 3445 3913 1834 2184 2046 3217 4193 4052 2777 2600 2815 2485 2193 
2966 3134 2654 3551 3587 2462 2555 2287 1835 2304 2212 2870 3034 2686 1895 2468 2972 3019 3136 2909 2397 3182 2846 3383 3622 
3202 4168 2945 2354 3053 2618 3088 1920 2456 2044 1945 2276 2864 2737 2051 2203 2441 2903 3251 2610 4682 3394 2938 2966 3408 
3478 5243 2497 2813 2274 2574 2525 2343 2373 3008 2073 2172 2452 2066 1890 2332 2559 2208 2121 4471 2691 2370 2980 2218 3963 
3239 3173 2721 2667 2939 3074 2418 2279 2246 2552 2573 2634 2508 3329 1992 1980 2777 2295 1858 4081 3103 2963 2199 2656 3026 
2458 3094 2960 2756 2976 2931 2192 2262 2266 2413 2840 2607 2064 2476 1989 2208 2238 1653 2149 4261 4298 3533 2811 3136 2704 
2894 2857 2680 2880 2552 2162 2601 2316 2040 2104 2188 1872 2868 2748 2534 2091 2006 2142 2297 2945 3128 5158 2374 2728 4168 
2711 2213 2528 3231 2445 2270 2245 2168 2188 2228 2621 2341 2283 2039 1932 2144 1844 1703 1947 2187 4051 5475 5049 4218 5548 
2678 2479 2785 2547 2913 2041 2055 1678 1991 1996 2161 2108 1890 2145 2096 1701 1142 1972 2309 2560 4692 4191 4711 7447 6545 
3663 2276 2507 2452 2144 2312 2053 1756 1803 1849 1841 2062 2061 1938 1732 1441 2094 1960 1718 2417 4519 4007 6523 6872 4330 
3059 2631 2211 2382 2243 2086 1689 1137 1557 1684 1689 1639 2106 2079 2020 1760 2032 1954 1801 1940 2406 5544 5556 6371 7152 
2323 2321 2376 1769 1759 1380 1379 1278 1074 1608 1689 1592 1711 1918 2014 1739 1790 1964 1528 1692 2584 5064 5892 5953 6704 
2142 2149 1717 2101 1780 1349 1307 2486 1842 1288 1881 1043 1640 1659 2207 1896 1766 1896 1684 1552 3479 3985 5304 7581 6455 
1771 1437 1846 1821 2211 1667 1214 2202 1446 5143 2656 1527 1841 1658 1709 1545 2395 1984 3420 1239 2595 2985 4878 5436 5941 
2152 1752 1008 1604 3379 1950 2492 1669 1641 1648 1643 1669 2045 1890 1920 4605 2077 1674 1899 2468 1513 1448 4516 5058 1041 
1886 1517 1529 1394 1633 1660 1954 1940 1948 2123 2051 2520 2033 2512 2357 2515 2490 2294 1828 2286 2346 1865 3877 3406 3831 
1666 1475 1202 1957 1921 2236 2627 2323 2583 2385 2479 2975 3265 3000 2450 2924 2209 3193 2944 1248 2979 1683 2007 2770 4194 
1869 1384 1860 1965 2325 2226 2305 2085 5466 5957 3492 2006 2209 3381 2222 2105 2328 3120 3343 3509 2421 1956 1780 1905 2507 
1636 1752 1935 2378 2654 2707 2641 8642 8145 4760 7283 7973 8193 7459 4936 3431 2646 3766 3080 3654 3354 1702 1428 2895 3324 
1915 1960 2305 2729 2837 2967 8014 8517 5691 4726 5488 5050 5826 7096 8296 8030 4373 4916 3043 4992 4364 2119 2225 1691 2359 
