includes/gis/ASCII_5k/mod13q1_ndvi_2012_177.tif.txt
ncols         25
nrows         20
xllcorner     257482.3972
yllcorner     9670060.6647
cellsize      5000
NODATA_value  -9999
5986 5219 6242 6163 5430 5603 4773 3856 3747 5200 4865 5190 4500 5382 2758 3334 1785 3868 3442 4183 3228 2931 2736 2971 2836 
5534 5780 5406 5829 6052 5288 5493 4243 3319 5071 3679 4345 4385 3623 3191 1463 1815 4022 3056 3518 3054 3539 2842 3459 3318 
5962 5489 5873 4584 5411 4648 5206 4814 5039 3959 3796 3161 3623 3554 2842 2227 2598 2338 2635 2694 5256 3844 3168 3053 3362 
5742 6642 4310 3993 3316 4950 5209 5500 3727 4387 3629 3699 3926 2857 2474 2640 2506 2379 2788 5671 3332 2909 3157 3263 3652 
5570 4714 3852 3884 4107 6730 5677 5371 3448 4256 3451 2989 3539 4091 2343 2368 3021 2876 2895 5282 3912 3690 2886 3256 3450 
4288 5752 6214 3912 4063 5675 3986 4834 4814 3506 6258 2912 2986 2927 2256 2339 2748 2653 3397 5559 4920 4969 4189 1763 3566 
5813 5347 5918 5421 3760 4165 5867 4286 3348 2913 2823 3226 3110 3131 3068 3694 3284 3127 3611 4240 5406 6065 4411 3852 3835 
4736 4973 5698 5296 3192 4194 4374 4407 4328 4411 5248 3631 2798 3844 2571 3023 2681 3299 2730 3630 5170 6141 6361 4930 4661 
3886 4876 6226 4693 4414 3892 4307 3274 3675 5151 3979 3761 3706 3348 2353 2690 2324 3251 2786 2058 5567 6078 1495 4718 3834 
4804 3603 4279 3945 3511 2764 3281 3133 3569 3300 3714 3134 3056 2971 2862 2389 2609 2375 2437 2626 3554 5949 4210 5111 4973 
4146 4650 3039 3434 2968 2788 2922 1766 2673 2303 3058 4890 3426 2912 2653 2302 3131 2764 2041 2494 2786 5827 6638 3245 5990 
2581 2861 3083 2872 2901 2215 2144 2122 1078 1940 2422 2703 2965 3137 2748 2365 2319 2533 2611 2700 2826 5963 6146 4121 6091 
3608 2486 2043 2499 2245 2669 1382 2959 2818 1796 2601 1684 2197 2752 3099 2882 2365 1507 2476 1529 3349 2323 4478 6673 5322 
3356 2364 2177 2278 4040 1851 1524 2798 2480 6589 4288 2002 2616 2167 2373 2436 3297 2603 4710 1986 3208 3135 4288 4793 4271 
3306 2606 1593 1947 3523 2132 3318 2416 2137 2474 2398 2424 2690 3004 2129 5923 2190 762 2228 2830 1764 2206 5055 3261 5829 
2717 1769 2186 2178 2145 2659 3263 2712 3240 4230 2660 3354 2500 3023 2094 2381 2399 2773 2241 2730 2801 5556 2565 3541 3801 
2397 2609 1687 2406 2309 3589 3197 3379 3804 3613 4074 4724 4932 3449 1646 2642 2534 4085 3772 1766 3148 2507 1402 3138 1399 
2916 1638 2312 2623 2861 3763 4373 5234 8062 8136 7097 5453 5045 3483 1753 2794 3268 2788 2636 4081 2992 2261 1690 2854 3142 
1642 1842 2055 2417 2370 3261 7517 8780 8583 8511 8640 8798 8804 6797 5201 4475 3394 3456 2869 3352 2730 2014 2001 2412 4865 
2087 1917 2548 2488 2214 4594 7986 8597 5769 5360 5555 5783 6089 5467 4834 6895 4959 4231 3095 2754 3353 2588 2771 1769 3398 
