includes/gis/ASCII_5k/mod13q1_ndvi_2008_257.tif.txt
ncols         25
nrows         20
xllcorner     257482.3972
yllcorner     9670060.6647
cellsize      5000
NODATA_value  -9999
2584 2345 2918 2636 3073 2257 2905 1854 2045 2161 1951 2806 2721 2879 1935 2092 2008 2773 3052 2787 2554 2506 2662 2629 2569 
2396 2572 2308 2578 2805 2278 2662 2388 1546 2010 2134 2519 2663 2777 2265 2543 2370 2644 2618 2371 2990 2995 2839 3212 3556 
2754 3339 2876 2275 2548 2437 2264 1668 1993 1821 2180 2237 2425 2551 2374 2479 2211 2202 2869 2643 3747 3131 3102 2998 2884 
2868 3537 2365 2680 2200 2375 2493 2354 2072 2526 2044 2338 2658 2217 2089 2347 2822 2354 2244 4186 2685 2678 2612 2273 3106 
2613 2965 2588 2433 2778 2990 2198 2191 2225 2367 2473 2463 2448 2865 2135 1898 2491 2418 2070 3696 2760 2971 2302 2610 2705 
2309 2844 2780 2595 2651 2792 2148 2161 2102 2143 2674 2550 2169 2344 2117 2131 2328 2108 2289 3643 3502 3177 2466 2794 2644 
2521 2774 2772 2727 2286 2194 2265 2239 2058 2229 2262 2216 2511 2713 2457 2424 1999 2105 2253 2735 2686 4743 2565 2618 3267 
2728 2013 2452 2736 2213 2055 2017 2306 2175 2210 2532 2399 2287 2453 2059 2321 2163 1732 2155 2294 3739 4537 3948 3497 3901 
2470 2508 2461 2362 2700 1962 1977 1860 2137 2251 2349 2127 2548 2321 2103 1940 1840 1963 2411 2306 4734 3663 4780 5311 5220 
2708 2334 2492 2564 2071 2324 2143 2040 1871 1856 2053 2059 2025 2143 2177 1872 2081 1924 1896 2279 2953 3193 4396 4913 3929 
2553 2560 2118 2251 2055 2055 1748 1280 1698 1692 1626 1927 2093 2041 2104 1916 2072 2048 1846 2050 2359 4437 3218 4345 4195 
2295 2070 2036 1624 1714 1553 1503 1267 988 1645 1521 1731 1792 1767 2069 1896 1872 2099 1784 1891 2332 5388 3625 3205 4590 
2102 2030 1935 2061 1899 1552 1280 2607 1720 1434 1885 1142 1902 1536 1752 1992 1795 2023 1820 1583 2589 2827 3537 7972 3441 
2020 1670 1852 1862 2226 1430 1354 1990 1313 4493 2374 1598 1867 1671 1733 1708 2134 1915 2998 1250 2259 2379 3563 2902 4244 
2106 1848 1395 1542 2526 2050 2335 1670 1381 1460 1526 1563 1981 1702 1666 4565 1899 1743 1581 2681 1546 1650 4026 2842 4060 
2033 1517 1384 1540 1532 1595 1835 1763 1843 1901 1787 2265 1759 1968 2071 1880 2204 2062 1555 1776 2327 1929 3772 2498 2858 
1416 1643 1285 2004 1819 2062 1797 2243 1987 2090 2314 2546 2438 2541 2262 2192 1924 2559 2203 1561 1869 1553 1727 2622 3870 
1676 1443 1699 2084 2246 2412 2385 2347 5745 6050 3378 1754 1853 2531 2246 2047 2551 2000 1520 2788 1985 1391 2137 2128 2264 
1264 1547 1817 2202 2006 2493 3751 8444 7500 7414 7590 7901 7976 6507 2832 2349 2112 1894 2305 2314 2203 1760 1678 1983 3210 
1917 1797 2148 2443 2288 2863 7444 7998 3566 4625 4410 4485 4450 6824 6231 6152 2957 2909 2042 2436 2598 2162 2393 2042 2215 
