includes/gis/ASCII_5k/mod13q1_ndvi_2005_225.tif.txt
ncols         25
nrows         20
xllcorner     257482.3972
yllcorner     9670060.6647
cellsize      5000
NODATA_value  -9999
2725 2474 3357 2994 3174 2605 3330 1703 2137 1909 2029 2833 2869 2899 1404 1542 1817 2733 2591 2609 2371 2323 2225 2043 2089 
2298 2607 2535 3069 3136 2464 2777 2338 1821 2148 2124 2581 2547 2545 1794 2399 2568 2660 2505 2347 2103 2814 2156 3079 3356 
2804 3460 3118 2203 2590 2422 2410 1973 2534 2059 1838 2107 2395 2459 2013 2313 2061 1938 2147 2240 3789 2807 2616 2944 2964 
3281 4264 2955 2611 2227 2421 2373 2646 2348 3134 2214 2285 2415 2118 2103 1972 2108 1873 1849 4108 2383 2237 2601 2140 3035 
2752 3535 3143 2892 3072 4480 2371 2470 2290 2509 2433 2476 2300 2882 2009 1949 2287 2091 1777 3495 2375 3092 2102 2480 2424 
2316 2906 3238 2941 3219 3082 2277 2229 2390 2357 3415 2365 2030 2076 1870 1956 2269 1953 2257 3309 3467 2863 3156 2342 2257 
2637 2959 3443 3099 2525 2372 2396 2381 2063 2304 2158 2134 2208 2176 2153 2299 2103 2109 2191 2611 2639 4523 2006 2552 2842 
2521 2314 2879 2852 2599 2454 2326 2320 2388 2310 3203 2262 2081 2310 2057 2234 1930 1684 2111 2252 3968 5022 4097 3531 3937 
2284 2808 3046 2639 3224 2227 2212 1961 1938 2248 2067 1823 2206 2234 1953 1973 1778 1925 2413 2422 4986 3692 4798 5510 5153 
2737 2200 2764 2678 2505 2860 2505 2072 2178 1929 1921 1971 1952 2059 1973 1848 2085 1866 1977 2208 3128 3735 5600 5417 4442 
2546 2669 2122 2564 2287 2161 1993 1238 1944 1945 1787 2043 1902 1902 2005 1864 2050 1961 1843 1988 2360 4562 4292 5320 5020 
2148 2107 2222 1896 2280 1841 1668 1545 1124 1799 1688 1739 1862 1696 1937 1731 1791 2065 1748 1832 2340 5537 5026 3623 4693 
2391 1898 1690 2086 2043 1634 1501 2827 2128 1447 2334 1062 1756 1663 1876 1871 1725 2031 1899 1639 2671 2759 3579 7677 3940 
2173 1620 1893 2048 2389 1644 1394 2261 1632 5407 3183 1678 1944 1610 1560 1504 2231 1798 2866 1424 2245 2133 3373 3470 4562 
2214 2027 1422 1645 3199 1885 2464 1865 2008 1799 1731 2000 2126 1940 1819 4372 1718 1681 1825 2359 1576 1563 3987 3232 3906 
2115 1695 1737 1736 1870 1844 2377 2099 2201 2340 2033 2464 2096 2290 1869 1965 2343 2103 1882 1949 2061 1826 3826 2462 2945 
1788 1814 1454 2115 2001 2307 2515 2929 2948 2914 2736 2969 2847 2643 2212 2289 1954 2408 2232 1550 2012 1824 2040 2673 3995 
2030 1474 2229 2301 2656 2680 3218 3413 7121 7228 4106 3569 2940 2412 2148 1773 1958 1976 2081 2861 1962 1621 1922 2304 2529 
2062 1953 2326 2315 2328 3012 4228 8441 6381 7971 8100 8448 8374 6418 3011 2612 2199 1916 2046 2657 2659 1877 1693 2284 3569 
2451 2244 2598 2566 2301 3526 7675 8092 5386 4420 6302 5804 5529 7016 5296 5792 2476 2395 2273 2595 2769 2299 2416 1874 2395 
