includes/gis/ASCII_5k/mod13q1_ndvi_2009_289.tif.txt
ncols         25
nrows         20
xllcorner     257482.3972
yllcorner     9670060.6647
cellsize      5000
NODATA_value  -9999
3237 3138 3583 2745 3839 1775 3714 1427 2439 2335 2047 2697 3603 2304 1609 1903 1394 1700 2739 3464 2483 2849 3141 2555 2174 
3573 3088 2369 2675 2924 2105 2756 2311 2045 2420 2054 2420 2611 2575 1942 843 2600 2811 2835 2837 2716 3566 2710 4331 4577 
3500 5289 3255 2319 2834 2332 2673 1673 2602 1878 2054 1567 2541 2646 1957 1282 2136 1977 2825 2855 4715 3808 3445 3194 3879 
3472 5626 2974 3107 2762 3404 3284 2349 2185 2921 2066 1885 2509 1501 2209 2184 1797 1880 2458 4436 2931 2330 2936 2258 3624 
3408 3144 4213 2815 3082 3329 2158 2165 2044 2295 2450 2623 2434 2754 1783 1826 2141 1772 1718 3525 2502 2702 1977 2375 2692 
2257 2736 2460 2945 3223 4129 1990 1941 1983 2102 2383 2371 1981 2256 1826 1959 2387 1583 1095 3355 3561 2807 2119 2409 2160 
2217 2994 2514 1638 1966 2770 2346 3010 1924 2055 1903 1879 2206 2230 2113 2091 1865 2070 2066 2581 2363 3494 1914 2337 2395 
2297 2171 2188 2661 2229 2236 2344 2077 2154 2085 2273 2133 2001 2163 1917 2131 1766 1629 1997 2200 2817 4736 4056 3434 3757 
2135 3074 2369 2339 3093 1794 1832 1772 2007 2019 1253 1810 2237 1939 1710 1737 1625 1854 2299 2619 4685 3507 4512 5303 5031 
2534 2702 1275 2006 1195 1886 1753 1694 1583 1713 1690 1825 1801 1803 1826 1803 1955 1660 1494 2007 3504 3812 5208 5902 3893 
2444 2255 2045 1453 1514 1940 1568 1039 1447 1389 1491 1721 1709 1717 1754 1664 1882 1758 1443 1772 2238 4645 4224 4084 3474 
1307 1695 1883 1690 1686 1385 1106 1161 913 1358 1358 1449 1620 1597 1647 1458 1533 1729 1353 1497 2000 5730 3226 3910 4104 
2041 1927 1657 1758 1776 1387 1179 1850 1604 1104 1674 862 1467 1381 1556 1514 1495 1701 1530 1407 2879 3145 3331 7192 4449 
1994 1479 1839 1611 2181 1483 1182 1678 1292 4745 2138 1434 1526 1472 1398 1310 1744 1563 2696 1087 2118 2435 4065 4382 5568 
1883 1831 1526 1414 2689 1848 2223 1275 1322 863 1387 1378 1879 1758 1832 3455 1733 1563 1577 1849 1559 1233 3975 3271 5244 
1738 1373 1315 1740 502 1715 1989 1960 2011 1820 1750 2068 1677 2110 1773 1822 1953 1786 1707 1756 1951 1550 3224 2646 3421 
1414 943 1269 2163 2122 2188 4628 2537 1971 2788 2226 2373 2508 2425 1873 2196 1780 3340 2647 1288 2338 1488 1730 2455 3785 
1686 1429 1249 1727 1387 1029 1107 1254 1540 4243 2891 1481 1457 2112 1830 1627 1844 1677 1859 4356 2245 1327 1659 2515 3000 
1706 1641 1083 2002 1183 2715 270 1519 728 1531 4466 7326 7786 6192 2555 2064 1865 1707 2236 2927 3908 1944 1977 2619 4907 
1661 888 2069 2215 1243 331 88 1099 572 218 949 2453 4687 6445 5764 6218 2091 2392 2409 2981 2542 2396 3038 2135 2792 
