includes/gis/ASCII_5k/mod13q1_ndvi_2014_033.tif.txt
ncols         25
nrows         20
xllcorner     257482.3972
yllcorner     9670060.6647
cellsize      5000
NODATA_value  -9999
4632 5227 5666 5502 5981 4782 4312 3112 3174 3705 2939 4359 4004 3793 2749 3305 3697 4321 4625 3896 3265 3576 3212 3323 3097 
4834 5500 5195 5010 5447 4142 3839 3880 2776 4277 2985 3034 3520 3016 2960 3560 4420 3835 3725 3121 3144 3380 3316 3984 3948 
4832 5268 3387 4605 5008 4142 3708 3607 3643 2648 2775 2700 3261 3453 3250 3125 3781 3038 3587 3199 4654 3960 3264 3713 3807 
5554 5802 4183 4968 3581 4837 3461 4079 3295 3113 2821 3313 3077 2835 2856 3444 3589 2428 2575 5632 3436 3299 4098 3781 5187 
5292 4565 4570 4321 4142 5694 3906 3140 2465 2875 3382 3266 3383 3898 3076 2872 3272 2857 2929 5288 3824 4037 3760 5049 4907 
3991 5188 4961 4473 4112 4293 4300 3255 2907 2751 4711 3029 2823 2952 2401 2663 3340 2767 3015 5261 5533 6033 4391 4502 4017 
4143 4951 5903 5441 4545 3569 4471 3075 2587 2828 3145 3630 3092 3489 3349 2584 2664 3211 3007 4449 5029 6449 3632 4485 4724 
4998 4237 5236 5450 3485 3487 3574 3701 2978 3539 5151 3427 3185 2700 2400 3041 2906 3376 2503 2947 5513 5949 5501 4907 7654 
4225 3809 4516 4124 3382 3079 3079 2362 3100 4148 3934 2984 3797 3853 2231 2134 2117 2409 2627 2979 5752 3307 5472 7111 6883 
4331 3970 4133 3896 2580 2716 3464 3208 3806 3973 3993 2899 3304 3170 2646 2516 2757 2905 2018 2608 3760 5477 6495 7026 6948 
3770 4304 3438 3057 3084 2287 2398 1772 3032 3463 3674 3124 3741 3087 2882 2205 2619 2524 2604 2280 2872 5435 6473 7312 7317 
2893 3209 3510 2540 2160 1836 2084 1619 1144 2631 2528 2733 2312 2502 3418 3516 2980 3486 2463 2613 3017 7403 5819 7073 7085 
3885 3102 2597 2748 2216 1932 1520 2711 2876 2143 2594 1557 2235 2260 2676 2336 2327 2562 2048 2068 3819 4082 5406 7994 7315 
3451 1876 2232 2116 3905 1797 1423 2368 1976 5698 4009 1776 2464 2341 2434 2719 3233 3364 5290 1692 3585 3084 5524 5048 7049 
2543 2426 1373 1646 3534 2152 2685 2208 1875 2358 2316 3022 2888 3530 3346 6843 2631 2217 2504 4020 2163 2012 5169 5326 6204 
2502 1539 1927 1628 2062 2292 2530 2748 3125 2914 2635 4040 3686 3794 3924 3183 3382 2601 2101 2301 2675 2535 5228 4342 5110 
2203 2251 1418 2090 2357 3383 4049 3618 4210 4260 4658 4854 5510 4561 3990 3866 3203 3822 2811 1933 3150 2388 2936 3335 3983 
3032 1470 2000 2334 3034 3488 3739 4385 8052 7723 5592 4666 5029 5721 3688 3498 4221 3604 2744 3422 2774 2501 2394 2781 3101 
1673 2140 2252 2844 2516 4916 4341 8690 8181 7843 5170 8014 6058 7387 6269 4917 4534 4776 3795 3680 2980 2674 2039 2727 3787 
3278 2843 3231 3705 2772 4784 6297 8553 5064 4185 3883 4852 5289 6267 4757 7262 6015 5703 4565 4153 3546 2573 3031 2603 3060 
