includes/gis/ASCII_5k/mod13q1_ndvi_2003_049.tif.txt
ncols         25
nrows         20
xllcorner     257482.3972
yllcorner     9670060.6647
cellsize      5000
NODATA_value  -9999
4897 4343 5856 4504 5586 4603 5519 3747 3848 3486 2828 4276 4811 4906 2867 3326 3353 3745 4031 4008 3372 3584 3749 3538 3244 
4496 4460 5014 4652 4736 3859 3908 3625 2566 3729 3114 3747 4768 3282 2871 3294 3403 3622 3293 3899 3140 3954 4052 5373 4867 
3830 6168 4203 3478 4210 4134 4221 3570 3301 3245 3086 2632 3338 3706 3698 2827 2872 2723 2996 3293 5059 4790 5595 5973 5357 
5066 6020 3406 4391 3725 3807 3847 4141 3438 3872 2879 2891 3112 2456 2768 2548 2770 2737 2639 5728 4341 4904 4902 3191 4336 
4911 5603 4366 4776 3823 4918 3947 3857 3053 3217 3342 3310 2927 3408 3008 2712 3022 2748 2468 4785 3900 4469 3328 4317 5283 
3844 4154 4479 4952 3896 3461 3505 3420 3413 3307 5980 3188 2775 2744 2449 2760 2821 2446 2550 4633 5996 3968 4164 5692 5440 
4499 4656 4886 4775 3749 3385 3254 3120 3065 2818 2810 3084 3133 2809 2673 2541 2716 2580 2643 3528 4070 6774 4554 4638 4765 
5294 3769 4277 4768 3138 3497 2726 3704 3272 3138 4958 3018 3329 3170 2320 2441 2524 2328 2596 3268 4917 6195 7276 7100 7581 
3920 4010 3866 3383 4264 2919 3337 2784 3831 3736 2983 2885 3951 3332 2427 2332 2046 2172 2680 2458 5747 5691 6022 7896 7013 
4700 3239 3182 2936 3718 3318 2905 2618 2831 3036 2580 3197 3300 3569 3030 2313 2498 2081 2102 2383 4015 5092 8054 7959 6885 
3513 4537 3298 3213 2995 2631 2179 1715 2650 3094 2628 3540 3591 2740 2802 2329 2552 2732 2158 2218 3176 6349 6959 7792 7478 
3435 3632 3671 2732 3129 2005 1928 2481 1252 2375 2402 3693 2665 2767 3217 2366 2385 3276 2062 1994 3100 7262 6478 7485 7762 
4822 3664 2916 3132 2594 2887 1456 3705 3235 2021 3483 2236 2268 2148 3137 2457 2287 2444 2657 1892 3263 4486 5169 8712 7625 
2553 2000 2458 2666 3702 1743 1342 2772 1788 7134 6107 1718 2780 2253 2565 2856 2893 2264 4520 1573 3515 3219 5618 5308 8196 
2823 2619 1635 1837 3357 2725 3979 2404 2043 2364 2541 2630 2694 2616 2219 7077 2358 2814 2430 4225 1811 1919 5956 5061 6484 
2449 1904 1855 2007 2382 2456 2891 3710 3343 3495 2783 3723 2650 2857 2913 2645 3063 2900 2134 2613 2921 2943 5731 3973 5391 
2188 2290 1857 3173 2717 3435 3925 3783 4909 5165 4209 4448 5533 4372 3585 2994 2913 3498 2827 2110 2642 2767 3004 3471 4703 
2733 2227 3041 2802 3676 3673 4224 3718 8455 8415 6586 4757 5128 5230 3628 3419 2613 3525 3037 3898 3136 2488 3016 2746 3158 
2922 2483 3608 3653 3498 4518 3305 8887 8725 8652 8424 8941 9142 7486 7020 5057 5425 4661 3703 4151 3927 2706 2246 2851 5073 
3778 3534 3172 3381 3461 3508 8662 8684 5621 4973 5238 5665 5562 7372 3195 7207 5487 5541 4981 4965 4324 4291 3291 2659 3225 
