includes/gis/ASCII_5k/mod13q1_ndvi_2005_033.tif.txt
ncols         25
nrows         20
xllcorner     257482.3972
yllcorner     9670060.6647
cellsize      5000
NODATA_value  -9999
3785 3908 4642 3682 4102 3328 3861 2343 2815 2398 2902 3929 3698 3194 1681 2044 1899 2974 3479 3556 2733 2789 3000 2964 2472 
3395 3793 4029 3404 3373 2612 3069 2339 2674 2998 2740 2917 3009 2608 2084 2488 3740 3564 3395 2976 2494 3295 2814 4181 4365 
3151 4962 4105 2024 2687 2640 2723 2063 3049 2932 2756 2078 2649 2570 2345 2418 2155 2358 2987 2795 4527 3557 3696 3424 3746 
3648 5896 3152 2962 2376 2621 2844 3231 2635 3422 2382 2336 2742 2210 2865 2617 2733 2338 2444 5751 3637 2518 3286 2529 3783 
3078 4086 3522 2999 3522 3584 3502 2857 2666 2807 2521 2531 2672 3409 1927 2747 3892 3248 2332 5872 2974 3991 2378 3069 3545 
3042 4578 4862 4164 3462 4210 3261 3085 3073 2514 3481 2364 2020 2527 2036 2770 3005 2649 3099 5202 4583 3715 4005 3277 3498 
4128 4540 5700 4070 2842 3344 2525 2886 2709 2817 2484 2233 2713 2896 3078 2789 2777 3039 3043 3472 3941 6306 3768 3961 3836 
3396 3762 3776 4427 3523 2358 2502 2647 2442 2364 2587 2360 3039 3066 2450 3082 2286 2039 2584 2943 5099 6112 5767 5450 7378 
3209 3800 3162 2769 4054 2204 2481 2522 2506 2499 2342 2198 3050 3147 2660 2221 2254 1952 2771 3423 5617 5511 5307 7650 6312 
4002 2532 2721 2335 2567 2516 2161 1844 2078 2446 2108 2248 2343 2430 2618 2167 2540 1946 2439 3068 5386 5325 7113 7090 6654 
3198 3250 2400 2684 2224 2031 1888 1153 1738 1950 1986 2032 2130 2563 3011 2240 2927 1994 1984 2818 3289 5962 6203 7624 7685 
3069 3471 2986 1950 1852 1745 1521 1312 982 1737 2093 1972 1651 2494 2556 1940 1892 2100 1682 2365 3372 7223 6648 7249 7445 
3947 3134 2476 3205 1870 1689 1194 2983 2080 1546 2409 1019 1733 1769 2497 2039 2182 2433 1471 1648 3938 4609 5374 8640 7094 
2346 1986 2116 2441 2042 1474 1196 2789 1424 6407 3951 1811 2143 1674 1869 1807 2758 2089 3166 1260 3798 3252 5926 5528 7228 
2097 2118 1492 1715 3159 2162 2759 2061 1568 1859 1890 1832 2254 2764 2010 6408 2284 1938 2141 3425 1783 1672 5712 5482 6533 
1854 1581 1550 1603 1945 1960 1990 1966 1957 2349 2424 2990 2479 3226 2286 2659 2886 2516 2119 2217 2625 2735 5703 4072 4711 
1638 1607 1298 1985 2221 2397 2455 2636 2864 2571 3882 3789 4550 4294 3518 3558 3161 3347 2864 1864 2206 3099 2860 3774 4605 
1940 1562 1898 2508 3115 2978 3375 5350 7846 8231 5375 4699 3774 4893 3932 3279 4554 3200 2783 3271 2282 2462 2700 2703 4731 
2706 2725 2567 2392 2415 2935 2877 8701 8589 8376 8326 8610 8835 7741 7002 5591 4633 4168 4329 3748 4659 3093 2746 2945 4829 
2018 2389 3005 2849 2598 3207 7730 8249 5437 5090 5233 5863 4768 7241 6114 7798 6012 5528 5115 4151 5113 3354 3137 3127 3386 
