includes/gis/ASCII_5k/mod13q1_ndvi_2001_097.tif.txt
ncols         25
nrows         20
xllcorner     257482.3972
yllcorner     9670060.6647
cellsize      5000
NODATA_value  -9999
8088 6713 7464 6380 4326 6930 7803 2074 6168 4822 4014 6269 4821 5503 4971 6821 5160 8417 8241 8019 4443 6644 7242 4350 6466 
7424 7234 6374 6069 8483 6661 7997 6627 5621 5875 2672 5896 5196 5274 6908 5896 2440 7191 6434 7820 6754 7579 6566 6353 4424 
6642 7659 -9999 5482 7620 5222 7393 5961 6803 5855 7143 4821 3825 4475 6762 6092 7040 4281 7131 6510 7777 8546 6670 6303 4087 
6925 8487 4945 6105 6507 3970 4652 5667 6894 7239 6874 6138 6314 6082 2305 5231 3423 4868 5236 8369 6399 6497 7756 -9999 6308 
7185 7613 6539 5044 6185 5901 3154 5817 5171 6019 6713 7226 6615 5645 5117 2340 5829 6196 1428 7287 6150 -9999 5092 5722 7279 
6653 7325 4412 4971 4082 4321 5949 6834 2712 6554 7796 8166 5558 5946 5255 2803 3420 4761 5435 5963 5186 6257 7720 7120 5665 
6759 4365 5316 6902 7563 6261 4179 2980 4052 4694 4940 5951 5897 5366 4203 4419 3755 2115 1200 -9999 4269 7511 7182 5113 3273 
2514 6983 1379 6612 -9999 6208 -9999 3501 3711 899 7458 6875 7434 3622 2313 3737 2221 3150 2969 3278 2858 5120 7885 6993 8143 
6981 4419 6554 6216 4576 6808 2680 3329 4437 5063 6720 5150 6556 5783 4171 5700 2757 5301 5345 5458 1217 3459 3439 7411 8066 
4316 6565 5815 5467 2634 5006 4592 4517 3417 5049 6338 7370 6324 5407 5316 3813 4386 3309 4402 6161 7321 4544 4965 7566 7894 
6925 7446 1876 2235 5137 3927 4591 2425 4716 6984 5616 6388 6826 6412 4775 5213 4882 4138 5484 5397 6158 4967 7818 6759 8553 
6718 7296 5412 2194 2729 1989 2341 3508 1934 4738 2175 3969 4862 5903 6545 3188 4168 5730 4096 4249 5133 8136 2477 7585 7869 
8086 6623 3674 3468 3041 3017 1277 5455 4388 2818 5490 4649 5832 3768 5091 4743 4068 5370 5098 3853 7303 6198 7169 4430 5265 
7146 5658 5575 4570 3751 2417 1690 6739 3372 8026 5956 2458 5112 3965 4716 4913 5980 6201 8006 3935 7185 7377 7937 6022 6230 
6371 6245 2901 4134 5783 3115 5228 4319 3707 4113 3797 5585 5420 6072 4998 8190 3343 5576 5604 7944 5741 6058 7412 7534 7525 
4072 3895 3051 3451 4208 4366 3434 5659 6151 5289 6081 4200 5945 6346 6617 4437 5859 5947 4890 5926 6112 6708 7589 4293 7429 
3680 3359 4318 5562 4664 7255 3588 5557 3000 7963 6892 6729 6689 6617 6927 6673 6042 6782 6496 5224 7493 6301 4815 3251 1929 
5125 3783 3272 2436 2108 1641 5336 1570 2505 5915 3567 6118 6313 6701 6553 5739 6805 6247 5163 6810 7395 3270 6272 5170 5107 
-9999 5288 3979 4703 4604 5788 434 2948 779 412 1051 4133 9381 8067 6109 5185 6389 6750 7204 6532 3858 5385 2010 4542 6747 
8057 7302 -9999 7129 6289 531 599 1460 6586 423 282 1969 6473 8100 8026 7671 6043 5767 5933 6270 7257 7014 5730 4770 3801 
