includes/gis/ASCII_5k/mod13q1_ndvi_2008_081.tif.txt
ncols         25
nrows         20
xllcorner     257482.3972
yllcorner     9670060.6647
cellsize      5000
NODATA_value  -9999
5991 5499 5136 7567 3971 4391 5270 3060 2825 2098 1952 5228 5331 5568 3185 4066 787 4732 5515 4612 3565 3886 4483 3783 3146 
5307 5650 6066 5048 3639 4314 4241 3910 2976 4435 3671 3970 4685 3383 3689 3861 4379 4081 4110 4480 4090 4509 3676 6229 6867 
4949 6812 6461 4968 5132 4898 5470 2432 3150 2723 3272 3401 4707 4184 2858 2748 2870 3251 4787 3964 5587 4739 5564 5577 6076 
5685 4072 3903 4114 4719 2889 3313 3393 2883 3262 3294 4611 3982 4640 3609 3115 4337 3743 3333 5884 3926 4591 3281 3231 5645 
5301 3240 4660 4452 4369 4446 3182 2510 2334 2647 4009 4878 3241 3918 2875 2780 3741 3301 2707 5407 4037 5326 3540 4634 5064 
4283 4428 4148 4404 4684 3966 2821 2430 2364 2816 3325 3290 2709 3292 2647 3460 2997 2158 3366 4100 3782 5894 3778 4922 5094 
4790 6031 5528 5240 4632 2639 2791 2384 2290 2491 2749 2614 3364 3178 3219 4573 4447 4765 3412 4157 4698 7156 4764 4773 5800 
6483 5696 4315 6040 4054 2762 2464 2617 2574 2584 3873 2985 3210 5232 2261 3079 3783 3450 3274 5393 4360 8400 7046 6842 7778 
5227 3744 4366 5799 5132 2244 2528 2372 2829 2922 3196 3206 3744 3971 4416 2911 2987 4005 4694 4665 5948 5280 5509 6566 7559 
5454 3843 3388 3694 2916 3321 2980 2234 2376 3062 4246 2535 2970 5140 3268 2869 3522 3816 3120 4787 6779 6063 6403 7291 7940 
5056 3959 3283 3759 3304 2570 2706 1650 1945 5258 3691 2502 3070 4583 3491 3898 3881 5407 2470 3740 4026 5723 7116 7547 7394 
3785 4494 4316 2864 3143 2111 1777 1405 850 2628 1817 3326 3453 2462 3647 4897 3098 4590 1786 3940 3886 6093 6700 7158 7311 
3683 4772 3276 4066 2561 1949 1775 3274 2539 2444 2227 1321 1994 2164 2435 2662 2795 4100 3642 1971 6490 6461 6084 7977 7215 
4490 3708 3591 2044 3659 1903 1680 2354 1829 6791 4226 2112 3051 3318 2345 4149 4253 3851 5319 1498 6102 5448 7006 1669 3899 
4959 3957 2072 2051 3093 2559 2949 2034 2048 2005 2139 2169 2974 3275 3050 7759 3821 2929 4383 2819 3323 2608 6490 6270 4281 
3208 2610 1720 1765 1942 2246 2824 2725 2655 2786 3456 3818 5645 4875 4438 3833 4891 3048 2932 4700 3362 2303 4616 3443 5021 
2313 2232 3200 3511 2886 2812 5166 3740 3522 3487 3407 4629 5899 5324 5443 6200 3420 4427 4807 2724 2993 2275 2798 3555 4459 
5106 3821 3264 3396 4745 1559 2370 3239 7856 7782 5063 5124 5330 5842 5595 5069 6099 3852 3993 4033 3806 3009 2668 2609 3615 
4070 3187 4105 5483 3890 4247 4827 7892 9090 8794 8486 8797 8395 8044 6481 4776 5195 5672 5612 4140 4774 2076 2195 3552 4890 
5925 5401 5129 6184 4388 3022 3636 4621 5572 2083 4056 5629 6177 7343 8120 8171 5701 6196 5399 5022 3783 2741 3048 2708 2502 
