includes/gis/ASCII_5k/mod13q1_ndvi_2014_193.tif.txt
ncols         25
nrows         20
xllcorner     257482.3972
yllcorner     9670060.6647
cellsize      5000
NODATA_value  -9999
2918 2950 3548 3469 4303 3189 3282 2198 2424 2525 2626 3082 3270 3064 1819 2351 2272 2851 2726 3143 2796 2905 2760 2867 2654 
2826 2934 2759 3223 3451 2807 3000 2862 2179 2961 2738 2593 2666 2828 2045 2395 2602 2937 2683 2564 2651 3188 2894 3162 3126 
3114 3341 3153 2665 3053 3187 2892 2691 2864 2421 2120 2214 2647 2713 2457 2341 2390 2201 2626 2582 4031 3307 3257 3103 3096 
3173 4163 3040 2926 2557 2954 3123 3256 2743 3104 2438 2406 2498 2214 2139 2324 2583 2158 2174 4614 2893 2580 3138 2755 3065 
2968 3094 3024 2884 3022 3648 3182 2986 2506 2657 2591 2499 2617 2837 2183 2215 2505 2440 2483 1660 3261 3847 2793 3144 3621 
2638 3368 2971 3060 3004 3150 2603 2806 2873 2653 3605 2663 2286 2241 2061 2091 2453 1992 2159 1978 4253 3403 3412 3260 3075 
2633 3368 4142 3929 2779 2562 2965 2554 2257 2252 2427 2448 2496 2679 2649 2347 2269 2245 2305 1674 3591 4902 2652 3167 3595 
2622 2493 3294 3644 3112 2769 2597 2848 2513 2347 3534 2573 2240 2612 2086 2395 2227 2252 2296 2461 2037 3447 3625 3294 3569 
2732 2913 2944 2779 3412 2416 2433 2197 2412 2409 2478 2240 2694 2499 2143 2075 2011 2223 2328 2487 3051 2443 2339 5619 5082 
2978 2545 2862 2779 2476 2771 2440 2327 2335 2264 2196 2338 2197 1985 2184 2087 1999 2237 2000 2405 2735 2303 4220 5443 4037 
2869 3230 2391 2689 2446 2299 1922 1463 2145 2094 1976 2411 2476 2479 2654 2053 2404 2509 2176 2258 2339 4804 2306 5557 4754 
2270 2227 2284 2191 2219 1816 1905 1792 1194 1918 2101 1932 2082 2539 2486 2254 2175 2423 2137 2386 2701 5470 5231 5104 5354 
2670 2182 1963 2217 2065 1764 1314 2957 2535 1652 2579 1375 2167 1831 1995 1106 2039 2236 1854 1950 2706 2850 4421 7496 5342 
2211 1829 1933 2064 2480 1582 1651 2203 1709 6076 3196 1680 2124 2008 1774 1856 1855 2043 4111 1408 2235 2298 4117 4932 6044 
2234 1835 1458 1680 3280 2065 2985 2014 1816 1916 1828 1985 2121 2198 2456 4030 2068 1874 1861 3330 1561 1754 4438 4703 5765 
2139 1563 1727 1662 1864 2046 2603 2511 2730 2695 2141 2754 2342 2166 2436 2446 2520 2160 1784 2109 2401 2274 4531 3787 4504 
2004 1977 1321 2548 2152 2634 2765 2947 3048 2982 2855 2915 3395 3325 2716 3046 2069 2710 2202 1602 2749 2327 2462 3006 3914 
2310 1549 1952 2245 2485 2919 1907 3360 7605 7644 5363 3793 3736 3226 2555 3057 2323 2535 2236 2904 2321 2027 2109 2320 2747 
1799 1795 2320 2313 2504 4172 6638 1801 8404 8343 7774 3442 5723 3347 4301 3575 3759 3402 2797 2934 2856 2143 1668 2260 3383 
2253 2272 2870 2567 2768 5052 8025 8530 5551 3233 5514 5978 6189 7794 4909 5095 4435 3738 2592 3121 2881 2226 2352 1815 2871 
