includes/gis/ASCII_5k/mod13q1_ndvi_2016_289.tif.txt
ncols         25
nrows         20
xllcorner     257482.3972
yllcorner     9670060.6647
cellsize      5000
NODATA_value  -9999
2597 2425 2969 2768 3020 2727 3048 1981 2101 2144 1760 2066 2348 2524 1361 1291 1634 2292 2253 2497 2127 2292 2152 1975 1929 
2339 2561 2412 2913 2692 2237 2657 2399 1595 2150 1824 2159 2401 2455 1643 2258 2280 2499 2301 2043 2092 2519 2047 2260 2497 
2733 2839 2886 2331 2704 2458 2286 1797 2079 1760 1839 1871 2311 2358 1876 1759 1752 1940 2083 1974 3357 2599 2284 2302 2510 
2784 3353 2976 2572 2351 2410 2502 2629 2215 2621 2099 2082 2298 1940 1937 2010 2297 1720 1885 3783 2107 1996 2211 2131 2647 
2394 2583 2563 2478 2508 3458 2562 2244 2335 2627 2515 2467 2325 2601 1705 1688 2240 1944 1852 3224 2141 2567 1727 2438 2176 
2333 2458 2255 2515 2465 2536 2230 2389 2258 2323 2453 2590 2052 2102 1821 1840 2227 1758 1984 3460 2968 2591 1852 2037 2227 
2227 2813 2954 2614 2199 2134 2219 2225 1983 2154 2417 2170 2438 2247 2341 2093 1818 2084 2192 2580 2563 3716 1915 2270 2519 
2383 2591 2644 2690 2204 2098 1986 2316 2252 2288 2011 2067 2099 2308 1990 2185 1647 1531 1890 2079 3135 4946 3726 2836 3390 
2435 2619 2496 2180 2526 2138 1915 1799 1885 2045 2009 1952 2181 1990 1781 1745 1544 1892 1997 2009 4004 2839 4302 4659 3963 
2774 2275 2462 2525 2028 2111 2071 1866 1858 1782 1917 2101 1992 2017 1957 1741 1954 1915 1694 1932 2626 3139 4362 3970 3807 
2565 2833 2111 2257 2048 1978 1706 1260 1859 1793 1677 1891 1903 2077 2010 1716 1945 1837 1672 1704 2014 4064 3633 4147 4032 
2108 2083 2126 1591 1774 1468 1523 1381 1043 1718 1609 1638 1922 1919 1849 1855 1681 1964 1599 1752 1980 4819 3564 3085 4610 
2189 2004 1818 1955 1914 1540 1185 2190 1844 1448 2000 967 1593 1638 1664 1753 1530 2266 1590 1467 2256 2670 2952 7212 4109 
2129 1785 1658 1723 2345 1377 1154 2079 1378 5162 2496 1476 1597 1661 1412 1535 1843 1555 2659 1024 2127 2045 3137 2816 5340 
2060 1902 1320 1602 2466 1918 2213 1557 1435 1573 1522 1595 1802 1708 2508 4095 1837 1587 1600 2032 1399 1379 3423 2451 4688 
1961 1521 1695 1424 1601 1812 1883 1924 2068 2022 1736 2062 1803 2044 1722 1861 2000 1704 1523 1595 1910 1783 3449 2053 2613 
1697 1813 1226 1983 1814 2266 2378 2146 2173 2181 2356 2325 2284 2448 2428 2052 1589 2105 1945 1192 2220 1815 1837 2388 3532 
2011 1215 1746 1839 2146 2285 2407 2737 6331 6417 3731 2019 1733 2282 1969 1688 1822 1696 1910 2620 2002 1722 1730 2158 2381 
1129 1635 1767 2232 2059 2220 3147 8210 6999 7927 7756 7966 8351 4849 2665 1994 1921 2011 1854 2300 2482 1688 1429 1945 2735 
1573 1763 2010 2226 2056 2389 5437 7329 1787 2678 1331 2595 6037 7120 6718 4226 2195 2621 1451 2355 2488 2007 2112 1730 2055 
