includes/gis/ASCII_5k/mod13q1_ndvi_2015_049.tif.txt
ncols         25
nrows         20
xllcorner     257482.3972
yllcorner     9670060.6647
cellsize      5000
NODATA_value  -9999
3794 3541 4577 3324 4591 3609 4454 2541 3441 2327 2139 2720 2815 2799 1378 1564 1756 3108 3299 3952 2237 2360 2514 2533 2419 
3082 4294 3633 3900 3543 3410 4233 3810 3018 3008 2366 2525 2766 2874 1886 2480 2485 3242 2965 2598 2467 3353 2651 2999 3266 
3385 4195 4227 2956 3816 3380 2760 3314 3105 2046 2108 2191 3348 3319 2186 1952 1763 2481 3142 2962 4764 3690 2743 2486 2861 
4065 5445 3027 2761 2520 2723 2799 4269 2590 3185 2213 2721 3004 2418 2887 2778 2759 2351 2815 5856 3046 2407 2569 2321 2854 
3328 3269 3233 2525 3011 4064 3130 3304 2375 2597 2514 3391 2772 3136 2162 2376 3761 2915 2485 5490 3417 3708 2633 2743 3099 
2618 3590 2628 2646 2661 3882 3325 3035 2796 2426 3169 3048 2737 3021 2456 2973 3346 2374 3000 5160 5186 3563 2466 2517 2548 
2565 3862 3833 3070 2462 3212 3188 2406 2200 2168 2174 2460 2939 4096 3489 3033 3393 4089 2867 3938 3743 4802 2137 2530 2990 
2612 2530 2963 3444 2469 2764 3115 2710 2246 2214 3209 2231 3136 3075 1986 2364 2572 2993 2356 3777 4659 5359 4464 3467 4159 
2893 3024 2725 2212 2997 2800 2681 2134 2047 2289 2809 2262 2519 2279 2175 2179 1855 2409 3552 4370 5367 4511 5495 6506 4618 
3547 2858 2783 2549 2552 2830 2123 2072 1989 2068 2301 2443 2310 2321 2089 2097 2380 2212 2543 3716 5213 5294 5731 6195 4773 
3116 3283 2083 2286 2435 2482 1676 1359 1894 1808 1899 2080 2156 2244 2157 2030 2438 2623 2893 3137 3848 6070 5896 6429 5632 
2552 2469 2308 1625 1716 1706 1719 1387 1002 1752 1645 1716 1957 2227 2130 1898 2003 3129 2162 1922 3307 6683 5469 6549 6931 
3019 3010 1961 2404 1703 1688 1405 2485 2279 1906 3267 1218 1529 1779 2225 2182 2029 3294 2783 1663 5346 5075 5123 7873 6374 
2609 2065 2341 2245 2221 1542 1368 2108 1519 6403 3322 1611 2210 1797 1842 2395 3434 2697 4787 1678 4509 4119 6337 5360 6459 
2627 2322 1537 1759 3096 2022 2546 1791 1665 1726 1790 1979 2055 2188 3296 5921 2329 2364 2960 3139 1799 1945 5377 4150 6143 
2442 1706 2252 1676 2084 2045 2167 2840 2338 2148 2142 2576 2046 3093 2546 2501 2446 2488 1741 2355 2456 2274 5077 4061 4250 
2387 2555 1667 2714 2391 3720 3212 2691 3133 3079 3472 3548 3828 2980 3223 2975 2202 3072 2385 1768 3759 2438 3391 4364 4217 
3395 2468 2821 2627 3453 3686 3520 3026 7405 7658 4565 3227 3559 3615 2885 3096 3380 2788 2181 3358 2362 2151 2421 3109 4673 
2213 2522 3192 3816 4109 3596 4291 8989 7942 8036 8220 8561 8624 6275 5650 4674 3928 3647 2798 3203 3961 2813 2067 2527 5067 
2752 3080 3106 3057 2835 4434 7705 8771 5297 4599 4963 5646 6047 7456 8356 7699 4690 4076 3133 3433 3815 3172 3334 1964 3010 
