includes/gis/ASCII_5k/mod13q1_ndvi_2003_145.tif.txt
ncols         25
nrows         20
xllcorner     257482.3972
yllcorner     9670060.6647
cellsize      5000
NODATA_value  -9999
7662 7319 7392 7895 7541 7525 6696 6476 6970 6749 2699 7119 7978 4881 6088 7172 6781 5601 5577 4869 5022 4920 5829 4619 7059 
7979 7966 7696 7610 7751 7679 7874 7618 6383 7215 7439 7543 8243 6790 6444 6266 5877 5495 5098 5671 5299 4399 5880 6676 7523 
7651 8144 7679 7507 7843 7897 7475 7156 6548 7660 6852 7211 7324 6983 5265 6418 4731 4122 5143 5891 6646 4198 5640 6325 6360 
5900 8112 7911 8137 7620 7807 7643 6936 6547 7682 6929 7739 7022 4762 3954 6719 2617 5324 4119 7508 4696 4359 5602 5139 7419 
7796 7940 7602 7725 7734 8175 7895 7473 5949 7272 7299 7495 7112 6600 6658 5305 4808 6825 4186 7029 5201 5856 5052 6090 7027 
7030 7702 8025 7577 8260 7515 7015 5431 7420 7356 8281 7765 5786 5974 5865 6196 5281 3981 6619 7357 6976 6675 7526 7131 7093 
7416 7602 7414 7380 7863 7268 4999 6740 6144 5474 5848 6911 6940 5526 4951 5083 4757 4239 5729 6369 6606 7530 7551 7081 6706 
7852 7788 7529 7840 7557 7004 6811 6761 6002 3711 7552 6432 6812 6074 4115 5191 3762 3299 4426 6580 7111 5323 7938 8260 7860 
7359 7412 7430 7820 7550 7480 7169 6246 5595 4542 3732 5481 6393 4357 2977 2341 2715 860 4982 5171 6319 5272 5561 7859 7830 
7475 7430 7564 6935 6972 5335 6801 6579 5563 4929 3385 5345 4820 3981 3416 2732 2873 2825 5456 4994 7200 6918 8328 7774 7833 
7018 8168 7122 6762 6558 5973 6129 2009 5481 4818 5060 5083 4517 3231 3372 3215 3013 3791 3727 3886 4980 6684 7509 7261 7642 
6238 7234 6500 5180 4791 6068 4675 2518 1115 3495 2967 4754 2806 2622 3458 3456 2771 3333 3932 3186 5416 7091 7423 7320 6901 
7204 7041 4718 6075 6549 6138 1224 5095 4578 2422 4430 2510 3150 3865 3306 4273 3689 3677 4236 2872 5756 6698 6547 8272 7064 
6147 5942 4782 4637 5158 2999 1819 7910 4866 7973 5208 1956 3484 4038 2730 6120 4533 1918 7268 2235 5671 5488 7667 6845 7596 
4916 4684 3727 3994 3583 3664 6795 7013 7179 6792 2998 3555 3423 3365 2519 7503 3510 3458 4095 5484 4662 3256 6244 6500 7497 
4953 4400 3509 3918 4652 3836 6657 7371 7187 5838 6068 4929 3832 4910 4388 3532 2808 5214 3884 4895 5083 4958 6953 6273 7109 
4597 4368 3761 6795 6170 4425 5640 6734 6739 4058 3652 5694 6135 5642 4565 4604 3758 5819 3855 2343 5658 5744 6483 6500 5772 
5693 4559 5955 6527 7328 7107 3178 7600 5559 5728 3082 8196 7497 2775 4923 6130 7441 5562 5332 5645 5757 4889 6639 5822 6029 
5850 5967 6588 6892 7171 7602 4306 1125 8472 3284 8497 1392 -9999 7240 6775 6690 7514 6664 6494 6422 6954 5380 4132 6888 6908 
6430 5553 5820 6109 7205 7747 3088 2003 5345 6317 6680 7308 7125 7282 4859 7625 6837 6736 6380 6336 6673 5552 5510 5864 5048 
