includes/gis/ASCII_5k/mod13q1_ndvi_2013_225.tif.txt
ncols         25
nrows         20
xllcorner     257482.3972
yllcorner     9670060.6647
cellsize      5000
NODATA_value  -9999
3816 3463 4388 3466 4450 3212 3097 2267 2594 2482 2344 3010 3551 3331 2163 2707 2284 2836 2838 2937 2518 2620 2268 2115 2125 
2910 3226 3325 3826 2318 2791 2784 2508 1983 2608 2401 2513 3023 2982 2332 2556 2761 3189 2683 2566 2807 2996 2280 2563 2681 
3728 3019 3332 2099 2517 2210 2880 2542 2596 2374 2388 2051 2821 2704 2659 2469 2380 2034 2602 2716 3815 2957 2660 2554 2515 
3535 4189 3510 3340 2656 1915 2819 2980 2439 2879 2209 2627 2745 2158 2318 2478 2981 2213 2271 4329 2352 2400 2739 2294 2820 
3744 3684 3775 3356 2595 2412 1928 2933 1959 2921 2348 2869 3093 3139 2367 2219 2614 2383 2481 3811 3067 3274 2144 2627 2826 
2562 3377 2994 3175 2653 3089 2541 3046 2723 2697 4090 2585 1962 2561 2172 2257 2366 2138 2587 4067 4016 3153 2503 2871 2659 
3442 3770 3354 4132 2933 3053 1707 2467 2242 2320 2371 2479 2721 2835 2564 2756 2185 2222 2270 2986 3139 4795 2881 3142 3142 
3015 3172 4143 4249 2867 2069 2812 2294 2457 2506 3599 2723 2281 2871 1271 2599 2294 2225 2023 2356 3657 5652 3766 3642 4104 
2607 2871 3010 2596 2611 2621 1036 2476 2360 2949 2539 2474 2834 2699 2163 2166 2034 2183 2372 2338 5164 3935 5228 5811 3994 
3056 2449 2914 2963 2583 3084 2892 3659 2631 2226 2311 2347 2534 2393 2153 1967 2007 2329 1997 2321 2743 3419 4821 5659 4353 
2869 3026 2080 2454 2132 1648 2086 1619 2057 2029 1939 2462 2353 2433 2181 1929 2186 2073 1917 2012 2560 4741 4882 6031 4495 
2486 2189 2294 1876 2111 1799 1763 1401 1014 1986 1940 1970 2046 2211 2124 1885 1804 1521 1996 2165 2418 5915 3411 3820 5711 
2534 2179 1956 2058 2052 1865 1274 2372 2469 1599 2260 1215 1931 2007 2049 1984 1790 2163 1791 1651 2665 2832 2961 7698 3729 
2200 1830 1851 1866 2887 1520 1495 2213 1687 5782 3280 1802 1977 1682 1756 2108 2402 1723 3720 1244 2321 2145 2381 3698 4777 
2286 1846 1444 1618 3174 2117 2707 1816 1819 2041 1814 1928 2061 2114 1947 4979 2046 1677 1759 2886 1674 1716 4001 3806 5240 
2077 1560 1722 1722 1807 1964 2240 1991 2316 2442 2129 2328 2165 2318 2332 2092 2312 2223 1695 1925 2165 2183 2469 3032 3721 
1766 1970 1253 1990 2049 2451 3032 1882 2950 2894 3278 3186 2908 3201 2557 2734 1943 2678 2156 1943 2574 2217 2908 3138 4102 
2130 1247 1857 2030 2490 2747 3464 1665 1619 4692 4240 3747 3210 2553 2291 2215 2367 2170 1973 2974 2371 1934 2191 2448 2849 
1346 1485 1860 2199 2253 3517 4869 8191 8370 8360 5719 2943 8141 5561 3255 2974 2832 2313 2591 2555 2819 2087 1923 2576 3406 
1571 1580 2073 2262 2374 4040 6707 8229 5781 4711 2890 1978 5853 7151 7767 6307 3369 3246 2812 2941 2679 1610 2609 2189 2619 
