includes/gis/ASCII_5k/mod13q1_ndvi_2013_257.tif.txt
ncols         25
nrows         20
xllcorner     257482.3972
yllcorner     9670060.6647
cellsize      5000
NODATA_value  -9999
3048 2922 3516 3132 3384 2631 2863 1945 2322 2152 2400 2610 2945 2952 1790 2136 1880 2542 2410 2535 2251 2396 2127 2017 1975 
2583 2854 2726 2957 2889 2462 2659 2404 1732 2231 2007 2331 2564 2599 2101 2219 2359 2774 2299 2303 2378 2782 2165 2493 2614 
2864 2877 2916 2469 3004 2792 2669 2056 2197 1945 2026 2061 2500 2639 2402 2132 2109 2113 2345 2547 3657 2711 2481 2436 2494 
3200 3855 2991 2780 2572 2760 2855 2519 2383 2614 2092 2475 2556 2168 2131 2308 2583 1947 2062 4033 2532 2159 2591 2218 2722 
3026 3020 2807 2561 2673 3450 2789 2619 2317 2557 2673 2579 2487 2867 2269 2098 2533 2144 2209 3601 2541 2800 2033 2537 2858 
2469 3196 2713 2778 2805 3050 2585 2565 2483 2489 3191 2744 2219 2290 2036 2148 2292 2140 2350 3520 3612 2846 2317 2588 2491 
2758 3146 2949 3072 2325 2366 2745 2395 2082 2175 2235 2201 2488 2379 2536 2537 2304 2170 2191 2655 2675 4257 2463 2768 2962 
2594 2609 2768 2950 2383 2379 2008 2483 2248 2384 3062 2230 2257 2411 2023 2305 2104 2001 2029 2214 3249 4893 4044 3457 3966 
2491 2774 2619 2587 2900 2248 2238 2095 2066 2373 2206 2172 2543 2423 1959 1997 1888 2074 2351 2341 5119 3497 4679 5125 4311 
2835 2472 2625 2460 2303 2598 2379 2249 2268 1975 2140 2161 2274 2180 2035 1912 1884 2022 1983 2162 2631 2784 4432 4998 4014 
2679 2791 2063 2418 2099 2136 1846 1424 2098 1931 1819 2172 2069 2135 2010 1788 2064 1949 1846 1878 2411 4219 3102 5191 4420 
2106 2037 2174 1635 1963 1714 1687 1545 972 1819 1792 1744 1924 1958 1909 1737 1677 2134 1769 1964 2365 5303 3699 3325 4955 
2460 2163 1814 1963 1956 1846 1379 2506 2182 1570 2027 1173 1815 1724 1857 1712 1657 2007 1653 1456 2362 2636 3053 7727 3911 
2188 1808 1863 1893 2630 1475 1322 2197 1679 5318 2837 1682 1911 1645 1543 1852 2119 1832 3603 1203 2188 2222 3351 2821 4757 
2261 1885 1372 1721 2726 1875 2466 1654 1596 1806 1618 1624 1894 1837 1901 4442 1840 1549 1574 2399 1483 1550 4162 3086 3673 
2041 1615 1485 1660 1779 1824 2080 1909 1879 2207 1821 2143 1847 2192 2058 1930 2085 2001 1515 1749 2183 1914 3662 2577 2466 
1917 2047 1261 1872 1869 2355 2445 2365 2576 2510 2698 2657 2630 2542 2352 2227 1690 2386 2097 1398 2342 2003 2060 2694 3866 
2119 1375 1914 1921 2301 2439 2670 2658 6628 7068 4353 2381 2154 2508 1908 1882 2087 1850 1940 2785 2126 1792 1948 2254 2520 
1459 1635 1928 2317 2095 2690 3364 8172 6308 7695 7677 7848 7808 5541 2863 2340 2123 1931 2179 2339 2461 1848 1533 2070 3313 
1626 1560 2005 2253 2200 3306 6531 7557 4842 4284 4842 4840 4714 6362 7428 5816 3032 2945 2098 2589 2568 2272 2320 1847 2475 
