includes/gis/ASCII_5k/mod13q1_ndvi_2017_193.tif.txt
ncols         25
nrows         20
xllcorner     257482.3972
yllcorner     9670060.6647
cellsize      5000
NODATA_value  -9999
2672 2583 3662 3525 4061 2822 2827 1901 2241 2114 2305 2902 3369 3487 1737 1550 2622 3006 2724 2788 2459 2568 2935 2763 2580 
2681 2821 2584 3050 3694 2498 2991 2842 1979 2718 2554 2594 2750 2653 1929 2640 3046 3570 2925 2381 2429 3048 2740 2798 2679 
3117 3428 3084 2684 3254 2613 2693 2007 2435 2037 1661 2032 2463 2532 2129 1140 2383 2138 2416 2406 4073 2979 2719 2846 2484 
3269 4365 3207 2755 2664 2734 2963 2887 2345 2663 2203 2168 2454 1938 1772 2104 2088 2028 2378 3203 2439 2958 2811 2311 2956 
3120 3289 3112 2974 3076 3507 2647 2365 2463 2527 2474 2312 2240 2744 2099 1998 2114 1636 858 3705 2625 3461 2451 2796 2897 
2599 2847 2410 2863 2915 2562 2335 2462 2346 2455 2859 2502 2359 2250 2261 2267 2426 2245 2639 3246 2128 3610 2771 2659 2996 
2639 2972 3454 2904 2631 2521 2886 2412 2299 2380 2285 2354 2116 2318 2483 1347 2109 2790 2874 3342 2207 5458 2582 2806 3379 
2425 2518 2784 3044 2545 2433 2624 2724 2580 2184 3161 2426 2449 1956 2376 2158 1708 2006 2423 3956 1740 6927 4695 4002 3358 
2350 3070 2999 2552 3344 2194 2251 2126 1736 2430 2121 1970 2437 2220 2140 2052 1815 2103 2343 2791 5492 2275 1721 5260 6031 
2701 2304 2751 3382 2647 1608 2699 2103 1700 1992 2172 1923 1859 2097 2382 1944 2188 2133 1763 2580 3611 5559 2335 4830 5181 
2610 3195 2433 2772 2465 2476 1765 1364 1814 1503 1751 1965 1965 2082 1877 1599 2478 2101 1660 2236 2884 5451 5189 6373 6387 
2128 2213 2302 1764 1914 1574 1555 1413 1233 1765 1658 1767 1808 2016 2061 1897 1920 2138 1743 2084 2515 6049 5776 6350 6535 
2196 2137 2046 2164 1969 1601 1317 2223 1902 1559 1957 1353 1707 1789 2036 1835 1773 2121 1773 1700 2925 3881 4951 7841 5437 
2042 1528 1748 1995 2834 1473 1307 1897 1476 5665 2873 1757 1998 1831 1572 1708 2016 2051 3037 1567 2532 2684 4632 4467 6200 
1910 1843 1356 1775 3274 1963 2354 1923 1775 1697 1662 1481 2006 1926 2185 4425 1893 1736 1956 3122 1698 1742 4997 5245 6716 
1853 1362 1626 1785 1810 2150 2430 2394 2346 1944 1869 2460 1858 2577 1928 2008 2318 2043 1847 1777 2352 2159 4013 3544 4840 
1978 1986 1188 2167 1985 2850 2502 2954 2485 2498 2906 3020 3008 2956 2409 2427 1900 2410 2125 1404 2798 2128 2802 3173 4137 
2381 1318 1891 2305 2660 3003 3922 4101 1114 887 4294 3571 2814 2772 2061 2005 2120 2140 2174 3062 2485 2122 2092 2629 3150 
1071 1653 1989 2131 2538 3139 4689 5928 1962 950 3510 8206 7847 6925 3392 3267 2276 2774 2535 2758 2633 1832 1694 2576 4079 
1835 1930 2460 2851 2538 5063 8137 8537 5919 5155 5945 5182 7058 7536 8417 5572 3102 3059 2301 2968 2847 2528 2691 2131 2694 
