includes/gis/ASCII_5k/mod13q1_ndvi_2007_289.tif.txt
ncols         25
nrows         20
xllcorner     257482.3972
yllcorner     9670060.6647
cellsize      5000
NODATA_value  -9999
2786 2599 3178 3365 3642 3148 3882 2280 2308 2459 2229 2968 3440 3085 2180 2345 2224 2798 4069 3036 2668 2707 2577 2279 2349 
2607 2791 2547 3478 3642 2907 3018 2538 1923 2323 2239 2691 4054 2678 2390 2552 2660 3099 3107 2700 2815 3360 2661 3319 3920 
2833 3669 3211 2541 2945 2870 3033 2236 2590 2299 2320 2481 2905 3089 2519 2404 2763 2279 3139 3010 3816 3319 3384 3343 3402 
2949 3630 2929 3153 2514 2801 2696 2727 2522 3034 2463 2481 2891 2567 2409 2449 2822 2738 2415 4434 3296 2869 3265 2688 2982 
2754 3326 2977 2926 3053 3417 2460 2450 2257 2608 2697 2730 2632 3021 2254 2312 2928 2586 2322 3944 2918 3062 2698 3079 3095 
2529 2413 3160 2834 2935 2775 2319 2341 2542 2250 3073 2657 2199 2269 1993 2174 2584 1827 2282 3918 4071 3340 2679 3170 2819 
2644 3207 3126 2833 2663 2360 2544 2269 2303 2281 2206 2328 2444 2467 2408 2567 2208 2383 2210 3278 2893 5015 2798 2847 2858 
2885 2820 2483 3070 2447 2309 2236 2316 2178 2236 2772 2638 2393 2428 2174 2350 2127 1903 1952 2989 3848 5079 4167 3373 4006 
2474 1869 2128 2541 2971 2142 2193 2179 2169 2287 2394 2316 2601 2395 2095 1976 1798 2021 2382 2849 -9999 4047 5260 5070 4924 
2904 2360 2686 2589 2373 2419 2019 1834 1891 2064 2014 2258 2411 2243 2074 1978 1982 2006 1768 2373 2806 4059 4429 5141 3936 
2782 2781 2354 2470 2215 2097 1729 1051 1687 1672 1749 2215 2189 2278 2199 1980 2101 1984 1862 2077 2229 3288 4116 5275 3839 
2351 2493 2457 2030 2102 1767 1641 1469 1088 1761 1657 1887 2089 2086 2136 1860 1836 2117 1870 1818 2235 6056 4070 3563 4963 
2822 2337 1976 2301 1975 1767 1286 2704 1848 1524 2193 1146 1878 2057 2231 2115 1956 2049 1920 1922 2909 3887 4025 7619 4341 
2307 1957 2013 2055 2282 1689 1223 2373 1466 5587 2232 1489 1921 1880 1814 2174 2316 1917 2944 1312 2539 2860 4948 3685 5629 
2242 1940 1339 1609 3453 2310 2799 1774 1659 2017 1966 1967 2135 2147 2018 4683 1911 1715 1839 2412 1793 1636 4635 3552 5979 
2032 1790 1694 1578 1752 2032 2409 2113 2238 2519 2205 2643 2221 2392 2277 2165 2187 2074 1926 2101 2253 2122 4443 2611 3532 
1764 1761 1162 2172 1927 2422 3460 2432 2662 2452 2584 2879 2844 2831 2409 2494 1966 2406 2250 1716 2339 1999 2286 2891 4335 
1826 2317 1599 2077 1627 1781 4017 2229 2974 7433 3766 2168 2148 2810 2358 2031 2267 2116 2135 2755 2012 1790 1944 2456 3089 
2325 2269 1971 2547 2189 4214 1036 265 3104 4384 8280 8652 8508 6085 3054 2108 2199 2157 2218 2887 2767 1833 1588 2717 3756 
1783 1864 3123 2573 2670 1489 1525 3353 6307 3371 751 5722 5497 6676 4575 6393 2475 3156 2013 2358 2784 2202 2477 1981 2611 
