includes/gis/ASCII_5k/mod13q1_ndvi_2005_161.tif.txt
ncols         25
nrows         20
xllcorner     257482.3972
yllcorner     9670060.6647
cellsize      5000
NODATA_value  -9999
4012 4106 5107 5407 5409 4192 4576 2136 3130 2546 2585 3747 4366 5167 2159 2781 2421 4419 3963 3477 3207 2758 2363 2038 2334 
3818 4646 5134 5336 4921 3496 3666 2924 2661 3930 2617 3395 4161 2991 2100 3365 4206 3455 3624 2709 2448 3497 2404 3710 4073 
4824 6166 6028 4063 4437 4276 3430 2537 3508 2739 2284 2519 3204 2878 2411 3655 2634 2283 2993 2564 4919 3466 3146 3333 3390 
5977 7499 5943 4529 4493 4306 3435 4822 3499 4724 2908 3443 3360 2644 2810 3138 2857 2386 1463 5307 2883 2618 3012 2520 3927 
4839 6333 5376 5299 4724 6759 3755 4088 3521 4304 3106 3905 2846 3788 2076 2638 3563 2451 1877 5052 3467 4023 2416 3333 2955 
3446 5118 5715 4679 5517 4744 3768 3006 3622 3824 6008 4118 2912 2485 2066 2441 3175 2653 2694 4481 3886 3178 4049 2615 2805 
4217 5218 5391 4680 4574 3496 3323 3440 3250 3573 2869 2774 2851 2611 2928 3796 3367 2611 2851 3370 2964 5335 2145 3375 3773 
4281 3272 5167 5142 3905 3822 3291 2991 3853 2689 4649 2781 3013 3663 2306 2413 2567 1798 2460 3021 5270 5881 4780 5071 6096 
3106 3532 4001 4632 5423 3196 3968 2536 3379 3941 3645 2169 2798 3252 2273 2319 1882 2799 3824 3337 5654 4614 5100 6679 6905 
4170 2531 3427 4528 4263 4404 4328 2688 4163 2846 2558 2647 2832 2784 2123 1952 2568 2418 3385 2729 4166 4994 7189 7661 6742 
3248 3318 2799 3803 3260 3178 2975 1264 3245 2990 2115 2828 2154 2076 2364 2143 2681 2547 2894 2492 2761 6000 7090 7033 6428 
2473 2390 2946 2663 3627 2439 2517 2053 1238 2685 2412 2276 2263 2063 2049 1776 2318 2681 2237 2644 3235 6539 7366 7080 5799 
3387 2415 2246 2863 2387 1807 1557 3505 2993 1979 3974 1354 2049 1826 2027 1913 1929 2328 2235 2265 3866 4294 5213 8518 6268 
2638 2003 2434 2536 4391 1792 1369 3316 2731 7618 4320 2291 2134 1939 1795 1693 2738 2215 4905 1319 2595 3135 4759 5878 7550 
2851 2855 1932 2155 3628 2430 4264 2776 4428 3189 2014 2411 2557 2560 2101 5861 1972 1832 2242 4048 1652 1598 4437 5945 4979 
2599 2121 2441 2174 2743 2393 4791 5124 5997 5856 3653 2641 3098 3272 2248 2412 2725 2438 2121 2214 2281 2160 3573 2681 4049 
2103 2289 2304 3397 3011 4161 5327 6612 6243 3669 4871 4067 2871 3829 2655 2646 2315 2783 2728 1861 2619 2213 2145 3102 1352 
2438 1806 2999 4234 5403 5655 7396 6054 2324 3093 983 5818 6540 3964 3046 1996 2668 2219 2485 4141 2547 2113 1875 3107 3201 
2561 2911 3349 3719 4543 7427 8500 7949 8117 2403 767 1121 3396 4851 5323 3877 3212 2804 2814 4100 3613 2511 1955 3129 -9999 
3775 2905 3770 3337 3272 6293 8720 8257 5819 5688 6135 6871 5871 7270 5446 7462 3923 4135 3657 4105 4507 2832 3003 2311 3559 
