includes/gis/ASCII_5k/mod13q1_ndvi_2010_193.tif.txt
ncols         25
nrows         20
xllcorner     257482.3972
yllcorner     9670060.6647
cellsize      5000
NODATA_value  -9999
4221 3863 5089 4114 4097 3598 4133 3077 3295 3224 3359 3529 3429 4381 2977 4071 3100 3968 4121 3207 2944 3279 3176 2782 2551 
4008 4521 4583 3921 4203 3355 3600 3616 2515 3336 3040 3395 4137 3920 2891 3474 3643 3813 3334 3279 4046 3547 3192 3911 3507 
3428 5011 4202 3562 4338 4169 3448 2668 3558 3155 3179 2682 3043 3562 3367 3395 2625 2821 3116 3140 3963 3490 3322 3546 3301 
3369 3719 4626 4515 4012 4015 3499 3181 2802 3786 2676 2852 3155 3489 2909 3338 3521 4647 2724 4820 3338 2781 3212 2802 3525 
3311 4202 5070 4402 3619 5855 3448 3365 2450 2721 2977 3164 3147 4345 2670 2620 3227 2811 2599 4236 3346 3450 2773 3247 3440 
3196 3611 3725 3565 3976 3715 2513 3162 3277 2529 2710 1930 2660 3032 2356 2513 2621 2092 2652 3873 4789 3665 3877 4276 3561 
3252 3816 4181 3980 3416 2846 2971 2929 2241 2605 2630 2855 2522 2962 2671 2641 2134 2308 2393 2606 3217 5463 4217 4300 3675 
3329 2992 2611 4121 3507 2883 2671 2602 3138 2144 2272 2434 2343 2789 2395 2430 2343 2400 2179 2729 4833 5959 4654 4713 4178 
3364 3464 1195 2911 3738 2726 2672 2308 2279 2890 2355 2315 2252 2204 2187 2095 1718 2245 2442 2616 5456 5384 5066 6507 5148 
2578 2069 2937 3038 2908 2756 2578 2225 2174 2356 2347 2262 2440 2215 2313 1821 1934 2082 2144 2563 3182 4890 5183 5274 4643 
2762 2508 2205 2455 2281 2358 1976 1535 1944 1902 2313 2740 2215 2287 2275 2164 2323 2047 1982 2140 2916 5115 5444 6292 5421 
2115 2164 2506 1830 2309 2132 2154 1668 1182 1825 2407 2338 1960 2390 2808 2389 1933 2223 2161 2219 2813 6428 6134 5538 6242 
2428 2105 1958 1415 2118 2565 1401 3035 2361 2154 2911 1266 1945 2433 2609 1873 1754 2045 1867 1759 2890 3268 4547 7978 5018 
2020 1831 1826 1126 2393 1712 1403 2540 1960 5867 3609 1708 2422 2002 1953 2135 2381 2160 4073 1448 2554 2422 4145 4837 5246 
2099 1873 1421 1764 2838 1929 3065 2285 1916 2284 1841 2168 2040 2330 2072 4662 2001 1808 1821 2954 1914 2126 4988 4391 5813 
1960 1587 1751 1783 2183 2287 2275 2510 2472 2422 2412 2890 2411 2611 2698 2241 2435 2457 1780 2141 2608 2458 4360 3767 5364 
1948 2317 1383 2026 2099 2397 2942 920 2867 2986 3120 3140 3056 3193 3106 2701 2126 2765 2491 1742 2856 3222 2905 3648 4493 
2247 1572 1869 2128 2488 2816 1902 2001 7680 8147 6205 2626 3468 3859 2373 2816 3332 2331 2069 3040 2477 2784 2528 2466 3096 
1814 2082 2029 2445 2229 2484 1866 2609 3417 6787 1395 3744 2326 4696 4676 3698 3264 2705 2490 2802 2783 2476 2006 3087 3693 
1883 2242 2377 2673 3030 5174 7094 4127 6223 5909 5971 5256 5394 4344 8256 7851 4668 3776 3140 3106 3082 2624 2480 2390 3032 
