includes/gis/ASCII_5k/mod13q1_ndvi_2000_161.tif.txt
ncols         25
nrows         20
xllcorner     257482.3972
yllcorner     9670060.6647
cellsize      5000
NODATA_value  -9999
3467 2669 3998 3363 2666 2771 3998 2137 2004 2804 2118 3718 3834 4473 1544 2573 1168 2753 3556 3428 3137 2973 3316 2514 3046 
2993 3073 2513 3247 3916 2910 3063 2924 2288 2972 2793 3781 3466 2246 1942 2847 3221 3630 2963 3741 3311 3626 3914 4075 3335 
3676 4022 3317 2516 2815 2861 2706 1756 3095 2544 2749 1828 2584 2985 2671 2339 2840 2993 3127 3092 4725 2977 2704 5134 3321 
3897 4901 2996 2945 2511 2971 2882 2787 2632 4010 2931 2794 2797 2055 2738 2699 2892 2497 2584 4499 3408 3589 3221 3633 4277 
3656 4001 3557 3187 3475 2830 2816 2510 2546 2900 3070 3158 2853 3755 2389 1938 2935 3161 2830 4934 3327 4237 3972 4450 4868 
2900 4303 5350 3445 3137 3493 2380 2436 2669 2640 3349 2716 2513 2581 2311 2642 2135 2841 3744 5143 4789 4163 4635 4404 4675 
3992 4502 4343 4075 2711 2462 2441 2420 2074 2104 1736 2530 2899 2641 2316 2233 2502 1435 3057 3424 2895 5874 3545 4416 4788 
3361 3161 2214 4409 2771 2172 2222 2554 2473 2131 1683 2565 2676 2005 2572 2610 2361 1326 2658 3025 4965 4239 5926 5346 5308 
3714 2688 3827 3397 3954 2048 2271 1950 2088 2002 2400 2114 2932 3057 2534 2339 2156 2044 2296 3089 6592 4586 5027 6413 5867 
3305 2482 2726 2519 2649 2442 2235 2019 2030 2036 2025 2073 2405 2180 1861 2116 2424 2781 2361 2816 4504 3467 6668 5684 5463 
3443 2782 3122 2878 2721 2279 1777 1380 1936 1897 1777 2154 1844 2906 3144 2313 2700 2548 2099 2609 3362 5461 5518 6335 5638 
2881 2539 2902 2029 1986 1565 1639 1905 1187 1705 1676 1909 1897 2339 2123 1838 2224 3131 2222 2410 3349 6875 6212 4724 5557 
613 2043 1957 2795 1997 1692 1150 3709 2142 1698 2240 1160 1829 1963 2420 2358 2095 2271 2357 1881 2919 2954 5054 8047 5233 
2367 1728 1744 1606 2014 1621 1358 2223 1666 5777 3334 1958 1954 1918 1908 2154 3058 2346 4280 1797 3010 3218 3956 5202 7720 
2147 1833 1493 1332 3272 2292 2561 1767 1720 1878 1877 1818 2473 2507 1854 5762 2209 2244 2221 3168 2119 2102 5041 2661 5646 
2121 1574 1315 1821 845 1943 2000 1618 1636 1875 2437 3021 2404 2411 2467 2396 2964 2650 2043 2509 2842 2006 4737 2759 5018 
1709 1667 1176 1823 2149 2521 2582 2187 2715 2395 1953 2455 2741 2683 1902 2810 2684 3049 2584 1782 2157 2508 3081 1690 3455 
1756 1501 1846 2125 2194 2114 5278 7578 7810 6128 3933 2443 2636 2536 2904 1866 2216 2730 2523 3111 1851 2220 2334 3256 3361 
1686 2111 2322 2255 2687 3477 6207 4421 2433 1136 1251 3561 4650 5227 3690 2702 3146 2835 2456 3113 2901 2133 2449 3512 2891 
2077 2555 2982 2742 2261 5960 5378 3700 6787 6232 5150 3070 2407 3841 4988 5726 3984 3884 2679 2620 3126 2670 2900 2945 2722 
