includes/gis/ASCII_5k/mod13q1_ndvi_2004_337.tif.txt
ncols         25
nrows         20
xllcorner     257482.3972
yllcorner     9670060.6647
cellsize      5000
NODATA_value  -9999
3547 4235 4826 5435 4912 3987 4563 2339 3747 3892 3380 5035 6679 5592 3415 4165 3469 3717 3052 5376 4417 4563 3551 3593 3525 
3257 3472 3700 4802 5207 3406 3786 3173 3366 4086 4673 4885 5258 4047 3042 2373 4194 3707 3620 3579 3194 4261 4781 6705 7443 
3003 4408 4134 2562 4091 3607 3443 2462 2793 3691 3101 3570 4588 3897 3113 3570 3643 3301 2822 4683 2761 1725 6625 4506 5725 
3017 4461 2946 3045 2472 3046 3034 3170 3894 4509 3890 4182 4858 3491 4147 3381 3256 3865 3621 6275 4928 5171 5771 4531 6580 
2800 3277 3180 3222 3242 3105 2809 2836 2665 3508 3192 4262 3188 5779 2292 2746 1477 3779 2522 4262 4850 3883 3542 4033 6548 
2240 3207 3638 3014 3415 3259 2793 2398 2316 3115 3244 3233 3568 3768 1283 2349 4998 3490 4637 5495 7011 5508 7690 5455 4930 
3308 4967 4070 3473 2629 2378 2518 2590 2411 1913 1591 2690 4560 4045 3265 2663 3038 3066 2622 4521 5663 7328 4744 2763 5314 
3962 2990 2855 3686 2900 2424 2732 2379 2433 2709 661 2912 3979 3954 1883 2797 2244 2544 2974 2713 4872 6226 7441 8552 7629 
4016 3985 3673 3369 4339 2591 2822 2845 2353 2436 3230 2675 3286 2954 3320 2674 2515 3164 3414 4476 6092 4972 5873 5867 8847 
3746 2808 3232 3292 3477 2892 2823 2241 2473 2637 2753 1350 2031 2066 2691 3316 3701 3915 3072 5148 6789 5394 7410 7015 8108 
3054 3230 2630 2882 2845 2371 3142 1252 2050 1823 2311 2572 2825 2348 2819 3146 3055 2989 3082 3379 4332 6770 6395 4827 7361 
1704 2474 2700 2106 2001 2349 1768 1500 1093 1788 1396 1979 1734 2872 3005 2953 2304 3099 3536 3713 4558 5249 6390 3399 4958 
2911 2213 1829 2807 2014 1700 1249 2810 2147 1398 1795 1244 2267 2177 2675 2598 2522 2558 3036 2537 5657 4405 5163 754 2270 
2477 1744 1863 1533 2029 1604 1086 2639 1562 3220 2819 1916 2109 2148 2087 2233 2891 3480 5632 1181 5232 6172 5491 6228 1612 
2728 1839 1338 1599 2708 2016 2772 1936 2007 616 1852 2333 2333 1052 2075 5706 2428 2875 3103 3818 2043 3587 4253 2705 2782 
1765 1632 1570 1612 1767 2117 2440 2398 2099 2451 2438 3646 3112 4899 3916 5665 3918 3984 3081 3488 4504 2301 6854 3744 871 
1621 1429 1263 2403 2351 2462 4679 4704 3800 3269 3455 3781 3979 4973 4976 4003 3270 2862 2966 4221 3785 3245 2272 4628 1423 
1775 1379 1776 2344 3348 3495 5730 5599 6799 6910 5236 3537 3330 3449 3783 3914 6717 4563 5577 5344 4440 3539 4753 3510 6471 
1741 1949 2198 2658 2905 4341 6092 8496 8410 8054 7507 7822 7744 6716 4859 4289 4965 5078 4069 6330 6562 5398 3706 6160 6997 
2236 2424 3358 3568 2962 7590 8105 5949 6055 4709 5292 5817 3767 6277 6936 7294 4266 5265 6054 4404 6836 5770 4654 5054 5027 
