includes/gis/ASCII_5k/mod13q1_ndvi_2009_225.tif.txt
ncols         25
nrows         20
xllcorner     257482.3972
yllcorner     9670060.6647
cellsize      5000
NODATA_value  -9999
2609 2425 2942 2716 2997 2270 2853 1748 1988 1834 2186 2652 2867 1780 1796 1877 1197 2022 2049 2330 2131 2197 2264 1947 1802 
2406 2511 2210 2739 3041 2159 2515 2216 1782 2114 2051 2344 2334 2561 982 2063 2096 856 2176 2097 2108 2623 2120 2652 2761 
2678 3305 2719 2115 2459 2235 2191 1821 2222 1828 1916 2009 2448 2245 2215 2136 2025 2017 2301 2190 3224 2571 2422 2568 2524 
2646 3458 2426 2574 1982 2262 2347 2421 2045 2620 2052 1982 2385 1343 2021 1011 2192 1836 1887 3677 2216 2146 2388 2009 2694 
2572 2796 2599 2344 2611 3153 2193 2054 2051 2264 2216 2333 2188 2505 1828 1762 1974 2246 1749 3425 2473 2584 1910 2226 2265 
2083 2506 2517 2505 2741 2853 2042 1994 1982 2020 2610 2148 1898 2033 1858 2288 2063 1750 2214 3094 3298 2699 2000 2166 2082 
2290 2636 2867 2760 2297 2052 2235 2155 1881 2020 2031 1981 2031 2151 2216 2008 1930 2061 2262 1927 2366 3610 1980 2171 2605 
2385 2154 2252 2635 2417 2031 1993 2125 1957 2208 2414 1957 2079 2163 1972 1928 1778 1564 1972 2013 3348 4514 3583 2922 3452 
2369 2593 2627 2420 2641 1823 1811 1778 1940 1827 1801 1782 2333 1985 1813 1786 1651 1970 2141 2429 3216 3528 4280 4410 4534 
2663 2122 2452 2363 1962 2134 1807 1865 1702 1700 1760 1766 1849 1879 1778 1690 1894 1823 1627 1991 2925 3697 4403 3179 3462 
2438 2483 2103 2264 2020 1931 1677 1143 1459 1539 1554 1482 1714 1770 1827 1713 1902 1776 1546 1802 2226 4363 3664 3907 3218 
2069 2063 2076 1658 1903 1450 1517 1280 1104 1562 1523 1535 1589 1617 1739 1566 1643 1864 1434 1529 2105 4882 3206 2775 4093 
2253 2001 1816 1916 1901 1459 1289 2251 1641 1211 1790 1102 1734 1510 1836 2048 1544 1824 1398 1456 2191 2591 3387 6653 3200 
1877 1623 1967 1909 2030 1419 1407 1851 1295 4391 2119 1498 1712 1589 1489 1611 1972 1845 2646 1301 1719 2092 3394 3082 5260 
2046 1785 1416 1555 2966 1913 2265 1561 1397 1329 1515 1425 1785 1780 1734 3882 1726 1677 1781 2399 1481 1575 3434 2631 3526 
1806 1475 1346 1607 1618 1715 1899 1803 1879 1783 1679 2065 1766 2176 1827 1702 1843 1670 1925 2145 1092 1629 3161 2285 2620 
1595 1508 1174 1868 1794 1918 2135 2153 2244 2324 2445 2643 2451 2397 2094 1892 1782 2084 2296 1644 1985 1415 1733 2448 3253 
1709 1213 1594 1879 2272 2476 2264 2354 4597 5389 3262 1875 1608 2133 1956 1507 1852 1899 2312 1775 1735 1558 1671 2063 2308 
1319 1438 1801 2095 2123 2505 4821 7696 7741 7481 7370 7267 7462 5977 2618 1957 1454 1973 2236 2552 2407 1489 1149 2124 3202 
1700 1696 2019 2218 2117 2888 7503 7552 6681 5003 5179 4934 5252 6391 6361 6226 2551 2160 1858 2457 2393 2056 2006 1702 1962 
