includes/gis/ASCII_5k/mod13q1_ndvi_2001_241.tif.txt
ncols         25
nrows         20
xllcorner     257482.3972
yllcorner     9670060.6647
cellsize      5000
NODATA_value  -9999
2607 2479 2805 2761 3120 2321 2955 1886 2134 2124 1985 2906 3327 3244 2050 2522 2196 2675 3020 3043 2900 2859 2876 2673 2738 
2524 2625 2356 2986 2961 2402 2575 2293 1899 2407 2255 2680 2910 2487 2290 2527 2473 2798 2825 3237 2895 3450 2832 3457 3497 
2697 3466 2945 2233 2709 2584 2594 1957 2510 2185 2168 2176 2430 2691 2273 2286 2288 2268 2653 2653 3810 3414 3255 3474 2941 
3018 4029 2603 2586 2363 2491 2442 2436 2382 2768 2438 2287 2615 2185 2001 1906 2259 1935 2063 4133 2845 2659 3152 2567 3167 
2796 3221 2790 2728 2860 3127 2514 2325 2224 2608 2605 2488 2432 2612 1904 2151 2257 2240 2179 3833 2473 3159 2504 2687 2931 
2368 2865 3117 2648 3075 2660 2423 2292 2426 2405 3648 2669 2330 2145 1918 2136 2275 1876 2287 3468 3787 2667 3455 2746 2838 
2739 3059 3329 3251 2788 2411 2165 2151 2035 2283 2221 2274 2508 2304 2018 2030 1994 2077 2122 2710 2435 4460 2732 2781 3097 
2780 2665 2609 3051 2495 2304 2207 2402 2295 2101 2453 2559 2353 2268 2043 2066 1997 1725 2163 2266 3302 4913 3792 3218 3706 
2682 2725 2972 2761 2863 2477 2296 2079 2229 2224 2375 2114 2414 2194 1957 1924 1675 1821 2124 2221 4432 3258 4296 4618 4178 
2720 2277 2550 2373 2440 2552 2316 2046 2083 2257 2105 2310 2184 2044 2123 1830 1936 1692 1918 2078 2790 3047 5557 4916 3673 
2614 2618 2206 2302 2233 2183 1972 1137 2046 2046 1869 2193 2263 2177 2068 1836 1909 1741 1869 1901 2218 4228 3417 5118 4383 
2407 2223 2465 2007 1992 1749 1662 1641 1117 1902 1964 1915 1891 2168 2161 1860 1759 2065 1902 1817 2029 5235 3710 3118 4704 
2521 1848 2123 2274 2147 1932 1212 4230 2082 1641 2252 1345 1957 1968 2149 1895 1734 1890 1894 1650 2612 2301 2724 7598 3848 
2130 1942 1800 1986 2162 1493 1466 2202 1629 5462 3596 1722 1873 1652 1614 1648 2116 1709 4188 1313 2147 2160 3221 3919 4371 
2166 1927 1419 1565 3105 2236 2385 1697 1628 1722 1857 1831 1931 2125 1951 5118 1979 1988 1919 2849 1664 1598 3933 3273 3815 
1869 1562 1344 1409 1687 1642 2001 2083 2000 2092 2209 2233 1959 2162 2124 1871 2196 2077 1926 2020 2127 1972 3807 2850 3612 
1735 1606 1275 1820 1918 2184 2585 2437 2714 2489 2226 2273 2337 2470 2314 2609 2133 2545 2249 1874 2136 2048 2102 2512 3644 
1797 1300 1643 1691 2085 2266 2842 2275 6973 6729 3889 2507 2621 2939 2470 2024 2219 2221 2381 2457 2276 2030 2046 2311 2496 
1738 1913 1921 1856 1954 3054 4209 7910 7825 7872 7708 7937 7693 4538 2882 2473 2998 2328 2379 2720 2528 2018 1942 2404 3325 
2393 1961 2331 2157 2067 3068 7338 7721 5246 3771 4081 4209 4729 6308 5474 4233 2594 3341 2711 2455 2658 2234 2393 1900 2482 
