includes/gis/ASCII_5k/mod13q1_ndvi_2002_241.tif.txt
ncols         25
nrows         20
xllcorner     257482.3972
yllcorner     9670060.6647
cellsize      5000
NODATA_value  -9999
2760 2559 3133 3082 3515 2769 3760 2096 2448 2301 2203 3099 3657 3062 1785 2407 2113 2851 3189 3047 2709 2750 2718 2494 2854 
2728 2615 2333 2912 3700 2646 2920 2474 1910 2462 2198 2615 2804 2560 2049 2501 2874 2701 2706 2920 2327 3220 2798 3473 3628 
2918 3808 2887 2252 2893 2913 2587 2035 2728 2248 2108 2203 2613 2632 2216 2307 2204 2156 2759 2572 4250 3486 3359 3754 3046 
3451 4411 2648 2717 2557 2765 2567 2678 2512 2957 2364 2242 2759 2076 2355 2016 2840 2033 2316 4856 3105 2584 2960 2527 3439 
3105 3680 3020 3205 3043 3482 2547 2367 2357 2617 2641 2655 2574 3015 1695 2057 2509 2226 2197 4149 2683 3895 2724 2733 3108 
2590 3185 3301 3111 3408 3182 2281 2232 2407 2590 4005 2631 2209 2190 1941 2202 2451 1788 2435 3926 4249 2919 3734 2979 3134 
2648 3436 3400 3136 2611 2417 2369 2373 2095 2275 2308 2180 2455 2322 2312 2168 2220 2351 2161 2778 2840 4994 2945 2906 2827 
3336 3070 2538 3168 2545 2245 2308 2229 2238 2244 2742 2555 2462 2276 1921 2293 2082 1765 2097 2166 3861 5201 4176 3736 2668 
3188 3873 3614 2749 3270 2252 2265 2088 2182 2229 2257 2044 2413 2336 2039 2007 1702 1866 2379 2373 5077 3745 4960 5727 5393 
3466 2558 3135 3293 2507 2532 2215 1812 1856 2013 1923 2062 1929 1987 2148 1876 2070 1900 2000 2124 2984 3052 6101 6120 4390 
2849 2792 2286 2473 2128 2342 2031 1382 1805 1868 1811 2068 2081 2133 2051 1907 2001 1915 1936 2069 2455 4196 3842 5368 4974 
2472 2199 2452 1945 1563 1827 1549 1365 1099 1766 1639 1683 2010 2048 2140 1856 1861 1995 1720 1845 2223 5335 4164 3834 5175 
2871 2236 1973 2337 2089 1897 1257 3365 1968 1410 2055 1018 1787 1747 1888 2001 1759 1926 1963 1491 2781 2696 3196 7903 4201 
2440 1929 1816 2194 2241 1600 1383 2276 1574 5331 3210 1717 1794 1658 1602 1550 2031 1900 3371 1358 2282 2568 3367 3708 5952 
2299 1962 1484 1577 3259 2424 2413 1810 1690 1707 1838 1646 1997 1901 1910 5264 1858 1862 2066 2504 1633 1564 4087 3142 4156 
2064 1632 1394 1685 1816 1981 2426 2139 2021 2082 2063 2298 1936 2328 2098 1997 2279 2318 1869 2034 2193 1812 4070 2341 3838 
1840 1629 1384 1988 2030 2514 2791 2292 2786 2702 2382 2553 2562 2639 1976 2364 2055 1939 2356 1701 1972 2007 2053 2632 4052 
1818 1339 1789 2036 2377 2534 3036 3076 7092 7376 3861 2202 2264 3026 2325 1890 2235 1434 2488 2731 2131 1774 2045 2555 2345 
1557 1729 2034 2211 2226 3255 3525 5265 8066 7919 7782 8202 7761 5782 2997 2377 2760 2496 2353 2932 2611 1928 1793 2634 3560 
1627 2096 2402 2468 2300 3070 7562 5508 -9999 4663 4820 4900 5201 7026 5329 5388 2923 2588 2729 2766 2731 2427 2451 1969 2510 
