includes/gis/ASCII_5k/mod13q1_ndvi_2009_033.tif.txt
ncols         25
nrows         20
xllcorner     257482.3972
yllcorner     9670060.6647
cellsize      5000
NODATA_value  -9999
3090 2956 3470 4129 4109 2911 3392 2009 2482 2524 2318 4190 3779 3841 1648 2890 2921 4000 5406 5540 3526 3024 3042 2722 2264 
3209 3180 2960 3778 4243 2776 2962 2465 1938 2739 2036 3047 3500 3076 2091 3162 3730 2760 3815 3826 2622 3308 3599 3644 4474 
4102 1832 3182 2069 3051 2829 2696 1954 2709 1490 1644 2108 2949 2829 2406 2773 2819 3274 4032 2923 5557 3863 3433 3402 3540 
3557 4014 2803 2896 2374 2682 2553 2590 2537 3187 2278 2268 2514 2179 2447 2443 3172 2806 2266 5472 2827 2573 3372 2426 4395 
3084 3248 2919 2755 2929 3190 2555 2304 2303 2565 2522 2568 2518 3381 2161 2319 3113 2781 2066 4878 3322 3331 2315 2909 3264 
2671 3126 2979 2712 2996 3020 2246 2352 2316 2423 3062 2888 2262 2665 2293 2726 2449 1782 2335 4636 5076 4099 3384 3200 3190 
3037 2976 2860 2929 2480 2377 2443 2277 2176 2215 2325 2240 2994 3139 2460 2214 2080 2371 2194 3347 3319 5686 2693 2916 4573 
2998 2321 2512 3477 2622 2343 2291 2446 2285 2266 2708 2446 2377 2290 2028 2118 1953 1694 1966 2398 4508 6008 5280 4774 7006 
2858 3053 3248 2567 2987 1989 2160 1956 2258 2322 2233 2097 2520 2307 2087 1997 1591 1974 2493 2703 5339 4847 5613 7705 7066 
3847 2416 2738 2530 2231 2390 2103 1853 1904 1908 1896 2151 2162 2147 2063 1906 2130 1873 1152 2417 3940 5540 7411 7806 5767 
3050 3011 2241 2366 2198 2092 1710 1131 1665 1609 1759 2033 1982 2026 2118 1877 2233 2032 1751 2123 2697 5926 6084 6566 5022 
2323 2585 2559 1801 2059 1513 1501 1360 984 1629 1601 1719 1927 1971 2049 1837 1905 2138 1653 1577 3139 6922 6543 5791 8168 
2301 2150 1758 2621 1924 1508 1355 2655 1942 1330 1980 1001 1799 1765 2091 1888 1809 2048 1720 1610 3615 5881 5216 7836 5610 
1936 1616 2057 1947 2335 1722 1347 2168 1463 5783 3000 1489 1983 1668 1661 1680 2347 1966 3744 1315 3196 3678 5641 5347 5197 
2245 1754 1172 1425 3209 2029 2588 1760 1571 1662 1736 1764 2128 2147 1950 5110 1919 2037 1929 2817 1617 1610 4712 4010 5440 
1941 1398 1470 1508 1699 1806 2272 2021 2004 2096 2010 2591 2017 2536 2361 2602 2546 2406 2098 2262 2425 2003 4215 2598 3968 
1747 1606 1195 2101 1894 2288 2826 2333 2526 2499 2653 3188 3610 3301 2392 2739 2257 3340 3032 1584 2573 1934 2168 2784 4200 
1892 1460 1860 2144 2514 2668 2421 2526 5992 6510 3488 1958 1870 2968 2479 2202 2711 2772 3131 3572 2179 1841 1899 2198 2509 
1761 1857 2214 2477 2450 3221 2830 8574 8526 8486 8493 8450 8715 7847 5495 3711 2741 3739 3511 3506 3559 1865 1604 2464 3853 
2051 2139 2203 2899 2766 3127 7906 8233 5305 5046 5240 5334 5702 7480 8045 8249 5020 4765 3048 3941 3618 2378 2432 1730 2284 
