includes/gis/ASCII_5k/mod13q1_ndvi_2001_145.tif.txt
ncols         25
nrows         20
xllcorner     257482.3972
yllcorner     9670060.6647
cellsize      5000
NODATA_value  -9999
5999 3693 5341 5735 3408 4924 5259 2565 4335 3885 3321 5142 5844 6103 3418 4864 3818 5853 5169 4877 4578 4453 4673 4815 4271 
5762 4641 4416 5038 5432 4894 4340 4181 2867 4399 4079 4406 4885 3292 3994 4528 5264 4851 5313 5198 4896 5299 4511 6333 -9999 
5188 6162 4856 4797 5822 5373 4893 3529 4212 3494 4335 3439 3534 4956 3897 5436 4888 2246 5347 4799 5912 5643 3563 4728 3560 
5974 7739 4370 4405 5381 5594 4612 4052 4124 5001 3108 3881 5828 4783 3610 3335 3206 2396 3856 6425 3899 3795 4734 3714 4113 
5553 5519 5033 5825 5911 6314 4573 4047 3869 4154 4435 3942 4465 4502 3242 3130 3806 3372 2668 5622 3724 4320 3931 4209 4190 
4376 5444 5659 5284 6730 5562 4084 3872 2781 2916 4584 4673 3286 2941 2774 2839 3282 3214 3554 4523 5406 4126 4869 4685 4520 
6287 6497 5755 5822 5804 4643 3972 2941 2878 3419 3175 3257 3827 3113 2676 2637 3086 3054 3334 1949 5290 6681 4778 4795 4418 
5867 6008 4924 6633 5125 4009 3339 3209 2784 2839 5023 3418 3438 2941 2519 2810 2768 2286 2962 4426 6237 6290 5298 5470 5187 
5258 4481 5077 5740 5754 3469 4350 3457 4114 3327 3504 3037 3312 3042 2427 2498 1909 2208 2748 2867 6037 5267 5658 6406 6176 
6265 5600 4720 4364 5383 2333 3728 3566 3246 3284 2836 2871 2843 2688 2974 2216 2401 1848 2286 2891 4045 6301 7230 7128 5442 
4168 7266 3665 3619 3870 3679 2471 1655 3174 2880 2810 3143 2518 2993 2898 2313 2514 2078 2449 2764 3672 6241 6798 7283 7211 
4038 5764 6041 2626 3301 3081 2528 2066 1407 2713 3646 1792 2107 2985 2966 2692 2231 2645 2418 2359 2920 6955 6982 6864 6809 
5736 4404 1853 4668 3935 3095 1394 4504 2573 2434 3679 2421 2990 2782 3359 2775 2371 2757 2634 2204 3634 4590 6184 8531 6298 
4117 4298 3289 3752 3549 1890 1580 3268 2327 7113 4882 2200 3157 2229 2178 2621 3385 2951 6448 1842 3088 3859 6317 6548 7519 
4066 2913 1899 2765 3510 2527 3799 2509 2598 2362 2368 2919 3019 3170 3005 6864 2867 2902 2410 4655 2526 2355 5957 6353 7299 
2651 2132 1905 2940 2319 2270 3448 4188 4002 3258 3365 4994 3194 3630 3917 2510 3236 3175 2736 3121 3403 3053 6018 6106 7698 
2261 2226 1912 2849 3402 4929 2449 7977 4425 1078 4678 3369 4544 2523 2174 3421 3420 4081 3275 2639 3564 3663 3594 4398 5050 
2447 1802 2394 2717 3451 2594 2096 2353 1113 1797 7132 5521 3913 474 1795 3417 4352 3875 3617 3844 4207 2971 3508 3847 4189 
2624 3211 3234 2763 4763 4126 1727 3871 550 2179 787 4366 9713 2011 4893 4946 4699 4057 4346 5867 3963 3695 3015 4131 5549 
4273 3056 4047 3978 4489 7017 1577 1326 4588 4786 7191 2994 6627 4062 1229 6043 5332 5021 5382 4538 4527 3396 4040 3407 3710 
