includes/gis/ASCII_5k/mod13q1_ndvi_2007_097.tif.txt
ncols         25
nrows         20
xllcorner     257482.3972
yllcorner     9670060.6647
cellsize      5000
NODATA_value  -9999
4627 4248 5051 5176 5928 3664 5442 3352 3243 4006 1526 917 6232 2232 4854 5143 6489 -9999 4422 -9999 5085 5016 4702 3638 4554 
4861 4169 4296 6294 4752 4263 1267 965 2310 5014 4110 4421 5545 4547 3961 3495 5381 5308 4985 6574 5840 5682 4984 7008 7121 
5185 5328 4456 5688 2994 4174 4056 2697 2726 3470 2969 3913 4371 5218 4265 4419 5174 4273 6761 4370 5711 6172 6071 6145 4410 
3287 4092 2811 5600 4577 4079 3998 4047 3448 4052 3303 4319 4662 4675 3503 4674 6273 5696 4019 7565 7034 6361 5908 4552 6362 
3948 5916 4758 4439 3143 6344 3750 3556 2767 1803 4143 3935 4459 4933 3441 2002 4519 4861 3027 6781 6544 6380 4622 5341 5121 
3097 5475 4959 3520 3380 2427 3131 2330 4199 2928 4219 4336 4064 3870 3886 3880 3986 2505 3521 6146 7040 6817 6584 5884 6081 
5859 6836 4801 3778 4603 3475 2812 2192 3689 3859 3939 3672 4387 3957 3879 3372 3795 2258 3292 3120 4713 7074 5587 5498 5064 
4405 3083 3791 2609 2081 735 3859 2280 2672 4426 3093 4233 4872 3054 2339 2786 2891 2490 2147 3056 5229 6678 7106 7478 8409 
2977 1817 3811 4661 3087 3684 960 3221 3737 3111 4055 2576 4318 3973 2452 2231 2106 3039 2927 4274 5587 6356 6598 7999 8189 
5729 1554 3402 3183 2221 3634 2985 1651 2443 3260 2908 3703 3726 3265 2773 2273 2554 2779 2491 2563 4887 3870 7427 7973 8212 
4071 3033 3038 3370 2616 3050 2777 1389 2235 2426 2253 2399 3359 2700 2899 2605 2598 2847 2650 3226 3470 1074 5659 7582 8004 
1510 2740 3809 3003 2743 2258 2226 1944 1160 2025 2960 2626 2967 2386 3214 2677 2389 2875 3174 2922 3218 7100 4684 7376 6169 
4788 3880 3670 4173 2611 2258 1297 3159 2803 2023 3419 1832 2462 2998 3264 2710 2256 2704 2641 2499 3842 5118 5090 8406 6752 
4437 3901 3102 2805 3645 1929 1585 2749 2043 6622 4151 1846 2470 2478 2419 3584 3201 2819 4399 1818 4198 3737 5859 5733 -9999 
3788 2324 2163 2170 3056 2138 4129 2553 2200 3246 2831 3617 3073 2952 2133 6758 2638 2085 2395 4133 2911 2709 5901 5414 5615 
2676 1929 2221 2355 2208 2828 3392 3579 3586 4614 3256 4421 4207 3724 3856 4134 3474 2672 2791 2958 4047 2986 5325 4912 5879 
2707 2411 2006 3068 2940 1762 3080 3451 4208 4573 4460 4780 5015 4383 4893 4945 3139 3288 3184 2544 3702 2978 2876 4292 4503 
3134 3490 2873 3472 3277 2952 3252 3039 6234 8649 5723 3727 3925 5572 4259 3651 5489 3859 2657 3898 3330 2753 2525 2779 3707 
2603 3490 3358 3708 3742 4200 1861 7401 5405 6398 1512 1568 8860 7191 5215 3571 6067 5907 5953 5339 3994 2839 2344 4064 4526 
3570 3524 4020 3991 3653 3177 1666 514 1415 4021 518 2236 5393 7454 7078 8054 5568 6637 5666 4919 4500 3419 3256 2788 3512 
