includes/gis/ASCII_5k/mod13q1_ndvi_2002_177.tif.txt
ncols         25
nrows         20
xllcorner     257482.3972
yllcorner     9670060.6647
cellsize      5000
NODATA_value  -9999
4872 3979 5006 5817 5463 4799 5325 3113 4026 4050 2855 3824 4255 3549 2297 3265 2534 3505 3455 3215 3069 2976 3196 3060 3372 
4840 3574 3572 4522 5805 4874 4963 4060 2641 3272 2777 3251 3935 2787 2256 3125 3208 3558 2849 3436 3132 3721 3045 3525 3802 
4273 5064 3798 3217 4521 5526 3719 2715 3604 2909 2389 2528 3113 3004 2530 2397 2537 2623 3124 3078 4193 3737 3515 3798 3532 
5290 6368 3612 3985 4109 5021 4026 3640 3215 3446 2692 2831 2957 2413 2438 2224 2943 2305 2550 4775 3330 3368 3457 2927 3842 
4432 5784 4677 5487 4851 5385 3395 2948 2671 3197 3124 3100 2812 3233 2192 2398 2878 2384 2528 4355 3043 4520 3144 3117 3500 
3355 4596 5132 4860 5416 4390 2907 2701 2991 3138 5583 2972 2426 2501 2296 2259 2575 2409 2902 4557 4738 3213 4272 3671 3694 
3833 5069 4454 4567 3836 3036 2662 2771 2286 2274 2557 2517 2744 2634 2570 2554 2228 2402 2575 3936 3558 5431 3665 3785 3882 
3910 3795 3188 4549 3707 2664 2579 2560 2536 2769 3593 2631 2682 2498 2252 2418 2417 2044 2395 2749 4235 5250 5008 4230 4424 
3160 3931 4316 3752 4870 2782 2622 2144 2273 2327 2461 2271 2600 2629 2199 2048 1842 2019 2633 2802 5998 4463 5412 6307 5126 
3716 3095 3036 3732 3623 3111 2440 1958 1978 2155 1987 2119 2090 2089 2356 1935 2191 2075 2151 2364 3521 4910 6880 6187 4847 
3374 4046 3076 3698 2990 2771 2175 1270 1886 1983 1865 2339 2292 2377 2168 1882 2225 2171 2220 2364 2866 5082 5766 6310 5648 
3371 3096 3044 2455 2292 1896 1642 1442 1111 1968 1802 1861 1871 2253 2270 1927 1884 2403 1885 2170 2802 6088 6067 6044 6135 
4050 2852 2359 2594 2368 2049 1295 3616 2157 1581 2251 1108 1897 1915 1993 1953 1865 2241 2291 1730 3194 3695 4660 8104 5515 
3282 2646 2131 2620 2712 1606 1228 2378 1835 6097 3257 1723 2199 1739 1835 1511 2595 2401 4333 1342 2461 2617 4198 5008 6345 
2846 2441 1746 1851 3488 2388 2918 2031 1957 1752 2020 1899 2236 1989 2051 6141 2253 2251 2207 3339 1604 1811 4168 4316 6152 
2523 1815 1747 1925 2020 2275 2995 2576 2440 2339 2188 2649 2206 2557 2193 2163 2758 2855 2294 2344 2442 1830 4397 3037 4845 
2109 1767 1522 2208 2157 2992 3292 3390 3492 3394 2921 3139 3321 2756 2308 2632 2481 3511 2587 1807 2342 2455 2663 3480 4527 
1734 1427 1952 2408 2832 2920 4858 5572 7390 7424 5088 4163 3356 3965 2854 2240 2925 2746 2377 3626 2911 2140 2541 2802 2812 
1792 2002 2153 2253 2469 4434 6553 8429 8493 7695 7289 7450 7544 6656 4500 4093 3494 2765 3042 4185 3602 2501 2209 3464 4037 
2068 2352 2571 2630 2418 5132 8130 8254 6029 5100 5652 5533 5395 7233 6915 6361 4170 3781 3992 3332 3774 3072 3151 2682 3045 
