includes/gis/ASCII_5k/mod13q1_ndvi_2005_289.tif.txt
ncols         25
nrows         20
xllcorner     257482.3972
yllcorner     9670060.6647
cellsize      5000
NODATA_value  -9999
2415 2351 3225 2658 2770 2293 3420 1686 2078 2084 1887 2570 2629 2595 1174 1332 1581 2320 2457 2581 2290 2371 2328 1911 2011 
2151 2420 2317 2785 3257 2301 2953 2305 1622 2055 1881 2382 2476 2491 1628 1989 2465 2322 2402 2233 2090 2951 2240 3000 3155 
2526 3151 2891 2049 2403 2231 2710 1864 2335 1910 1856 1948 2289 2274 1832 1971 1940 1857 2059 2246 3912 3092 2457 2770 2854 
2592 3220 2466 2640 2039 2282 2174 2487 2293 2885 2162 2251 2304 1937 1884 1787 2087 1733 1807 4173 2704 2097 2568 2019 2941 
2614 2972 3054 2862 3064 3265 2178 2122 2120 2402 2444 2294 2225 2679 1767 1862 2253 2015 1813 4313 2487 2907 1922 2426 2556 
2507 3523 3027 2747 2707 3152 2185 2039 2134 2177 2786 2221 2016 2010 1790 1980 2202 1783 2112 3937 3763 2684 3047 2343 2170 
2977 3056 3158 3183 2359 2258 2128 2228 2017 2156 2122 2005 2098 2087 2071 2118 1878 1951 2065 2488 1608 4150 1884 2369 2661 
3024 2191 2487 3160 2360 2262 2097 2257 2117 1971 2545 2067 2020 2242 2036 2111 1852 1631 1980 2060 3938 5117 3441 3062 3512 
2277 2413 3631 2418 3677 2069 2062 1859 1998 2085 1958 1955 2109 2126 1960 1853 1688 1767 2106 2300 4784 4486 4515 4997 4655 
2562 2118 3092 2372 2617 2633 2426 2035 1846 1803 1824 1895 1833 1892 1864 1774 2010 1734 1723 2072 3094 3623 5811 5633 3995 
2458 2756 1949 2238 2621 2307 1795 1170 1827 1705 1708 1844 1768 1873 1972 1752 1878 1805 1713 1815 2306 4230 3342 4398 4604 
2045 1911 2017 1806 1942 1742 1456 1319 1106 1628 1616 1652 1792 1697 1858 1646 1688 1886 1642 1654 2161 5280 4028 3392 4391 
2188 1829 1733 1912 1819 1501 1399 2445 1962 1268 2139 1103 1648 1553 1857 1725 1571 1832 1744 1508 2559 2705 2999 7704 5037 
2010 1532 1722 1768 2026 1439 1434 2152 1458 4712 2795 1644 1665 1480 1584 1408 2195 1704 2363 1113 2253 2120 3452 2933 5408 
2025 1853 1371 1733 2637 2034 2615 1831 1718 1533 1613 1583 1909 1712 1884 4175 1697 1550 1627 2196 1366 1454 4047 3327 4344 
1890 1635 1618 1502 1471 1578 2031 1825 1796 1860 1780 2113 1734 2020 1774 1839 2141 1943 1713 1803 1918 1676 3755 2272 3411 
1642 1593 1340 2032 1886 2125 2086 2268 2253 2174 2260 2357 2298 2123 1959 2219 1874 2255 2135 1409 1884 1882 1795 2600 3782 
1864 1400 1939 2187 2341 2295 2568 1865 5539 6775 3595 2445 1958 2336 1781 1602 1768 1757 2019 2596 1831 1505 1862 3730 2525 
1776 1662 1991 2503 2618 2542 3096 1991 4010 6692 7759 8399 8388 5421 2555 1985 2034 1755 1761 2552 3038 1740 1484 2277 4378 
2029 1921 2222 2291 2029 2924 7915 4799 4896 4894 3196 5863 4996 5880 3968 5073 1845 2934 1872 2218 3083 2444 2501 2291 2324 
