includes/gis/ASCII_5k/mod13q1_ndvi_2000_305.tif.txt
ncols         25
nrows         20
xllcorner     257482.3972
yllcorner     9670060.6647
cellsize      5000
NODATA_value  -9999
2745 2160 3341 3127 2883 2194 4434 1954 2251 2326 2104 2870 3471 3208 1919 2132 2325 2652 3089 2958 2423 2896 2720 2079 2778 
2420 2467 2073 2999 2921 2393 2734 2122 2059 2462 2338 2822 3070 2406 2104 2440 2319 2348 2649 2944 3152 3070 2587 4466 3768 
2521 3106 3005 2067 2413 2399 2913 1904 2545 2232 2193 2084 2289 2375 2381 2097 2386 2640 2851 2127 3957 3013 3324 3968 4185 
2689 3371 2471 2652 2157 2538 2218 2395 2302 3175 1755 2232 2544 2024 2068 2257 2390 2119 1918 1409 1994 2725 3145 2757 1730 
2710 2990 2879 2565 2835 2463 2451 2342 2247 2434 2491 2537 2444 2259 2036 2188 2551 2346 1533 2323 2716 3390 2336 2911 4395 
2206 2766 2964 2766 2676 3030 2258 2014 2340 2245 2613 2358 2259 2475 1895 1961 2966 2154 2328 4445 4214 1828 2935 3015 3242 
2470 2936 3039 2751 2383 2283 2367 2168 2043 1857 2175 2121 1864 2317 2147 2154 1666 2255 2196 2848 2706 5481 2763 3072 3381 
2491 2266 2406 3103 2673 2154 2052 2087 2183 1832 2586 2369 2234 2035 2080 2272 1770 2170 360 2493 3458 5414 3749 3782 1969 
2554 2568 2941 2485 2726 1992 1953 1885 1961 1573 1742 1959 2455 2428 2251 3440 1554 2365 2805 2712 3428 4092 5153 6121 5519 
2761 2061 2556 2329 1970 2136 2127 1990 2004 1840 1854 1910 1867 1921 2377 1783 2076 1827 1797 2314 2710 773 -9999 5291 3590 
2513 2384 2096 2309 2017 1883 1810 1243 1776 1690 1685 1990 1978 2002 2293 2071 2249 1424 1862 1567 2493 4166 4120 2720 3730 
2113 1937 2165 1723 1748 1369 1662 1896 956 1662 1511 1433 1835 1836 1929 1955 2081 2485 2005 1885 2229 5938 2512 2626 2638 
2682 1897 1569 2061 1906 1486 1120 3137 1914 1482 1541 932 1773 2703 1852 1656 1851 2116 2268 1918 3388 2505 1637 2209 974 
1939 1420 1743 1831 1873 1385 1369 2099 1476 4530 2741 1628 1807 1694 1731 2119 2395 2012 3949 1613 2554 2936 4128 4007 1484 
1856 1537 1360 1387 3055 1920 2477 1718 1455 1748 1709 1309 2074 1959 2051 5371 1914 2026 2083 2520 1695 1672 4419 3215 1299 
1889 1481 1323 1662 1649 1755 2026 1665 1652 1919 2024 2393 1766 2214 2178 2251 2633 2406 1677 2057 2345 1920 4217 2481 3114 
1588 1489 1127 1552 1775 2175 2331 2007 2183 1995 2199 2388 2581 2743 2145 2348 2170 3009 2498 1737 1902 1976 2250 2026 2250 
1805 1627 1696 1920 2229 2140 2519 2134 3640 6526 2802 1863 1721 2522 2273 1786 2041 2107 2762 2598 1922 1334 1974 2832 2220 
1691 1719 1982 2102 2324 2747 2957 8904 7441 7978 8116 8309 8595 4631 2960 2267 2611 2304 2391 2873 2553 1308 2366 2983 3427 
1071 2168 2304 3006 2125 2136 2590 1552 5339 1363 182 3078 5654 6824 6639 4765 2306 2401 2531 2100 2350 1682 2619 2181 2399 
