includes/gis/ASCII_5k/mod13q1_ndvi_2007_177.tif.txt
ncols         25
nrows         20
xllcorner     257482.3972
yllcorner     9670060.6647
cellsize      5000
NODATA_value  -9999
3535 3216 4113 4321 5381 4751 4016 2812 2898 2967 3083 3692 4277 4226 3144 3466 3391 3541 4162 3709 3212 3394 3250 2756 2721 
3542 3767 3332 4283 5880 4220 3829 3335 2265 3331 3058 3493 4549 3218 3325 3266 3717 3759 3546 3386 3514 3624 2955 3800 4282 
3812 4986 3995 3590 2277 3655 3709 2778 3525 2744 2999 3106 3542 3963 3503 2864 3517 3118 3650 3669 4595 3222 3764 3394 3655 
4381 5343 3781 3062 2377 4300 3383 3148 3085 3817 2802 3087 3615 3372 3010 3265 3818 3492 2588 5223 3005 3836 3777 3220 4077 
3974 3747 3655 3770 3629 5216 3227 3118 2756 3161 2811 3320 3089 3727 2605 2802 3287 3041 2798 3535 3169 3782 3096 3786 3508 
3284 4187 4260 4212 3992 4151 2964 2789 3167 2810 2986 3143 2627 2856 2554 2553 2945 2367 2888 4804 4135 3821 3838 3649 3886 
3873 2767 3822 4349 1843 2214 3305 2805 2555 2608 2687 3014 2975 2902 2914 2880 2797 2557 2380 3177 2965 5348 3794 3382 3566 
3810 2392 3225 4973 3684 3339 2935 3212 2545 2783 3092 3449 2896 2929 2302 2735 2616 2150 2230 2718 4054 5317 4693 4234 4936 
3544 3601 4200 3360 4731 2810 2731 2463 3474 2479 2771 2748 3132 3036 2226 2178 2014 2540 2632 2758 5102 4359 5342 6161 6188 
4333 3421 3314 3220 3375 3569 2713 2265 2108 2263 2399 2624 2897 2618 2460 2096 2497 2289 2286 2502 3676 3969 5797 5756 4922 
3065 3262 3094 3192 3248 2935 2018 1319 1922 1929 2089 2686 2539 2715 2438 2148 2598 2498 2417 2439 2751 4864 4131 5359 5232 
3041 3328 3029 2428 2546 1878 1690 1454 1149 1790 2136 2282 2379 2374 2666 2161 2065 2561 2338 2429 2552 5588 4831 3821 5819 
3715 3067 2786 2709 2115 1819 1338 2844 2175 1558 2631 1637 2399 2409 2792 2822 2432 2266 2209 2284 3040 3559 4343 7986 4629 
3286 2664 2443 2625 2622 1718 1465 2745 1746 6164 3105 1764 2244 2276 2096 2641 3215 2530 3402 1512 2657 2756 4873 4613 6379 
2765 2324 2022 1987 3746 2054 3665 2260 1896 2491 2322 2875 2670 2866 2430 5651 2404 2096 1999 3059 1967 1878 4655 4062 6279 
2547 1722 2020 1253 1878 2454 2861 2860 2576 3341 2946 3691 3228 3107 2853 2709 2744 2629 2196 2739 2918 2744 4594 3450 4698 
2211 1825 1691 2656 2632 3303 2984 4015 3383 3200 3293 3876 4261 4451 3442 3284 2592 2950 2703 1938 3257 2463 2992 3421 4361 
2175 1980 2396 2952 3206 3715 925 2300 3432 3618 3965 2796 2455 3303 3406 2629 3050 2782 2933 4015 2651 2108 2210 2674 3231 
1880 2147 2318 2577 2696 2857 3809 4832 5958 3241 2304 5320 7324 4535 4342 3074 3308 3636 3088 3962 3520 2191 1942 2745 3820 
2224 2381 2813 3004 2863 5562 5246 8668 5800 5784 5985 6167 6648 7830 6588 7075 5059 4151 4412 3541 3587 2951 3117 1927 2797 
