includes/gis/ASCII_5k/mod13q1_ndvi_2006_017.tif.txt
ncols         25
nrows         20
xllcorner     257482.3972
yllcorner     9670060.6647
cellsize      5000
NODATA_value  -9999
2574 2546 2998 2453 3326 2173 3261 1501 2097 2101 2008 3837 3474 2916 1190 1356 1710 2683 2499 2821 2243 2247 2224 2035 2042 
2226 2260 2144 2792 2980 2127 2748 2182 1623 2098 2190 2713 2544 2912 1808 2311 2697 2525 2776 2353 2080 2616 2252 3313 3670 
2454 3051 2817 1896 2468 2202 2168 1761 2544 1991 1871 1939 2423 2614 2024 1914 1759 2005 2405 2127 3715 2996 3287 2719 3338 
2949 3859 2613 2549 1988 2170 2271 2301 2173 2952 1965 2082 2508 2170 2325 1781 2063 1701 1933 4627 2514 2267 2771 2098 3064 
2635 3162 2934 2609 2943 3022 2174 2123 2070 2200 2269 2481 2649 4066 1658 1732 2286 2086 1936 3977 2925 3255 1976 2916 3229 
2136 3084 3041 2678 2974 2885 2249 1996 2016 2368 1787 2463 2388 2354 1739 1865 2359 1800 2228 4414 4279 3318 3587 2877 3091 
2508 2724 3498 3215 2326 2281 2590 2298 2009 2042 2507 2196 2608 2219 2205 1953 1781 2024 2068 2987 2653 5400 3169 4105 3553 
2602 2075 2337 2921 2293 2218 2033 2401 2219 2214 2588 2168 2300 2305 1937 2030 1788 1500 1918 2134 4346 6079 6237 5696 5615 
2341 2720 2931 2833 3402 2163 2037 1797 1985 2136 2107 1837 2170 1972 2077 1871 1625 1789 2365 2539 5382 4608 5470 6412 6519 
2709 1959 2719 2468 2107 2361 2134 1725 1740 1774 1822 2065 1815 1900 1865 1821 2024 1761 1810 2290 3353 4602 7313 7498 5934 
2541 2719 2156 2349 2197 2394 1713 1157 1661 1742 1642 1729 1789 1893 2228 1857 1955 1835 1667 1872 2567 5627 5766 7535 7725 
1952 2059 2130 1859 2020 1634 1678 1406 1002 1689 1493 1695 1743 1824 1927 1774 1845 1949 1674 1768 2454 6731 5962 5792 6985 
2095 1791 1571 2678 1845 1600 1445 2591 1852 1461 2073 989 1844 1679 1903 1944 1747 2004 1789 1582 2992 3416 4965 8294 7288 
1873 1462 1758 1851 1859 1561 1290 1971 1454 4945 2971 1571 1883 1501 1646 1608 2358 1979 3297 1265 2293 2257 4446 5321 7347 
1750 1650 1307 1486 2912 2054 2297 1721 1671 1420 1590 1642 1969 1920 2074 4416 1970 1954 1876 2940 1500 1530 5150 4393 6061 
1713 1413 1225 1591 1610 1531 2003 1982 1987 1817 1818 2206 2082 2376 2162 1937 2332 2174 1803 1930 2251 1930 4580 2650 4097 
1511 1566 1186 1976 1835 1984 2582 2156 2532 2198 2407 2889 3823 3230 2175 2941 2262 2757 2365 1476 2075 1833 2048 2677 4195 
1673 1152 1801 2170 2433 2348 2361 3797 5888 6685 3431 2422 2761 3571 2104 1957 2728 2299 2394 2987 2025 1687 1833 2275 3286 
1581 1753 2028 2153 2171 2306 2395 8542 8494 8261 8455 8593 8613 7080 6187 3721 3736 3786 2923 2979 2996 1888 1860 2224 4207 
1792 2148 2622 2524 2242 2741 7850 8022 5133 2538 2073 5809 5632 7277 6302 7434 4919 5254 4743 3913 3426 2454 2649 2076 2357 
