includes/gis/ASCII_5k/mod13q1_ndvi_2004_209.tif.txt
ncols         25
nrows         20
xllcorner     257482.3972
yllcorner     9670060.6647
cellsize      5000
NODATA_value  -9999
2824 2735 3301 3332 3271 2649 3177 1900 2615 1987 2364 3828 3539 3516 2250 2086 2146 2728 2915 2949 2631 2801 2618 2426 2228 
2665 2947 2801 3084 3431 2649 2745 2391 1886 2448 2412 2723 2934 2473 2232 2431 2532 2742 2648 2540 2521 3060 2758 3294 3405 
2900 3485 2967 2392 2784 2669 2547 2091 2583 2279 2103 2206 2636 2697 2053 2090 2022 2164 2432 2530 3778 3125 3170 3164 3079 
3054 3944 2719 2798 2635 2784 2670 2804 2532 2973 2459 2530 2638 2177 1970 2027 2416 2033 2030 4146 2551 2406 2814 2318 3126 
2765 3287 3178 3013 3060 3541 2573 2564 2419 2565 2660 2557 2578 2862 1971 2070 2307 2240 2021 3684 2520 3449 2340 2760 2966 
2474 3151 3565 3108 3152 2950 2395 2344 2304 2376 3821 2497 2262 2262 2002 2011 2322 1817 2260 3609 3758 2961 3502 2770 2881 
2803 2955 3878 3565 2656 2472 2417 2264 2353 2169 2125 2160 2294 2212 2188 1887 1961 2127 2181 2800 2995 4865 2842 2885 3108 
2919 2600 2636 3245 2983 2425 2268 2403 2655 2572 3159 2299 2662 1879 2006 2200 1944 1683 2019 2308 4319 5524 4149 3346 3993 
2786 2999 3187 2746 3557 2450 2195 2027 2236 2153 2149 2086 2562 2207 1972 1915 1766 1826 2289 2313 5116 3973 4963 5952 4908 
2965 2189 2574 2640 2481 2905 2550 2329 2060 2001 1985 1940 1808 2012 2046 1988 2173 1898 2032 2257 3077 3778 6107 5641 4262 
2731 2889 2272 2418 2223 2141 2009 1376 2104 2010 1832 2075 2048 2376 2181 1999 2120 2042 2109 2010 2497 4570 3938 5753 5192 
2296 2207 2255 1920 2055 1853 1657 1415 1122 1912 1528 1848 2009 2170 2285 1985 1851 2229 1935 1981 2440 6098 4843 3828 5571 
2360 2173 1843 2200 1994 1808 1256 2907 1922 1408 2068 1192 1793 1906 2060 2010 1817 1953 1977 1999 2637 2597 2933 7927 4209 
2137 1729 1856 1986 1927 1531 1448 2208 1395 5121 2679 1766 2203 1672 1736 1628 2311 1771 3052 1208 2494 2186 3249 3845 5196 
2184 1820 1405 1544 3010 2168 2379 1800 1730 1639 1787 1740 2060 2012 1997 4880 1898 1777 1890 2826 1473 1534 4124 3094 5071 
2057 1653 1400 1592 1833 1899 2166 1925 1913 1938 1950 2268 2015 2334 2087 2182 2400 2319 1785 2029 2204 1886 4147 2734 3410 
1852 1623 1275 1899 1996 2217 2406 2537 2593 2599 2569 2602 2782 2526 2313 2430 2044 2585 2370 1645 2119 1996 2097 2614 3931 
1906 1461 2013 2076 2475 2494 2896 3067 7443 7206 4341 2741 2423 2578 2157 2044 2439 2186 2212 2871 2174 1698 1935 2326 2586 
1614 1570 2240 2148 2173 2667 3579 8089 7957 7923 6889 7378 8470 6344 3581 2943 2774 2196 2441 3019 2782 2103 1765 2165 3419 
1837 1926 2399 2437 2264 3260 7855 7719 4986 4933 5028 6470 5252 7196 4685 5909 3367 2786 2373 2743 2885 2528 2436 2166 2439 
