includes/gis/ASCII_5k/mod13q1_ndvi_2009_145.tif.txt
ncols         25
nrows         20
xllcorner     257482.3972
yllcorner     9670060.6647
cellsize      5000
NODATA_value  -9999
4900 4057 4978 4533 4663 3384 3543 2417 2963 3487 3872 4781 4264 3970 1499 1701 2028 2671 2601 2440 2157 2415 1824 1749 1945 
4450 4343 3878 3198 4263 2947 3377 3315 3068 3382 2729 3042 3307 3242 1999 2999 2814 2538 1872 2322 2460 3137 2771 3119 3295 
3895 5151 3331 3161 3639 3158 3266 2447 3716 2389 2763 2656 3912 3483 2287 2049 1952 2474 2185 2440 3691 3037 2709 3274 2802 
4307 6325 3646 3233 2563 3131 3391 3722 2772 4048 2848 2727 2960 2060 2807 2086 2267 2140 2309 4625 2700 2568 1835 2460 3491 
5435 4871 3852 2759 3206 5045 2648 2508 2943 3140 2608 3133 2925 3228 2340 1974 2518 1609 2117 4256 3536 3609 2328 2155 2833 
3243 5363 3442 3094 3847 3657 3231 2527 2239 2413 3176 2753 2346 2350 1922 1934 2333 1802 2981 1733 4806 3683 1855 2359 2264 
3188 5203 2479 3852 3033 2303 2423 2540 2866 2744 2610 2212 2416 2727 2796 2147 2356 2561 2457 2840 717 5150 2249 2708 3534 
3311 2940 3425 4042 3164 2237 2336 2499 2239 2340 2741 2190 2062 2002 1634 2642 2134 1767 2230 2876 2822 2195 3371 3795 4314 
3227 3682 2937 4277 3882 2416 2422 2480 2430 2391 2296 1986 2418 2142 1746 1855 1720 2153 2371 2934 5434 3314 4909 5715 4545 
4816 3034 3066 3539 2889 2363 2001 2196 1685 1807 1733 2059 1954 1897 1843 1788 2117 1903 1797 2292 4274 5089 5325 5829 4800 
2901 2720 2542 3108 2727 2449 2043 1233 1727 1502 1548 1687 1762 1755 1864 1762 2249 1993 1605 1963 2592 5539 5259 3084 5648 
2484 3487 3726 2356 2221 1499 1624 1286 998 1484 1454 1640 1613 1692 1774 1571 1715 2313 1580 1553 2412 5812 2318 5182 5279 
3190 2903 2203 3436 2407 1759 1309 2989 1856 1545 1920 904 1621 1645 1803 1890 1971 2357 1606 1613 2848 3869 5557 6262 5477 
2247 1844 1700 2108 3163 1538 1318 2148 1315 5887 3316 1579 1904 1777 1615 1643 2088 1876 2114 1099 2672 3454 5932 5130 2973 
2677 2062 1553 1880 3265 2100 2629 1657 1607 1559 1553 1561 2159 1895 2007 4636 1791 1628 2158 2688 1611 1699 4445 4011 4620 
2088 1471 1287 2029 1962 2108 2317 2293 2508 2175 2088 2559 1854 2736 2240 2221 2178 2214 2310 2033 2465 2143 3614 3378 3402 
1461 1567 1240 2345 2642 2637 3550 3675 3451 3262 3338 3618 3003 2725 2085 2683 2090 2495 2606 1865 3152 2320 2573 3845 3278 
2106 1161 1083 1408 3304 2343 4194 3847 4325 7179 4517 3202 1762 2822 2243 1790 2171 2258 2427 4154 2392 2204 1773 2649 803 
1465 1648 2215 2765 1880 2974 3377 980 1841 4004 1107 3643 1545 5006 2830 2108 2140 2222 2633 4583 3229 2132 1651 1059 4183 
2295 2103 2387 2936 2918 6346 2357 3934 6518 5255 1995 6041 6225 7400 7692 7233 3228 3295 3050 2720 3460 3602 2835 1681 2103 
