includes/gis/ASCII_5k/mod13q1_ndvi_2010_225.tif.txt
ncols         25
nrows         20
xllcorner     257482.3972
yllcorner     9670060.6647
cellsize      5000
NODATA_value  -9999
3192 2880 3609 3140 3652 3408 3549 2363 2634 2699 2472 3352 3533 3457 2807 2910 2721 3069 3627 3081 2970 3153 2894 2386 2443 
3236 3282 3261 3682 3495 2787 3107 2901 2042 2683 2638 2852 3099 2977 2477 3017 3219 3602 2871 2974 3031 3419 2988 3351 3332 
3165 4133 3592 2875 3349 3207 2755 2272 2725 2540 2613 2562 2704 2736 2809 2680 2771 2256 2796 2865 3756 3014 3140 3197 3128 
3318 4540 3716 3618 3055 3145 2896 2906 2475 3110 2478 2339 2919 2709 2515 2848 3086 2253 2417 3607 2823 2663 2838 2557 3256 
2861 3324 3609 3601 3112 5027 2905 2865 2316 2495 2676 2826 2661 3167 2418 2505 2657 2620 2461 3277 2839 3204 2653 3411 3175 
2613 3032 3170 3142 3159 3252 2345 2930 2881 2440 3891 2522 2305 2376 2129 2332 2379 2042 2581 3527 3734 3271 3119 3858 3134 
2717 3030 3450 3224 2850 2459 2708 2656 2213 2322 2300 2527 2330 2364 2513 2458 2083 2220 2223 2827 3076 4657 3804 3770 3802 
2909 2629 2962 3410 2839 2561 2465 2555 2458 2488 3667 2304 2204 2629 2171 2207 2091 2173 2109 2326 3955 5285 4530 3195 4962 
2894 3101 2932 2801 3179 2409 2498 2138 2134 2742 2287 2255 2209 2156 1941 1964 1731 2157 2096 2356 4820 3822 1734 5986 5017 
2762 2600 2654 2768 2487 2487 2347 1999 1962 2134 2170 2178 2148 2137 2225 1960 1900 2031 1969 2314 2748 3605 4864 5260 4297 
2479 2813 2157 2508 2199 2137 1860 1407 1806 1805 2070 2500 2116 2038 2130 1841 2142 2077 1667 1993 2540 4747 4785 6030 4974 
2088 1748 2222 1823 2106 1949 1953 1564 1202 1683 2014 2148 1818 2128 2302 2087 1852 2151 2129 2091 2494 5670 4608 3588 5594 
2339 2007 1887 2131 1987 2380 1375 3089 2170 1775 2517 1237 1834 2041 2196 2036 1726 1944 1795 1695 2595 2819 3696 7808 4129 
2069 1769 1825 1867 2710 1653 1456 2314 1700 5657 2846 1594 2083 1808 1777 2016 2191 1739 3652 1302 2353 2254 3398 3907 5948 
2030 1828 1487 1681 2866 1871 2668 2138 1756 2004 1693 2001 2056 2188 1733 5183 1945 2015 1870 2872 1824 2056 4191 3784 5173 
1955 1640 1746 1711 1884 1962 2128 2198 2089 2122 1997 2401 2098 2401 2348 2202 2369 2219 1850 2075 2386 2251 3933 3042 4306 
1850 2106 1393 1875 1933 2345 2339 2176 2274 2527 2599 2776 2850 2842 2570 2523 2128 2677 2158 1629 2735 2838 2505 2949 3855 
2240 1618 1807 1971 2219 2523 2897 3607 7102 7596 4804 2887 2834 3297 2554 2682 3121 2124 2100 2992 2259 2333 2262 2378 2740 
1763 1898 2008 2141 2077 3052 3785 8272 8246 8222 8122 8500 8489 7411 3957 3420 2957 2384 2355 2783 2700 2178 1965 2840 3224 
1769 1999 2253 2437 2324 3639 7108 8067 4972 5051 3629 5044 5892 7395 7723 7042 3174 3441 2614 2646 2736 2419 2244 2196 2416 
