includes/gis/ASCII_5k/mod13q1_ndvi_2010_081.tif.txt
ncols         25
nrows         20
xllcorner     257482.3972
yllcorner     9670060.6647
cellsize      5000
NODATA_value  -9999
7430 5389 7085 6694 6876 6317 7120 4409 5485 5363 4345 6267 7076 5949 6175 6152 5640 6449 7030 7440 6343 6084 7216 6088 5560 
7265 7092 7321 6873 6579 6117 6270 5805 5338 6648 5258 4995 6448 7227 6913 7472 3741 5495 5912 6073 7186 6768 6592 8012 5701 
6301 7320 7248 6208 5023 7070 5734 5015 5017 4492 5300 5687 5551 6670 6840 6602 5633 4563 5970 6358 7764 8423 7946 7403 5700 
6942 7545 7892 7047 4493 6499 4904 3553 4409 4892 4283 5840 6054 6535 4118 5132 7066 6574 5867 7445 6680 6607 7139 5836 6584 
7419 7570 6916 7702 6108 8488 5362 4671 4310 5246 4272 5801 6323 6778 5757 7051 6874 2376 5754 7451 6309 6081 6181 6672 5494 
5945 7313 6482 6815 6185 7003 4206 4654 7127 5502 5868 4003 4075 4724 4338 7065 6265 5161 6256 6847 -9999 7238 6643 6935 6680 
6156 6735 6094 6493 6027 4703 5456 5951 3883 4802 4283 4881 4789 5498 4532 7294 5666 6855 5743 6166 6930 2412 6633 6863 5596 
7207 5955 6369 1752 4226 2665 4992 4451 4412 2334 8028 3984 2189 5305 5000 5898 2408 5015 5771 6495 7179 7996 8177 6932 8587 
7236 7035 5747 5340 5903 5829 4384 3482 3001 6396 5628 5071 4482 4525 3633 4497 3372 5491 6186 6628 5383 7375 6210 6034 7926 
7214 5511 6958 7497 5891 5610 3555 2737 2750 4456 3822 1452 5499 5455 5855 4503 2684 4458 4998 6695 7133 7109 3560 6914 8193 
6172 5263 4814 6611 4901 4058 3196 2075 3038 3974 4713 5722 4356 4450 5720 5348 5743 5022 3688 5004 6583 5455 7067 4620 8507 
4083 3918 4883 3957 4469 4208 4594 1363 1218 1760 3188 4417 3271 5279 6090 5618 4008 5812 6614 4755 6671 7687 4433 3522 7903 
5430 4492 3806 4113 3510 3512 1417 3737 4063 3431 5089 2159 2764 6913 3323 3167 4043 4592 4144 5465 7323 7344 5217 3918 2805 
3729 3469 3469 3642 7343 2401 2576 6534 3745 7417 6070 2197 3495 4819 5005 6715 6241 6707 6583 3013 7496 6902 7700 3830 5897 
4267 3898 1947 2934 4581 3066 6438 6581 4630 4633 2863 5992 4507 5292 4522 4592 4832 4900 3463 6811 4480 5941 7401 8017 5056 
2610 2552 3016 3033 4221 4752 5931 6908 6386 6179 3619 4917 5385 5854 6708 5084 6933 6222 3883 4640 6280 5713 6870 7842 6874 
3929 5237 1157 3714 3967 5670 5556 6115 4312 6618 6583 6665 6860 7117 7766 7582 6439 6877 5775 5247 6770 8822 7044 7240 5800 
4405 2507 2409 3888 3818 5388 5600 3309 4567 6440 7647 6763 7643 7833 7245 7063 7477 5304 5150 5966 3764 4473 4337 5182 6961 
3594 4846 3652 4738 4579 5275 6893 1928 7205 6052 1587 6507 8824 8957 7433 6044 5824 5567 6557 2826 5564 3686 3172 6449 6946 
4740 4803 3672 6923 5256 5221 2179 4878 3661 1397 534 3453 4043 5448 6641 8842 5713 6379 6019 3791 4537 5285 5139 6689 4155 
