includes/gis/ASCII_5k/mod13q1_ndvi_2016_145.tif.txt
ncols         25
nrows         20
xllcorner     257482.3972
yllcorner     9670060.6647
cellsize      5000
NODATA_value  -9999
5904 6086 7496 7067 5423 6487 6437 3782 2195 5216 4716 3912 5794 5539 1884 2325 4527 4665 4547 4010 3911 3249 3678 3958 4119 
6892 6089 6948 7065 7076 6094 5524 4568 3914 3170 3563 4073 4160 6579 3091 3233 4985 5476 5123 3574 3936 4494 4001 5859 5077 
6963 6447 6959 6504 6533 6813 5171 3057 4463 3850 3739 2920 3160 4056 3925 3649 2650 3268 3697 3244 5032 4764 4544 3863 3905 
5100 5361 6850 7437 6703 7069 3891 5496 3915 4487 3650 3509 4049 4089 4855 4452 5414 2345 3493 5116 3418 4407 3824 3924 4822 
5191 5798 5480 6694 6792 7491 5019 3975 3964 5519 4469 4739 5553 4826 3096 3499 3989 2777 2870 4198 3082 3902 3566 5267 5006 
4166 5174 4175 4825 5499 5467 4770 4726 4204 4684 6521 5086 3633 3276 2753 3308 3776 2805 4445 5683 6525 5259 3542 3771 3661 
5040 5620 5444 5105 6871 4930 4937 3483 3725 3457 3760 3954 3660 2994 2886 4839 3683 2824 3979 5154 6521 6681 2902 3354 3885 
5177 5291 6443 6303 6749 4462 4196 3788 3341 3337 5926 2814 2814 3179 2645 2644 2375 2119 2496 4761 4914 6795 7008 5316 5309 
4077 5058 5229 4919 5732 6240 4059 2526 3188 3313 3125 3086 3285 2360 2370 2447 2161 2631 2628 3401 5269 5123 6200 6401 6981 
5283 4459 3650 6350 5241 4351 4352 3758 2587 2049 2876 3566 3857 2458 2408 2705 2707 2592 1866 2387 4319 3384 7593 6532 5405 
4066 5538 3259 3286 4556 4833 3335 1522 3134 2349 2001 3220 2974 3725 3678 3012 2962 3483 2461 2919 3349 6655 4790 7283 7224 
3081 4209 4724 3606 4671 2861 3452 2455 1348 2689 3008 2083 3503 2611 2291 1900 1989 2566 1989 3128 2977 6887 7383 7095 7134 
3738 3147 2909 4492 3542 2535 1191 3095 4111 2899 3438 1335 1742 2386 2645 2426 1897 2963 1973 1882 4221 5630 6201 7944 6857 
4219 2576 3020 3676 5743 1736 1538 3452 1912 7382 4197 1738 2487 3322 1870 2008 2745 2185 4752 1597 3686 4346 4361 6192 7163 
3224 3882 1685 2889 3365 2155 4592 3338 2328 4542 3216 2012 2583 4114 2384 5983 2326 2252 2068 4052 1765 1796 5073 5191 7139 
2611 1528 2300 2644 2392 3222 3707 5112 5424 5746 2419 3474 2627 4070 2300 2421 2646 2806 2315 2237 2757 2344 4351 4330 6813 
2226 2151 1533 3963 4081 3542 3600 3626 5643 5206 6370 4254 4373 2470 4008 2946 2217 3109 2372 1705 3461 2484 2748 4137 5091 
2671 1628 2327 3051 4629 5788 6869 5237 5426 1413 4577 5856 6607 5093 2953 3247 3363 4305 2731 4071 3094 2524 2439 2780 3704 
1513 1725 2036 2881 3468 7471 7216 1576 8068 8236 8206 7188 8830 8050 5360 4977 4158 4633 3480 3256 2985 2388 1871 2952 4928 
2705 2421 3031 3054 2672 7790 8361 8547 6130 5242 5551 5531 6769 7846 8289 7380 6322 4757 5175 5012 3839 3372 3299 4125 3886 
