includes/gis/ASCII_5k/mod13q1_ndvi_2011_113.tif.txt
ncols         25
nrows         20
xllcorner     257482.3972
yllcorner     9670060.6647
cellsize      5000
NODATA_value  -9999
4891 2550 4696 4014 5659 6131 5484 3963 4550 6235 6833 6209 5169 5408 4491 3759 3433 4252 4583 4637 3988 3909 2960 3201 3010 
5033 5696 4154 4494 6131 5392 5101 4275 3508 5674 5527 4541 4269 4658 4171 4660 3271 4735 4360 5041 5048 4490 3969 4250 4276 
3962 5252 3091 3196 3339 4145 4248 3641 5367 3922 4426 3378 4028 5063 4207 3645 4488 3040 4512 5502 5773 4384 4022 4047 3809 
4655 2641 4415 4036 4661 5474 5058 4513 3664 4219 3828 4259 5205 3804 3836 3767 4109 3609 3368 6228 4925 3860 2913 3882 4940 
4237 4978 4641 3856 4510 5770 4782 3942 3668 3726 3229 5190 4349 5102 3282 3534 3749 3951 3513 5425 4402 4865 3332 4170 4214 
3626 4536 3550 3271 4244 4175 3947 4729 5020 3482 5040 3837 3097 3545 3070 3213 3372 3077 3311 3781 6272 5599 3297 3256 3330 
3814 4477 5093 3976 3159 3730 3779 4339 2948 3331 3090 3002 2963 4159 4320 2975 3253 3491 3017 4012 4728 6745 4870 3618 3800 
3714 3367 4320 4000 3286 3309 3996 4452 2638 2991 5926 2663 3422 4314 2466 3003 3678 2359 2201 3205 4351 6713 6705 5218 5416 
3174 3717 3662 3535 3712 2857 3814 3516 3327 3118 3963 2881 3916 3058 3341 3147 3321 3236 3640 3583 6208 4929 3706 6959 5871 
4064 2724 3257 3146 3975 2877 2662 2338 2902 2682 2377 3264 4015 4231 3850 3606 2962 3117 3301 3074 4339 4736 4185 7098 6264 
3281 3364 2508 2591 3047 2713 1997 1493 1881 2131 2422 2924 3174 4173 3442 3246 4507 3656 3239 3036 3305 5930 6928 6957 5865 
2428 2616 2676 2118 2109 2086 2100 1341 1154 1833 2258 2927 3161 3558 2981 3600 3221 3946 3244 3336 3129 6727 6262 6051 6565 
2794 2593 2221 3036 2293 2871 1480 3105 3157 2103 4335 1948 3230 3098 3512 3680 3200 4155 2660 3377 4734 4980 5693 7989 6454 
2678 2269 2054 2225 5196 1760 1529 2735 2041 7076 4068 1919 2771 2896 2965 5634 4245 4280 7223 2227 3828 3388 5235 7518 7821 
2722 1987 1480 1818 4014 2213 2761 2286 1744 2474 1819 2220 3182 3892 2658 7863 3440 3512 2648 5247 2621 2079 5165 4836 7608 
2107 1723 1947 1845 2401 2776 2682 3504 3307 2488 2506 2785 3093 4384 3853 3403 3575 4498 3032 2829 3622 3146 5719 3499 4262 
1993 1813 1338 2379 2860 5625 4079 4841 5059 3030 3786 4582 4410 5791 4471 4238 3397 4283 3333 2231 4841 3795 3841 3877 4915 
2581 1934 2941 3373 3516 6716 3783 2051 6627 6429 5533 3523 4997 6168 3830 5286 4689 4646 3767 4908 4373 3508 3340 4857 4335 
1940 2828 3370 4115 5042 6825 5587 2199 1585 1592 1103 1793 4597 7850 6404 5552 6178 6327 6075 5241 5034 3477 2663 5073 5794 
2649 2715 3305 4118 5758 5751 8056 4007 4576 789 2494 4019 1909 7742 8611 8782 6106 6674 5189 5110 4882 4114 4805 4196 4697 
