includes/gis/ASCII_5k/mod13q1_ndvi_2006_337.tif.txt
ncols         25
nrows         20
xllcorner     257482.3972
yllcorner     9670060.6647
cellsize      5000
NODATA_value  -9999
8246 6592 7563 6573 6003 6527 3173 5438 7378 7628 7676 4344 6457 8061 7760 5870 5972 6912 6773 7120 6754 6024 7433 6111 5773 
6502 7943 5149 6842 6965 6881 7130 5865 5066 7063 7263 5842 4016 7573 8124 8173 7971 7041 6546 7572 6937 7630 6561 8662 8651 
7208 8080 8295 7235 6220 6299 -9999 6516 7331 6377 7925 6812 4288 5472 8023 6376 7887 5081 7232 7345 8506 7876 7402 4868 4104 
6646 7478 7697 6804 4817 5883 5794 5270 5564 5455 5280 7542 7289 5053 8167 7803 6018 7279 6019 6186 8241 7816 4342 5985 7588 
6614 6914 4537 5642 5315 7471 5183 5971 4180 3111 6041 6871 7313 6517 6166 7852 7501 -9999 7202 6747 7602 5690 5516 7465 6102 
5009 6168 5563 5566 4840 5755 4009 4572 5068 5210 6647 6522 4827 5636 4472 6500 4807 4802 6827 7146 7413 8316 7532 6028 6396 
6874 6730 5663 5755 5086 5359 5815 3335 4549 3868 4645 5313 5675 6018 5324 6634 6382 6382 5848 6772 4774 8094 5135 6826 3768 
5647 5309 5791 6390 5198 4671 3716 4062 3510 4552 5415 5888 4767 4820 4916 6500 6968 6330 6482 4037 1931 7715 6357 8462 6252 
6453 6676 7255 5952 7697 3531 3074 3338 3235 3933 4993 5263 5095 5673 3308 2639 2828 5618 4826 6189 6057 4168 4004 4984 8824 
7092 6223 7460 8102 2825 4892 3606 1840 3361 4678 5368 4920 5115 5546 5946 1078 4129 2279 6602 6957 7162 7115 7984 4536 5180 
6510 7178 5486 4873 4060 3671 2649 1002 3050 3398 3557 5114 4683 4984 5653 5154 4194 4410 6021 5169 6873 7140 5267 4226 3793 
6589 6396 5229 4813 4433 2221 3007 1627 1192 2153 2581 4105 5027 4628 6068 4721 -9999 3483 4634 5458 6607 7453 4825 3192 8319 
6576 5752 5514 5343 3820 3025 2017 2912 2431 2374 4574 2258 3736 4234 3103 5554 5024 6168 4507 5709 7716 7141 6274 6158 4547 
5804 4981 4361 4027 4889 1896 1616 2834 2406 7505 5650 2019 3228 1842 3025 5681 4245 6320 7068 2685 7295 7281 7389 2135 1842 
4671 4514 2730 3089 5664 3197 6049 5637 4146 4713 4548 5704 5146 4205 4529 -9999 5053 5305 5360 5687 3938 4739 7376 3693 6741 
3767 2399 2308 2717 2512 4062 5318 5738 6486 5517 7523 6457 6909 4792 5076 6497 5880 4378 6196 5979 4295 6474 5727 6188 4464 
2638 2041 2670 3522 4249 6212 7882 6507 6249 4300 7528 3283 5074 5308 6665 5631 3391 5423 6881 7126 7210 7037 5799 7551 4411 
4110 4293 4538 4481 5392 6578 7214 7102 4467 6996 5767 3765 5071 2687 4136 2494 6731 3858 6091 6535 4522 6399 5376 3443 7892 
4374 5638 5575 6372 6467 7322 7010 9028 8578 8272 4154 3583 5116 4968 5179 4866 4734 7114 5376 6727 6941 4600 3989 6545 3727 
4656 5201 6122 7396 6939 7763 8297 8531 5354 1264 3946 5103 3339 4453 4562 7877 6437 4722 5499 3654 7019 3555 5365 4483 6716 
