includes/gis/ASCII_5k/mod13q1_ndvi_2006_321.tif.txt
ncols         25
nrows         20
xllcorner     257482.3972
yllcorner     9670060.6647
cellsize      5000
NODATA_value  -9999
6262 5704 4939 5501 6165 6070 4560 5623 6816 7890 6425 7291 4751 7933 7176 5961 5669 6382 5454 6007 5361 5889 4962 4630 3348 
6921 5305 1866 4054 6747 6380 5907 7589 5088 7521 6961 6646 7135 7512 7135 7934 6681 3500 5579 6991 6123 6368 6093 8556 5562 
5612 6877 6217 5332 6649 6090 5456 4273 5785 5195 7245 6223 5991 5679 7656 6677 5909 4032 3838 5749 8550 8250 7362 6982 5878 
5820 4633 5446 5681 4651 5525 5616 3909 4803 6735 4822 6891 6945 6829 8094 7107 6415 5862 4818 4498 6313 5496 6794 4931 3773 
5924 5584 5068 3542 4024 5014 4755 4276 3631 5781 5179 6795 6325 6689 4614 5979 5396 7111 5210 6506 6753 6883 4562 6895 5423 
3892 5809 5071 2987 4745 3327 3239 3468 4144 4379 6124 4777 3884 3656 4447 4584 4392 4216 4088 7819 8387 7862 7169 4645 4747 
2276 6094 4022 4051 3362 2847 2794 2693 3016 2836 3423 4116 4640 5268 3878 4468 5394 4593 4612 4279 4281 7688 5571 5589 6122 
4368 4715 5588 6770 2828 1734 1723 3574 2558 2534 5171 4125 3784 2963 2763 6077 4145 3106 5416 5919 6914 7475 8475 8510 8843 
5844 4814 4759 5857 771 2333 1377 2601 3946 3413 4275 3766 2472 4225 2071 3357 3445 4570 4796 5198 4456 6340 6002 8367 8454 
5720 6481 3475 4674 2341 1524 2600 1400 3122 4221 2955 3987 3997 4016 3344 3055 3405 3577 4055 5104 8205 5959 6940 8637 5826 
6919 6132 4201 4141 2501 2167 1985 1388 2165 2202 945 3115 2834 3526 5136 4594 4262 4756 3790 4446 6218 7029 5672 7382 8173 
5967 6216 4738 4488 2324 1827 1879 1657 1117 1828 2213 2378 2820 3146 4629 3904 4017 4740 3667 4363 5995 7771 6583 6139 7457 
6469 3813 3416 3148 2326 1891 1501 3377 2076 1681 2177 1220 -9999 1338 3640 4264 4351 3990 3635 4558 6862 7381 6784 4762 7458 
5343 4066 2529 2623 2662 1846 1581 2406 1521 6910 3002 2062 2488 2407 3378 6451 5849 5465 7333 1668 6727 6569 7885 6429 7714 
4602 2810 1609 1948 3463 2271 3196 2308 3104 2676 2995 4240 4162 4730 4707 8510 3269 2737 3763 6043 3462 3467 7176 6191 7286 
3140 1800 1818 1868 2335 3173 3506 4452 3586 4711 5992 4661 5304 4700 2425 4299 3392 2891 4119 5004 5831 5188 6968 6445 6725 
2160 1760 1914 2432 3485 5330 5441 5329 5799 5999 5040 6931 4042 3786 2778 3126 4358 5236 4948 3446 5753 5650 4729 6842 5350 
2580 3655 3948 5055 3292 6589 6185 5404 3979 5415 7397 2017 2792 889 4404 2004 3424 4200 4917 5282 4144 4764 5199 6250 7353 
3648 4940 5802 6565 6420 7193 7465 6520 2712 2109 2274 3774 7431 4730 2956 3868 3935 -9999 6847 6312 6029 4122 3673 5948 5678 
3143 3687 4279 6379 7288 3530 8763 8774 507 1067 325 490 4457 3129 2838 4524 4532 6827 6687 6118 6700 5093 5339 5149 6297 
