includes/gis/ASCII_5k/mod13q1_ndvi_2014_017.tif.txt
ncols         25
nrows         20
xllcorner     257482.3972
yllcorner     9670060.6647
cellsize      5000
NODATA_value  -9999
4950 4905 5963 5462 5935 5519 5250 3742 3687 4982 3506 4769 4833 4191 2850 4116 3707 4873 4686 4137 3301 3785 4044 4358 3930 
5188 5233 4953 4887 6546 5088 4604 4627 3234 4754 3430 3260 3889 3465 3220 4476 4524 4040 3842 3559 3225 4424 3798 5091 4634 
4991 5276 5681 4523 4698 4372 4253 4059 4268 3177 3263 3015 3758 3766 3983 4209 3992 3390 3681 3162 4817 4208 3655 4289 4570 
5574 6673 5108 5328 4015 4757 4022 4544 3265 3430 2998 3796 3366 2960 3497 4168 4260 2493 2717 5853 3703 3884 4449 4243 5801 
4980 4683 5052 5047 4894 6003 4822 3741 2683 3131 3564 3413 3388 4164 3227 2936 3701 2692 3061 5369 4074 4752 3743 5883 5944 
4180 6049 5862 5294 4804 4722 3953 3625 3222 2919 5011 3277 2888 2784 2594 2604 3303 2929 3222 5603 6231 5644 5036 4530 4476 
4641 5935 6252 5487 3893 3458 4214 3473 3039 2508 2750 2959 3013 3550 3957 2777 3248 3407 3622 4768 5986 7044 4559 5226 5279 
4935 4800 6008 5964 3589 3772 3936 4376 3722 3145 6018 2615 2696 3117 2261 2770 2788 3459 2888 4009 5703 6508 6363 5879 8206 
5272 4656 5461 4378 3643 3035 3066 2475 3752 4604 4619 3111 3908 3678 2521 2297 2284 2668 2887 3713 6176 6348 4603 7919 7803 
5771 4486 5113 4349 3129 2897 2832 3599 3586 3183 3372 3368 3929 3714 2908 2471 2741 2876 2242 3040 4938 6505 7560 6660 7613 
3889 5425 3671 3385 2426 2361 2032 1916 3098 2973 3205 2791 3321 3754 3445 2521 3172 2807 2294 2806 3702 6248 7389 8087 8040 
3117 4041 4058 2660 2627 1924 2251 1645 1387 2310 2395 2250 2401 2893 3093 2533 2466 3117 2704 2764 3779 7325 6942 7791 7940 
3947 3425 2794 3268 2377 2044 1621 2711 3227 1936 3202 1635 2551 2785 3390 2638 2754 3130 2406 2230 5211 5674 6158 8560 7786 
3455 2175 2677 2520 4483 1809 1600 2587 2330 7668 4798 2038 2685 2593 2818 3336 3904 2968 6397 1722 5045 4514 6839 6175 8100 
2719 1936 1415 1785 4026 2337 3059 2402 2119 2787 2740 3563 3566 4421 3011 7662 3010 2921 2557 5744 2728 2486 6240 6105 7111 
2722 1620 2464 1627 2247 2347 2752 3185 3728 3433 3029 4721 4289 4673 4982 3653 4143 3056 2789 2952 3297 3043 6239 5448 6878 
2616 2202 1545 2457 2806 3770 4246 4457 4725 4835 5166 5446 6345 5156 4923 4200 3325 4897 3394 2697 4080 2733 3526 4302 4914 
3210 1645 2221 2273 3711 4220 4797 5175 7981 8489 6512 5158 5243 6014 4050 4283 5366 4491 3046 4335 3344 3240 2763 2893 3907 
2009 2366 2382 3091 2649 3983 6352 8817 8465 8242 8284 8860 8894 8014 6387 5665 5210 5706 5408 4870 4328 3583 1969 3067 4832 
3822 2907 3794 3857 3490 5421 8382 8726 5402 4654 4712 4826 5803 7246 8607 7768 6024 6138 5330 5246 4436 3064 3461 2859 3629 
