includes/gis/ASCII_5k/mod13q1_ndvi_2006_273.tif.txt
ncols         25
nrows         20
xllcorner     257482.3972
yllcorner     9670060.6647
cellsize      5000
NODATA_value  -9999
2513 2401 2855 2739 2921 2528 3707 2360 2340 2246 1940 2829 3060 3209 2335 2769 2136 3012 2767 2646 2634 2772 2794 2341 2088 
2561 2545 2291 2675 3027 2393 2770 2699 1800 2409 2163 2593 2797 3082 2449 2394 2782 2887 2974 2801 2684 3115 2724 3085 3237 
2793 3444 2884 2094 2601 2430 2468 1993 2441 2324 2208 2014 2371 2601 2268 2257 2090 2416 2504 2269 4062 2951 2747 2652 2747 
2725 3679 2394 2603 2002 2469 2384 2732 2449 2916 2192 2340 2753 2294 2254 2264 2499 2143 2099 4251 2586 2232 2632 2117 2760 
2580 3067 2700 2577 2844 3917 2358 2545 2379 2568 2672 2822 2715 3306 2197 1985 2365 2159 2048 3807 2838 3036 2097 2845 2721 
2283 2810 3119 2830 2719 2746 2173 2279 2566 2419 3757 2756 2177 2266 1965 2050 2359 1834 2218 3599 3842 3184 2794 2414 2280 
2441 2997 3117 2938 2572 2433 2624 2323 2203 2233 2128 2313 2665 2436 2423 2398 2246 2092 2148 2651 2253 4653 2277 1725 2657 
2589 2311 2618 2841 2770 2468 2334 2424 2390 2435 3357 2659 2529 2671 2155 2296 2109 2172 2176 2098 3713 5358 3937 3364 3912 
2413 2723 2924 2638 2947 2292 2275 2228 2049 2221 2275 2390 2473 2321 2168 1909 1818 2058 2679 2369 5268 3727 4990 5105 5247 
2836 2530 2605 2499 2479 2443 2128 2124 1895 1948 1973 2120 2208 2044 2161 2041 2048 1863 1777 2249 3137 3877 6112 4984 4211 
2591 2697 2261 2456 2247 2251 1794 1069 1784 1628 1728 2140 2152 2067 2233 1969 2128 1830 1918 1917 2439 4838 4550 4879 4457 
2209 2333 2210 2093 2405 1609 1547 1417 1062 1665 1727 1951 1906 2076 2406 1737 1875 1820 1718 1568 2103 6018 4672 4391 4697 
2382 2481 2110 2078 1990 1726 1258 2606 1844 1296 2141 1088 1899 1955 2187 1972 1827 2260 1851 1626 2722 3244 3691 7765 4275 
2139 2255 1905 2008 2475 1886 1302 2050 1431 5318 2720 1507 1915 1645 1603 2119 1672 2013 3074 1280 2295 2522 3985 3036 6473 
2129 1917 1426 1622 2920 2094 2931 1903 1672 1641 1746 1710 2047 2034 1828 4844 1823 1736 1773 3142 1671 1535 4651 3505 5109 
2135 1532 1760 1643 1812 1850 2176 2108 2030 1992 1892 2404 2049 2226 2013 1894 2176 2107 1785 2069 2391 1854 4473 2696 3602 
1778 1668 1368 1966 1862 2160 3098 2424 2679 2545 2544 2564 2755 2648 2306 2297 1925 2837 2412 1592 2441 1927 1889 2786 4274 
1686 1660 2119 1991 3196 2774 3106 2772 7230 7779 3571 2372 2362 2970 2274 1878 2235 2056 2162 2807 2387 1879 1895 2407 1983 
1595 1772 2314 2403 2293 3376 3672 8700 7092 8256 8277 8446 8471 6179 2557 2003 2488 2241 2415 2797 2528 1700 1574 2798 3700 
2196 1913 2400 2505 2671 4027 6581 3529 3438 3970 4495 5494 5404 6280 4137 6263 2325 3021 2671 2714 2852 2399 2594 2038 2332 
