includes/gis/ASCII_5k/mod13q1_ndvi_2002_001.tif.txt
ncols         25
nrows         20
xllcorner     257482.3972
yllcorner     9670060.6647
cellsize      5000
NODATA_value  -9999
3453 2854 3315 3246 4689 3614 4518 2402 3333 3980 5179 6636 6645 6267 6693 6742 6800 7700 8077 8047 7037 7312 7273 6968 7185 
3924 3670 2607 3862 5020 3495 3460 3938 3336 4437 4240 5120 2547 7099 6021 6147 7743 7454 7294 7690 7474 4573 6224 8425 8310 
3765 4703 4166 2641 3948 3463 3536 3273 4119 2783 3205 3204 5108 6125 5318 5539 7529 5138 7231 7595 7647 8105 8321 7639 8048 
4072 5320 3984 3656 3174 3500 4255 3942 4106 4255 3891 4577 5714 5040 5794 4864 5062 4719 6391 5086 8306 6964 8030 6383 8214 
4376 4804 4902 4140 3781 3724 4177 3933 3687 4711 4573 4750 4671 4580 4472 4818 5817 6594 5542 6938 6992 7155 6469 7833 7408 
2152 3731 4977 1726 3900 4130 3510 3229 1889 3960 5411 5860 4375 4263 4383 4246 5579 5020 5675 5515 8495 7210 8660 7392 5975 
4405 5059 4983 4722 3842 3075 2899 2630 2905 3318 3878 3907 4945 4868 4165 4196 4908 6085 5990 6030 6924 7909 7047 6407 7505 
5171 3461 3462 5444 2966 2424 2183 1612 3226 2749 4176 3673 4414 4596 3758 4286 5342 4963 3430 6147 6918 7660 7497 5847 8498 
3550 2976 4356 3103 3818 2621 3495 2835 2278 3453 3274 2931 3697 3902 3985 4318 3726 4719 6479 5689 6861 7080 5051 7580 6073 
2649 2802 2745 2519 2747 2794 2437 1973 1922 2270 2582 2960 2892 3056 3233 3520 3770 5229 5784 6141 5572 1869 8152 -9999 8690 
3318 1451 2037 2224 2329 2233 1841 1139 1859 1772 1828 2426 2762 2844 2805 3395 4040 5426 4765 4914 5314 6243 7857 8467 8143 
2434 2306 2423 2211 1797 1620 1608 1512 1125 1691 1706 2040 2541 3239 3239 3087 3192 4680 4657 4581 5502 5713 7885 8201 8446 
2633 1834 1918 2510 2023 1574 1090 3914 1958 1768 2971 1137 1944 2335 3232 3309 3695 4838 5048 3180 6469 7109 6956 8824 8073 
1561 1785 1769 1991 2174 1662 1345 2195 1504 6938 4821 1889 2556 1923 2049 2601 4560 4255 7437 1822 5717 6797 7765 7137 8329 
2235 1823 1368 1450 3587 2522 2727 1834 1771 1073 2085 3062 2903 2798 2858 7714 3307 4368 4381 6690 3210 3450 6824 6428 7921 
2152 1628 1495 1705 2025 2207 2492 2337 2415 2207 3135 3725 3037 4045 3186 3124 4592 3146 -9999 3124 3899 3880 6713 4241 7072 
1884 1656 1367 2022 2271 3347 4834 4848 4896 4078 3150 4314 5196 4565 4585 4386 4632 4574 4505 2818 5030 4114 3477 4732 4928 
1818 1457 1822 2214 2816 2881 4083 8270 7946 8407 6523 5653 6563 6673 5423 4029 5048 4269 3886 4555 4361 2966 2990 3841 5504 
2155 2710 2891 3067 2970 4597 7782 8807 8529 8536 8430 8781 8863 7341 7441 7572 7405 6380 5773 5488 5858 3434 2936 4347 5469 
2064 2478 3346 3827 3741 5176 8667 8650 5497 4442 4827 5411 5734 7026 6878 7952 6830 7584 6823 5948 5080 3584 4230 2720 3407 
