includes/gis/ASCII_5k/mod13q1_ndvi_2003_273.tif.txt
ncols         25
nrows         20
xllcorner     257482.3972
yllcorner     9670060.6647
cellsize      5000
NODATA_value  -9999
2874 2510 3273 3472 3844 2956 3715 2009 2207 2175 2342 3365 3490 2841 1749 1950 1859 2489 2718 2574 2318 2442 2449 2190 2510 
2698 2807 2705 3272 3339 2717 3055 2657 2134 2658 2454 2914 3194 2614 1903 2353 2362 2940 2448 2463 2299 3001 2460 3083 3290 
2957 3896 3404 2558 3150 2971 3161 2504 2753 2457 2281 2382 2727 2671 2023 2102 2017 1927 2350 2438 3946 3050 2893 3040 3077 
3284 4485 3235 3145 2788 2839 2818 3406 2570 2976 2677 2737 2715 2341 2110 1951 2415 2039 2005 4042 2658 2609 2860 2235 3143 
2822 3255 3255 3006 3092 3821 2416 2412 2431 2691 2656 2501 2646 2981 2222 2193 2427 2236 1995 3368 2512 3473 2310 2533 3089 
2579 3169 3361 3058 3324 2878 2447 2308 2376 2617 3895 2513 2387 2351 2104 2268 2378 1972 2375 3633 3744 2839 3442 2872 2978 
2906 3075 3598 3497 2818 2627 2305 2302 2309 2199 2304 2365 2398 2365 2186 2172 2192 2119 2136 2562 2701 4524 2675 2671 3084 
2804 2842 2753 3397 2816 2716 2399 2338 2180 2186 2839 2447 2335 2348 2013 2139 1915 1762 2067 2388 3418 4753 3951 3232 3657 
2677 2780 3078 2783 3461 2557 2418 2165 2103 2177 1979 2222 2536 2246 2032 1815 1691 1843 2163 2261 4556 3343 4247 4652 4436 
2812 2277 2665 2594 2671 2547 2360 2212 1923 2008 1923 2236 2162 2147 2112 1883 2028 1867 1910 2262 3080 3207 5060 4886 3455 
2629 2809 2353 2653 2282 2162 1913 1240 1845 1874 1822 2084 2089 2146 2208 1826 1997 1939 1807 1831 2245 3744 2966 4457 4016 
2358 2226 2251 1828 2134 2025 1717 1477 1030 1753 1661 1884 1764 1983 2218 1804 1759 2175 1660 1597 2184 5282 3370 3042 4310 
2653 2222 1960 2248 1879 1863 1093 3308 2034 1439 2152 1076 1777 1790 2062 1877 1756 1911 1972 1515 2673 2586 2914 6879 3552 
2044 1883 1826 1887 2279 1592 1332 2092 1477 4834 2939 1561 1935 1683 1655 1582 2041 1767 2858 1208 2110 2297 3190 2856 4380 
2074 2014 1499 1502 3137 1928 2446 2102 1879 1640 1633 1564 1967 1857 1820 5098 1811 1819 1862 2338 1416 1433 3762 2422 3233 
1997 1670 1564 1602 1774 1772 2108 2183 1958 2109 2054 2291 1881 2202 2119 1895 2278 2008 1751 2031 1982 1619 3758 2310 2866 
1837 1767 1383 2270 1957 2004 2364 2462 2638 2312 2525 2550 2673 2443 2206 2348 2062 2307 2126 1560 1740 1897 1461 2337 3517 
1982 1526 1908 2302 2427 2506 2943 2238 7027 7191 2765 2331 2373 2625 2320 1888 2243 2006 1982 2421 1850 1520 1848 2253 2391 
1771 1697 2247 2276 2261 3168 3670 4314 7883 5365 4677 8559 7839 5312 2780 2239 2584 1964 1908 2362 2608 1850 1551 2260 3309 
1889 1800 2301 2417 2438 3383 6335 5504 3229 4354 2192 3270 4545 6634 3529 5151 2672 2626 1981 2330 2691 2167 2314 1890 2271 
