includes/gis/ASCII_5k/mod13q1_ndvi_2012_049.tif.txt
ncols         25
nrows         20
xllcorner     257482.3972
yllcorner     9670060.6647
cellsize      5000
NODATA_value  -9999
2685 2589 3730 2991 3895 2840 3310 2129 2231 2474 2419 2977 2893 3114 2000 2054 1980 3019 3307 3453 2522 2834 2781 2739 2605 
2953 3076 2604 3249 3991 2641 3039 2746 1888 2364 2238 2513 2748 2517 2508 2572 2800 3041 3080 2725 2588 2910 2752 3105 3679 
3003 3393 2941 2200 2994 2797 2623 2042 2546 1969 2056 2174 2697 2952 2600 2318 2790 2562 3221 3208 4040 3763 3999 3238 3795 
2979 3696 3028 2743 2382 2690 2974 2801 2489 2964 2255 2233 2563 2252 2433 2475 2628 2596 2280 4818 3134 3115 3257 2872 4036 
2850 3154 2943 2740 2922 3233 2666 2411 2119 2397 2533 2842 2602 3065 2177 2165 2949 2523 2404 4750 4022 3621 2505 3203 3579 
3041 3341 2750 2867 2987 3137 2531 2456 2297 2399 2944 2412 2265 2420 2064 2408 2422 1932 2703 5242 5449 4618 2877 3241 3126 
2982 3282 3722 3739 2480 2650 2573 2371 2242 2204 2258 2161 2471 2517 2652 2446 2270 2374 2499 3398 3403 5989 3742 3146 3411 
2764 2732 2799 3395 2554 2480 2217 2526 2203 2373 2768 2378 2396 2246 2086 2221 2187 1830 2216 2316 4626 6083 5946 5956 5016 
2742 2857 2998 2650 3556 2161 2043 2043 2350 2126 2376 2173 2546 2203 2140 2061 1837 2253 2518 2563 5781 5231 5397 7058 6010 
3090 2341 2800 2707 2391 2535 2261 1970 1815 1834 1976 2192 2114 2076 2105 2125 2244 2215 1868 2358 3270 5302 6120 7052 6492 
2965 3116 2397 2601 2178 2159 1795 1308 1648 1604 1777 2119 2122 1952 2124 2033 2357 2090 1963 2038 2756 5477 6193 6954 7064 
2274 2250 2319 1897 1928 1588 1794 1262 1064 1702 1789 1861 1797 2025 2328 1959 2000 2161 1950 1948 2499 6338 5842 6282 7188 
2508 2384 1762 2400 1938 1974 1311 3104 1943 1489 2065 1203 1874 1731 2231 2086 1857 2133 1771 1861 3151 4024 4875 8245 7176 
2494 1871 1872 2079 2746 1808 1340 2437 1549 5915 3127 2228 2750 1715 1796 2154 2409 2019 4222 1496 3254 2976 4964 5211 6627 
2482 2056 1358 1796 2930 2084 2539 1869 1668 2164 1816 2007 2293 2161 2229 4994 2357 2161 2017 2944 1900 1955 5636 4886 6138 
2048 1506 1518 1561 1815 1968 2283 2254 2199 2399 2535 2758 2258 2526 2516 2371 2902 2666 2294 2165 2792 2365 5067 3623 4974 
1729 1673 1282 1888 1895 2616 2927 3000 3168 3041 3492 4296 5477 4008 3161 3317 2608 2998 2746 1660 3031 2586 2884 2978 4317 
2333 1503 1765 2079 2694 2837 3554 3755 7800 8087 5631 4589 4406 5247 3269 3443 3377 2375 2333 3611 2700 2425 2308 2540 3496 
1570 1739 1967 2919 2438 2997 2849 8630 8416 8269 8273 8632 8692 7119 6293 4872 2994 2677 2967 3573 4162 2242 1784 2549 3785 
2398 2143 2334 2729 2385 3550 7359 8449 5067 5057 5256 5637 5664 7288 8428 7916 4038 4454 2779 3880 4120 2705 2769 2081 3149 
