includes/gis/ASCII_5k/mod13q1_ndvi_2006_145.tif.txt
ncols         25
nrows         20
xllcorner     257482.3972
yllcorner     9670060.6647
cellsize      5000
NODATA_value  -9999
5560 3913 5459 5450 5097 5075 5715 5439 5710 7261 4631 5233 5869 7308 6427 6972 5575 5605 4972 4274 4488 4578 4408 4373 3245 
6686 5468 5112 4311 5021 4158 4849 5152 3344 5549 5311 4991 5109 6908 5435 6376 5230 6472 5979 5545 4842 4992 4555 4302 4250 
5736 7042 6482 3739 4059 4006 3575 3146 4257 4588 5275 3952 3820 5395 5859 5935 3724 4314 4959 4556 6718 5322 4374 4598 3635 
5861 7567 5410 4448 2542 4099 3756 4849 4062 5115 3482 4582 4955 4239 5511 5778 7253 6198 4721 6939 5901 4063 3894 3011 4397 
5940 6416 5421 4828 4560 7353 4015 4530 3496 4138 4335 4373 5243 5284 3576 4185 4608 5102 4362 7297 6326 5445 3608 5626 4239 
5422 5007 6282 5311 4562 4935 3544 3647 5445 3525 7015 4334 3353 3617 2958 3434 4964 3365 4756 6969 7366 6559 4147 3533 4028 
5795 5945 5735 5554 4399 3733 5166 3643 3134 2941 3018 4227 4010 4461 5155 5551 3680 4783 4768 6150 5918 6393 4954 3073 4407 
5382 4207 5922 6095 5438 4967 4926 5049 3541 3835 5978 4615 4413 4946 3865 4613 4683 4303 4900 5972 7041 6742 7121 6090 6355 
4575 4996 4845 4263 7273 4642 4380 4597 3151 3510 3996 4816 4285 4899 3233 2620 2559 4768 6778 5161 6630 6949 5433 7021 7861 
6226 5495 4741 5266 4830 4696 5295 3626 3288 3218 3563 4107 4611 4300 2146 3774 3185 3657 3350 3707 6243 6580 7055 7298 7429 
4621 5745 3614 3452 3543 4654 4026 1309 2672 2358 2731 4975 3957 3683 3531 3806 3226 3540 3746 5131 5607 6986 7316 7370 7728 
3669 4815 3357 2777 5203 2594 2836 2741 1211 2729 3291 4259 4501 4091 5111 3276 2572 3421 2691 2809 4500 6994 7711 7711 7323 
4636 6092 3636 2916 3407 3282 1449 3511 2710 1944 3476 2298 3759 3192 4174 3659 2865 3472 2887 2294 5226 7265 6917 8488 7203 
3457 5263 3887 3307 5906 3777 1682 3346 2048 7079 4995 2104 2897 2806 2960 4891 4313 2505 6956 1596 5298 5649 7169 6735 7428 
3903 3578 2457 2512 3727 3131 6353 4224 3790 2848 2717 2973 3002 4518 3586 7193 2748 2590 2976 4612 2486 2615 6262 6413 7289 
3357 2417 2861 2552 2740 4177 3759 5275 3835 3404 3313 4912 3911 4487 4684 3681 3402 3479 2779 2603 2965 2914 6182 6591 7457 
2775 2160 2197 3279 3107 4892 5298 7046 6675 6141 5980 6117 6269 5294 4706 5029 3408 5311 4152 2597 3740 2869 3458 6024 5414 
2183 3026 4697 3282 5286 7492 7078 7502 7888 7146 7292 7012 7166 5876 4155 3915 6255 4696 3536 4756 3346 2614 3759 3565 6417 
2765 3546 4034 4825 5919 7785 5942 2295 2363 3323 1859 6767 8623 7641 5739 4964 5138 5422 4692 3744 3929 2434 2258 4709 5905 
4032 3221 5073 7102 7578 6272 8697 4524 3909 5594 1733 4120 5697 7731 6834 7632 6145 5099 5561 5063 4616 3663 3841 3298 4696 
