includes/gis/ASCII_5k/mod13q1_ndvi_2000_065.tif.txt
ncols         25
nrows         20
xllcorner     257482.3972
yllcorner     9670060.6647
cellsize      5000
NODATA_value  -9999
2857 2684 3085 3638 3410 2343 3925 2106 2263 2824 2835 4758 4028 3656 3085 2800 2677 3771 3466 3369 3083 3069 3405 2764 3061 
2979 3086 2506 3818 3367 2577 3031 2296 1909 2928 2947 2935 3274 2653 2698 3034 3376 3517 3998 4044 3623 3779 3315 3774 4948 
3269 3827 3061 2313 2687 2499 2861 2249 2559 2230 2386 2473 2764 2845 2759 2784 2652 2656 3828 3615 4519 3908 4067 4492 4094 
3033 4662 2517 3011 2290 2719 2586 2514 2672 3313 2856 2658 2706 2526 2523 2380 2740 2414 2687 4855 3699 3478 4063 3536 4472 
3671 3829 3165 2898 2645 2457 2470 2635 2379 2788 2855 2743 2680 2974 2300 2732 2622 2433 2628 4035 3642 4026 3293 3687 4033 
2728 2868 3408 2658 2596 2605 2529 2159 2515 2267 3946 2367 2404 2739 2234 2512 2443 2355 2827 4355 4601 4391 5257 4036 4498 
2889 3344 3928 3047 2471 2250 2041 2461 2019 2373 2051 2503 2769 2868 2236 2561 2294 2429 2527 2899 3603 5549 3661 3763 4328 
2889 2943 2581 2787 2338 2201 2008 2070 1975 1844 2852 2566 2429 2312 2529 2539 2495 2171 2463 2706 4155 5237 4951 5042 6308 
3224 2690 3177 2521 3017 2166 2588 2051 2070 2103 2392 2355 2828 2945 2524 2255 2279 1969 2411 2642 5948 4361 4714 6397 5528 
3017 2277 2601 2236 2089 1975 2101 1940 1978 2088 2128 2328 2267 2405 2866 2059 2272 2182 2272 2718 3813 4809 6890 6005 5503 
3258 2931 2549 2442 2011 1893 1998 1217 2139 1882 1543 2285 2430 2572 2521 2312 2254 3072 2387 3203 3659 5694 6285 6193 6567 
2694 2516 2328 1867 1966 1678 1929 1934 1081 1977 1714 1902 2335 2373 2602 2314 1942 2519 2517 2783 3773 6622 5689 5279 6327 
3128 2420 1972 2576 1791 1720 1196 3712 2269 1831 2818 1144 1795 2202 2448 2133 2182 2509 2612 2259 3603 4051 4843 7748 5557 
2668 1908 1785 2037 2070 1693 1218 2020 1665 6282 3496 1562 1827 1933 1877 2141 2868 2378 4624 1944 2759 2921 4803 3979 7252 
2617 2057 1876 1779 3576 2341 2468 1932 1719 2106 1889 1949 2309 2390 1955 5003 1975 2124 2524 2999 1930 2126 4766 2860 5270 
2928 2549 1788 1916 1891 1806 2166 1828 1868 2145 2228 2606 2231 2566 2672 2240 2579 2614 1867 2685 2427 2376 4578 3119 4886 
1860 1877 1627 2033 2121 2354 2301 2501 2824 2548 2546 3063 2882 2584 2304 3603 2642 2937 2938 2132 2308 2111 2450 3645 4673 
2011 3054 2197 2551 2694 2342 2971 2241 7124 8107 4372 2984 2707 4130 3246 2062 2834 2866 3055 2586 2084 2010 2485 2444 3519 
2867 4427 3742 3516 2346 3497 3421 8646 7495 7474 7493 7850 8061 6658 4791 3332 3778 3578 3525 3994 2883 2413 2617 2992 3520 
2881 3300 3561 4229 2291 2714 6039 8067 5430 4214 4371 3920 5247 6333 6092 6424 3951 4903 2969 3385 2816 2485 3158 2264 2961 
