includes/gis/ASCII_5k/mod13q1_ndvi_2012_353.tif.txt
ncols         25
nrows         20
xllcorner     257482.3972
yllcorner     9670060.6647
cellsize      5000
NODATA_value  -9999
4383 3768 4950 4370 4770 2798 3112 2133 2785 2917 3515 3805 4950 6120 4053 5136 4916 5802 5753 5163 3270 4298 3342 3119 3134 
3541 3748 2888 3586 3408 3619 2909 2706 2419 3444 3341 3902 4331 4271 3450 5009 4872 4685 3825 3831 4459 4591 2832 5889 5013 
4647 4752 3176 2710 3052 2836 2729 2217 2674 2185 2474 3248 4800 4191 3202 2842 3287 2985 3432 3602 6362 6417 4560 3416 4104 
4409 5386 2819 2736 2372 2904 2985 2769 2995 3445 3062 2929 3497 3095 3852 3432 3118 1958 2401 5298 4671 4073 5132 4068 5260 
3428 3697 2699 2508 2774 3500 3353 2925 2987 3925 3060 3943 3417 4380 2350 2389 3514 2165 2141 6419 5389 6145 4951 6255 4500 
2984 4307 2750 2710 2797 3056 3233 3274 2741 2572 3166 3273 2651 3147 2689 2977 3125 2008 3343 6390 7491 7011 4912 4119 3971 
4483 4386 4309 5977 2963 2398 3262 2472 2138 2427 2802 2850 3835 3584 2992 2396 2756 2950 4040 5672 5912 6667 3728 3613 5029 
4774 3852 6374 3553 2545 3098 3322 2813 2351 2301 3290 2507 2935 2683 2127 2555 2123 2177 3689 5019 6876 6890 7799 7729 7790 
4103 5162 3719 5552 3847 3149 3570 2127 2974 2606 3004 2483 3016 2852 2369 2048 2472 4513 3935 4860 6261 7495 6201 6659 7310 
3512 5294 3723 3267 3522 3240 3022 2146 2188 2362 2576 2569 2255 2725 3043 3876 3157 3005 2972 3803 6370 6936 8005 8342 8113 
4440 3675 2979 2661 3326 3050 2009 1485 2267 1769 2164 2905 2896 3841 3282 2731 3293 2908 2801 2834 5731 7348 7513 8197 7993 
3333 3519 2590 2277 2150 1695 1906 1522 1017 1729 1683 1907 2029 3212 2800 2737 2652 3227 2433 3335 4629 7777 8021 7349 7936 
4111 3003 2117 3201 2214 2243 662 3057 2186 1758 2436 1492 2069 2504 2694 2263 2410 3058 3459 1936 5627 6302 7275 8728 7987 
3392 2112 2670 2510 2935 1684 1434 3683 2054 6935 5097 2542 2898 1957 2236 1979 3166 3539 5704 1527 5853 5081 6842 7073 8308 
3042 2738 1946 2843 4351 2062 3667 2711 2251 2463 2348 2571 2638 2436 2604 6572 2490 3305 3703 5050 2021 2831 6654 6114 8180 
2720 2096 3257 2468 2680 2405 2673 3871 3836 3668 2696 3998 2699 3990 2970 2734 3120 3614 3281 3877 4525 3051 6124 5271 6947 
2476 3030 1922 2593 2849 4146 5086 4073 4570 4396 4409 5158 4820 4611 3096 2567 1783 5210 5438 4721 6530 4654 3408 5062 5741 
3830 2093 2647 3604 3247 4683 6586 6952 8085 8059 6436 3556 5538 4031 2254 4066 5928 4656 4498 6481 5790 5128 3600 3988 5543 
2782 2947 2672 2975 3917 6895 7304 8769 8494 5329 5543 5761 7602 7086 6023 6533 6805 6125 6221 6333 6584 4065 2541 2944 6179 
2717 3299 4075 4535 4091 5393 7684 4533 1452 1748 3746 4716 5238 7530 8644 8484 7305 6717 5813 6013 6525 5413 5482 3432 4393 
