includes/gis/ASCII_5k/mod13q1_ndvi_2013_193.tif.txt
ncols         25
nrows         20
xllcorner     257482.3972
yllcorner     9670060.6647
cellsize      5000
NODATA_value  -9999
4438 4057 4948 4538 4595 4033 3547 2675 3383 3009 3828 4031 4582 4329 2987 3209 2766 3827 3196 3061 2915 2958 2438 2418 2419 
3514 3502 4129 4000 4268 3247 3420 3209 3156 3458 3024 3220 3689 3898 2758 2943 3439 3788 3298 3143 3122 3510 2537 2957 3067 
4369 4054 3759 3182 3787 3662 3416 2513 2963 2726 2611 2497 2960 3110 3153 2961 3032 2640 2999 3202 3108 3488 2912 3059 2868 
5231 5924 4273 3886 3539 3545 3379 3456 2893 3266 2922 3113 2895 2415 2557 3166 3375 2567 2719 4985 2675 2151 3660 3069 3259 
4490 4591 4148 3961 3480 4838 3348 3317 2837 3193 3300 3182 3445 3418 2842 2586 3107 2520 2586 4205 3109 3445 2530 3055 3046 
3803 4799 4336 3840 3398 3933 3203 3002 2919 2891 4202 3463 3178 2918 2474 2583 2698 2463 3126 3814 4164 3488 2942 3458 3230 
3948 4328 4238 4605 3180 3210 4055 2845 2400 2583 2777 2920 3038 2042 3231 3486 2805 2577 2791 3287 4093 5519 4290 3929 4131 
3294 3487 4021 4775 3470 3019 2875 2768 2703 2833 3762 2874 2822 3314 2570 2868 2675 2825 2411 2768 3870 2778 5709 4829 5211 
2516 3346 3041 3770 3855 2716 2680 2467 2699 3005 2767 3235 3151 3276 2306 2577 2537 2662 2573 2664 5540 2356 1989 7068 5285 
3090 2622 2964 3091 2953 3046 2965 2665 3025 2485 2189 2463 2586 2475 2288 2172 2393 2635 2248 2625 2992 5276 2519 4648 5341 
2908 3426 2401 2862 2431 2579 2105 1675 2564 2106 1909 2552 2432 2155 2273 1926 2598 1842 2053 2256 2944 5347 4774 4132 5859 
2362 2401 2614 1999 2038 1892 1803 1840 1097 1995 2046 2044 2123 2295 2121 2033 1986 2276 2460 2480 2914 6293 6065 5327 5520 
2916 2358 2238 2261 2108 1998 1375 2568 2869 1730 2304 1334 2659 2180 2251 2051 1826 2369 2084 1701 2935 3239 4550 7621 5217 
2364 2141 2065 2113 3451 1600 1445 2386 1950 6041 3621 1782 2155 1850 2028 2325 2192 2014 4328 1324 2479 2452 4323 4591 6234 
2683 1869 1482 1830 3351 1968 2960 1856 1853 1775 2035 1970 2452 2274 1958 5531 2341 1952 2225 2998 1814 1859 4916 4913 5834 
2260 1643 1988 1793 2078 2113 2393 2267 2596 3019 1966 3537 2107 2481 2504 2627 2700 2486 1767 2091 2526 2578 4359 3483 4636 
2064 2418 1311 2097 2343 3012 3674 2515 3864 3804 4164 4121 3610 3320 2760 3194 2303 3195 2418 1858 3118 2616 2704 3175 4453 
2455 1466 2054 2159 2788 3407 4500 5241 7505 4033 5897 3718 3781 3590 2695 2459 3098 2713 2391 3795 2919 2372 2447 2539 3245 
1561 1650 2150 2433 2328 4820 5308 8604 8384 3697 7853 7465 8074 6686 4146 3871 3655 2951 3369 3630 3353 2434 1835 2939 3525 
1822 1825 2517 2701 2584 5424 7840 8268 5785 5181 5535 5349 5807 7141 8089 6954 4478 3967 3869 3977 3123 2529 2776 2143 3261 
