includes/gis/ASCII_5k/mod13q1_ndvi_2004_161.tif.txt
ncols         25
nrows         20
xllcorner     257482.3972
yllcorner     9670060.6647
cellsize      5000
NODATA_value  -9999
3969 3935 4223 5289 4325 3540 4348 2412 3978 2765 4070 6201 6569 6551 4436 4344 3748 3989 4188 3559 3297 3401 3260 2946 2786 
4151 4318 3768 3901 4247 3776 4111 3172 2803 3840 4176 4516 5063 3704 3632 3640 3538 3928 3663 2963 3053 4208 3504 3927 4325 
3899 4618 3669 2859 3347 3162 3603 2713 4383 3256 3152 2996 3560 3903 2647 2546 2620 2666 2951 3163 4650 3618 3659 3919 3708 
4426 5339 3158 3549 4050 4232 3823 4557 3215 4197 3560 3996 3882 2738 2271 2350 2770 2368 2388 4905 3090 2722 3367 2799 3865 
3635 4913 4377 4331 4923 5987 4071 4255 3094 3507 3978 3594 3455 3495 2284 2306 2942 2596 2396 3784 3087 4557 2991 3697 3746 
3429 4616 5312 4224 4518 4157 2990 3134 3213 2834 3401 3345 2839 2766 2119 2278 2721 2180 2323 3481 4123 3596 4421 3643 3922 
3994 4275 4863 4365 3891 3166 3179 2941 3024 2455 2322 2350 2698 2398 2614 2270 2491 2458 2425 3002 3803 5888 3634 3886 4210 
4725 3531 3419 4908 4618 3430 2964 3632 3188 2904 4157 2921 2891 2693 2204 2437 2359 1956 2265 2898 5197 6674 5194 3745 4361 
3781 4217 3654 4329 5785 3803 2915 2443 2761 2779 2896 2674 2872 2566 2402 2314 2067 2228 2716 2866 5555 5620 5372 6600 5636 
4567 2932 2967 3334 3853 4740 3810 3246 3015 2460 2210 2193 2134 2416 2785 2279 2485 2266 2403 2830 4238 5408 7109 6609 5599 
3823 4512 2546 3131 2842 3064 2542 1440 2565 2644 2263 2579 2494 3019 2741 2180 2980 3042 2332 2408 3578 5576 6528 6694 6256 
2775 2653 2771 2185 2243 2173 2138 1701 1142 1940 2329 2305 2460 2800 2911 2405 2174 2846 2350 2599 3096 6121 6339 6510 6307 
2914 2415 2400 2911 2325 2773 1281 3242 2294 1954 2806 1455 2043 2413 2479 2700 2531 2896 2910 2725 3501 3448 4941 8641 6549 
2402 2039 2083 2087 2074 1609 1386 2655 1545 5711 3592 1911 2181 2140 2100 2137 3515 2334 3908 1565 3022 2658 3922 5491 7267 
2476 1957 1657 1724 3510 2123 2742 2216 2393 2353 2084 2116 2247 2520 2123 6657 2329 2248 2141 3749 1740 1850 4865 3937 6552 
2255 1682 1537 1724 2385 2333 3231 2777 2576 2519 2359 2656 2452 2949 2274 2952 3142 2805 2241 2434 2705 2299 5266 3578 5231 
2119 1814 1502 2714 2675 3293 3714 4838 4096 4079 3668 3493 3698 3121 2796 2858 2536 3618 2863 1980 2881 2309 2853 3514 4828 
2090 1684 2498 2543 3559 3134 3544 6023 6434 4991 5284 4002 3662 3248 2616 2483 4070 3335 3334 4285 3439 2206 2413 2820 2925 
1980 2068 3166 2642 2733 3426 6933 8831 8543 2053 5135 4268 8660 7279 5166 4249 4242 2868 3969 4878 4729 2736 2182 3049 3767 
1961 2270 3032 2970 2573 4816 4615 8217 6295 5838 2698 6658 6154 7514 6091 7180 4998 4455 4110 4534 4940 3661 3628 3102 3488 
