includes/gis/ASCII_5k/mod13q1_ndvi_2007_049.tif.txt
ncols         25
nrows         20
xllcorner     257482.3972
yllcorner     9670060.6647
cellsize      5000
NODATA_value  -9999
7337 6952 6017 6198 6378 6645 6802 5040 3715 6335 5392 6100 6857 6483 5697 5247 4729 5410 6786 5779 5061 5335 4775 4447 4401 
6713 7251 6533 6437 7039 6506 4800 4591 3351 4768 5323 5324 7058 6894 5662 6230 6434 5826 5420 5884 5552 5236 5334 5569 6097 
6452 7260 6870 6901 6561 5878 5343 4835 4514 4737 6485 5173 4873 6567 5863 5240 6795 4680 6735 7011 6004 6475 6688 6092 6053 
5867 7288 6816 7658 6156 6340 5632 5050 4955 4773 4069 6144 5205 5653 5079 5432 6624 6318 4960 6258 7320 5923 5967 4893 5834 
5542 5584 6128 6332 6664 7276 5660 4576 3720 5497 4409 5048 4931 5073 4242 4741 5358 5852 3852 5563 5602 5456 5240 6156 5338 
5220 4350 5884 5669 5969 5412 4029 5399 6008 4534 6233 4760 3882 3492 3659 4024 4685 3591 4791 5772 6269 6672 6826 5558 5495 
5733 5608 4887 5433 5409 4391 5783 4487 4302 3689 3278 4646 4409 4565 4446 4677 4329 4206 4135 4096 5509 6909 5467 5614 4927 
5698 5444 4540 5806 5159 4498 4380 4302 3805 5069 5588 4658 4752 4489 3344 3665 4116 4277 3490 3870 4566 6468 6210 6098 7655 
5656 5435 5071 5358 5442 4107 4204 4551 5827 4605 4371 3797 5134 4950 2934 2878 2726 4602 3966 3882 5940 5998 5927 7712 6988 
5834 4669 4288 4410 4068 4671 3823 3418 3505 3720 3572 3873 4962 4394 4228 2957 3193 3930 3609 4007 4404 5537 7205 7522 7275 
4428 4960 3795 4124 3769 3387 2996 1565 3254 3344 3462 5187 4149 4298 3590 3589 4060 3930 3527 4141 4943 5961 6853 7551 7603 
4256 4314 4725 3168 3487 2782 2389 1928 1123 2450 2825 3626 4609 3753 4148 4470 3664 4562 3785 4224 4760 7283 6354 7499 7868 
4782 5602 4456 3785 3128 3632 1341 3172 3258 2412 4433 2302 4024 4099 4602 4105 3461 3674 3811 3309 4416 5721 5490 8728 7361 
5440 4718 4529 3600 5445 2386 1436 3826 3050 7375 4954 1977 3269 3436 3393 6028 5041 4105 6230 2439 4826 4010 6175 4943 8056 
4187 3658 2543 2919 4467 2552 6408 3329 3245 5352 4210 5247 3850 4370 3008 7635 3970 3199 3160 5047 2899 3308 6189 4914 6474 
3489 2584 2715 2774 3064 4460 5591 5307 6090 6433 4927 5899 5155 4879 5398 4326 3492 3674 3050 3402 3543 3634 6038 5664 6228 
3339 2676 2689 3750 3377 4574 4553 5653 6040 6328 5919 6418 6748 5279 5670 4274 3763 4629 3636 3432 4731 4151 4003 5310 5256 
3362 3347 3387 3661 3720 4591 5251 4140 7734 8575 7383 5335 6094 6794 6219 5297 5491 4246 4457 4855 3593 3924 3513 3451 4720 
2336 2789 3364 3541 2759 4341 4828 8913 8772 8405 8089 8822 8914 7729 6539 5480 4838 5441 4780 5233 4870 3752 3366 5167 4717 
2425 2399 2942 3495 3956 5182 8170 8554 6820 4920 4696 4769 6490 7536 7337 8134 5088 6706 5559 4681 4779 3706 3643 4195 3647 
