includes/gis/ASCII_5k/mod13q1_ndvi_2014_337.tif.txt
ncols         25
nrows         20
xllcorner     257482.3972
yllcorner     9670060.6647
cellsize      5000
NODATA_value  -9999
4750 3902 5488 3456 4912 3459 3423 2221 2654 2722 2803 4982 5749 5732 2837 4584 3453 5435 6391 6535 3983 5523 5078 5355 6056 
4164 5485 2745 5033 4869 4148 3247 2792 3062 3727 4794 4644 4002 3225 2585 4962 5932 6790 6710 6287 4871 6130 3413 6428 7123 
3203 3373 3162 2481 4473 4240 4244 3387 3226 3264 2007 2631 4315 4895 4619 3908 4617 4319 5263 4927 7901 7307 5699 4019 5585 
3989 4601 2727 2869 4742 3034 4553 4579 4487 3403 3217 3118 3802 2582 4784 5358 5978 4273 4455 8048 5374 5124 5996 5532 6918 
3347 2631 2682 3231 3235 2536 4409 4183 2953 3269 3566 4513 4047 5624 3141 4460 5534 5640 4568 7030 6617 5522 5102 7201 5607 
4487 4880 2626 3064 2953 4053 2756 4202 5070 3955 3984 3658 3231 4685 3375 3551 5384 4030 5551 6871 7938 7763 4504 5216 5307 
4220 2371 4268 4528 3410 2197 2939 2842 3582 2573 2543 3028 4273 5246 4899 4548 4988 4973 4293 5481 5625 7503 5251 5330 5734 
4223 4017 5538 6487 4682 4672 4111 4050 2327 2919 4992 3813 4745 3994 3114 3669 4510 4268 3773 3887 6943 6932 8215 5151 8455 
4801 4616 4368 4927 5428 4472 4650 3040 2639 3727 4666 4288 4917 4762 4135 3984 3276 3923 3153 3713 6407 6228 6949 -9999 7388 
5358 4172 3280 3101 3078 3172 3157 2564 3448 2264 3076 3601 3624 4438 4131 3999 2872 3556 3128 3251 5724 5875 7641 8053 7258 
4609 3594 2141 2789 3106 2669 2214 1466 2124 2048 2342 3281 3850 4182 3517 3262 3041 3033 3017 2417 4300 7215 6396 7515 8195 
3107 3160 3292 2400 2182 2441 2744 1416 1103 2257 2111 1960 3555 4420 3476 2837 2541 3540 3533 3499 5034 7807 6725 7966 7499 
4707 3655 3419 3579 3138 2123 1569 2982 3739 2337 4358 2256 4345 4117 4294 3360 3206 3874 3513 2770 6031 6213 6999 7748 7392 
4448 2697 3057 2843 5236 1519 1232 4499 3291 7292 4676 1827 3110 2127 4664 5535 3391 4714 7409 2192 4897 5518 7640 6466 4058 
3461 3027 1626 1632 3411 2413 4049 3755 3174 5221 2757 3534 3221 4096 3946 7675 2754 3429 4334 3802 2646 2895 5809 5567 6814 
3432 1967 1796 1924 2579 2829 4967 5561 5865 5922 5155 5370 4762 5575 3462 4956 5289 3979 3096 3488 3794 3891 5721 4751 6548 
2642 3010 2271 3851 3683 5240 6146 6637 6497 6218 6446 6254 6385 6653 6420 6008 3886 5633 3643 3522 4382 3663 3260 5017 4555 
4486 3132 3433 4464 4333 5214 6754 6747 8422 8418 7154 4968 5897 6242 5727 6551 7147 4693 4229 5095 3993 3873 3650 3240 5727 
3010 2986 3738 4720 4925 5966 7603 9385 8929 8919 8042 6900 9207 6044 6069 6151 6953 7133 5691 5044 5133 3637 2074 3284 5545 
3366 4672 3771 4447 5855 5213 1876 5204 1874 -9999 4157 5512 3970 4580 6327 8502 6558 7092 5832 5710 6243 2986 3878 2337 3609 
