includes/gis/ASCII_5k/mod13q1_ndvi_2005_001.tif.txt
ncols         25
nrows         20
xllcorner     257482.3972
yllcorner     9670060.6647
cellsize      5000
NODATA_value  -9999
3956 3434 4861 4800 5106 3448 4254 2411 3540 3389 3472 5728 6230 5325 2471 3653 3197 4660 5839 5717 3880 4601 4987 4471 3774 
2898 3170 3313 4017 4745 3544 3646 2984 2840 3757 3976 4339 4439 3888 3537 4502 5421 5168 5669 4805 3564 4987 4977 6885 7418 
2934 4609 3450 2434 3537 3162 3346 2328 2722 2925 2677 3015 3910 4572 3543 4431 4670 3690 4786 5196 6452 5670 6512 5923 6264 
3224 4599 2716 3203 2564 2981 2751 2686 3227 3733 2892 3266 3780 3650 3844 3505 5233 3762 3607 7178 5681 5010 5332 3501 6248 
2685 3588 3083 2945 3620 4156 2533 2650 2440 3133 2893 3516 3476 4692 2543 3671 4893 3895 2599 6055 4865 5488 3638 4654 5110 
2247 3107 3423 2896 3065 3855 2299 2293 2329 2700 3465 2869 2824 3452 3118 3264 3697 2389 2666 5866 7290 6269 7304 5209 4963 
3283 4511 3911 3074 2462 2273 2204 2267 2243 2418 2668 2812 3668 4181 3162 2925 3270 3346 3053 4769 5910 7057 5521 5338 6190 
3316 2634 2620 4199 3223 2555 2616 2584 2296 2587 3324 2966 3466 3167 2507 2849 2451 2236 3144 4335 6314 6853 7764 7465 8356 
3297 3391 3480 3193 4508 2662 2748 2876 3234 2970 3248 2399 3766 3246 3303 2964 2191 2983 3938 4513 5749 6152 5601 7865 8037 
3661 2508 2746 2577 3267 3025 2645 2047 2422 3186 2520 3213 3005 2976 2741 2773 3150 3099 3073 4704 5536 5190 7562 8128 8065 
3818 3064 2359 2561 2370 2088 1765 1187 2037 3282 2984 2427 2675 2851 3714 3785 3368 2459 2659 3273 4161 6091 6243 7654 8233 
3326 2748 2420 1905 1841 1583 1619 1487 1038 2003 1765 2784 2075 2672 3112 2262 2167 2972 2365 3040 3981 7613 6924 6946 7780 
3771 2404 1760 2746 1927 1639 1386 2659 2236 1498 2262 1305 1838 1886 2491 2137 2201 2992 2724 1972 4764 5566 6316 8339 7265 
2144 1677 2144 1982 1911 1520 1196 2914 1543 6344 3555 1638 2215 2323 1998 1694 2908 3137 4877 1510 5141 4971 6989 6478 7701 
2741 2253 1516 1615 2774 2028 2398 2091 1774 2107 1906 2880 2639 4040 2479 6948 2157 1901 3421 4526 2830 2318 6229 5973 7469 
2096 1525 1646 1738 2056 1949 2462 2550 2864 2710 2574 4140 3666 4604 2682 2424 3600 3563 3385 3854 3874 3114 6189 4906 6807 
1596 1559 1632 2249 2207 2401 3544 3220 4447 3587 5060 5180 5503 5693 4316 3541 3882 4998 5031 3566 3559 3622 3180 4177 4578 
2519 2122 1888 2436 3105 3191 3361 7746 7901 8283 5959 4793 3993 4798 6060 3844 5647 4069 4464 5395 3996 3065 3445 3467 6278 
2858 3079 3361 3028 3621 3479 3391 8771 8310 8189 8124 8309 8477 6650 5741 5923 5710 4904 4638 5383 6022 3878 2753 3594 6046 
2471 3824 4091 3569 3951 5261 8432 8939 5692 5028 5258 5621 4488 6925 6553 7322 5090 5314 5637 5639 6431 4515 4021 4708 4151 
