includes/gis/ASCII_5k/mod13q1_ndvi_2005_129.tif.txt
ncols         25
nrows         20
xllcorner     257482.3972
yllcorner     9670060.6647
cellsize      5000
NODATA_value  -9999
5392 4666 5176 6970 6481 5507 5350 3289 3348 3151 3694 4312 5248 6478 2229 3550 2985 4390 4292 3800 3186 3010 2500 2279 2617 
5177 4248 4853 5199 4980 5112 4250 3709 4339 5002 3147 4058 4799 4038 2184 4176 4939 3361 3222 3246 2789 3645 2637 4438 4655 
4933 5911 6176 3875 3084 5646 4320 3284 4293 3587 3173 3270 3973 3972 3506 5189 3032 2582 2633 3420 4720 3759 3589 3954 3962 
6252 4468 5830 3270 4305 4927 4975 5809 3397 4521 3455 3838 4180 3453 4021 5031 2967 2438 2125 6367 3382 2453 3074 2567 3899 
3883 6530 4551 5559 2177 7078 4739 4178 3299 3156 3476 3801 3243 4488 2263 3342 4156 3216 2296 4951 4223 3904 2364 2809 3355 
4747 4419 6642 4920 -9999 4281 3635 3540 3740 3139 6237 3113 2348 2412 2384 2694 3906 3157 3414 6861 6585 3880 4368 2964 3118 
4659 6110 5390 5762 4840 4805 3793 3392 2860 3454 3346 2822 2955 2933 3310 3937 2683 3093 4324 4092 3789 6253 2529 3288 3858 
4739 4116 5747 5439 -9999 4796 3467 3308 2994 2862 5886 3404 2661 3120 2302 3207 2691 2040 3709 5408 6286 5248 5465 4712 5096 
3652 3234 4537 4274 6856 3890 4001 2904 3100 3548 2838 2273 2588 3297 2576 3061 2583 3529 6185 5486 6094 1941 5559 7244 6723 
4853 3487 4016 4607 4995 5125 4860 2993 3346 3046 2102 3227 3005 3191 2275 2238 3211 3626 5353 5163 6383 6419 7883 8180 6988 
3652 3831 2943 3782 3620 3492 3654 1345 2757 2933 2699 4419 2703 2254 2544 2680 3407 3385 3744 3587 4243 6790 7347 7511 7797 
2720 2809 3012 3093 3868 3121 2636 2187 1238 2358 3225 2761 2707 2015 2341 2029 2937 3563 3366 3939 4904 7631 7612 7864 6328 
3740 2239 2166 3435 2687 2215 1567 3603 2945 1749 4638 1475 2091 2062 1526 2617 2279 3136 3081 3635 5264 6077 6481 8882 6934 
3368 1944 2260 2979 5217 2037 1338 3418 2515 7482 5465 1814 2078 2032 2186 2176 3858 2295 7069 1614 3979 4397 6009 7198 7791 
3646 4500 1954 2286 4801 2491 4464 3272 3136 3062 2388 3921 2757 2772 2222 7098 2159 2336 3243 3824 2542 2068 5157 6319 7920 
3434 2604 2452 2770 2958 2714 3180 4233 3198 4192 3508 4524 3864 3484 2542 2771 3453 3073 2964 2621 2821 3103 5528 4640 6414 
2608 3647 2449 4319 3175 3973 5412 6029 5331 4229 4531 5068 4077 2894 3109 3180 3199 3439 3516 2171 3319 2640 3037 4544 4763 
3175 2290 4009 4826 5135 4697 4617 7366 7767 1902 6039 3100 6936 3174 3682 2548 3682 2728 2990 5274 3561 2999 3655 3436 4565 
4055 3976 5295 5281 5766 4780 4271 2236 5569 3359 5141 4570 6468 5018 6108 5426 4422 3833 3912 5207 4614 3649 2605 4482 5213 
5379 4154 4568 4955 4836 7085 8662 4523 5424 1608 587 579 2630 2987 7409 7861 4772 3971 4870 4986 5340 3706 3917 3234 4193 
