includes/gis/ASCII_5k/mod13q1_ndvi_2016_305.tif.txt
ncols         25
nrows         20
xllcorner     257482.3972
yllcorner     9670060.6647
cellsize      5000
NODATA_value  -9999
2542 2369 2333 2799 3073 3100 3725 2197 2556 2091 2020 2391 2702 3009 1870 1702 2146 2534 2575 3308 2597 2846 2394 2006 1950 
2382 3649 2537 2669 3286 858 3113 2425 1840 2460 2031 2117 2618 2698 1798 2425 2966 3226 2837 2031 2252 2902 2122 2965 2750 
2673 2411 3029 2218 2980 3220 2301 1813 2265 1948 1800 1957 3466 2769 2054 1830 1757 2049 2296 2219 3945 3225 2588 2492 2743 
2795 3529 2892 2704 2515 1859 2768 2729 2294 2605 2000 2035 2309 2000 2067 1933 2353 1577 1976 4174 2131 2073 2447 2141 3661 
2427 2665 2606 2523 2635 3238 2629 2517 2298 2760 2468 2634 2333 2814 1761 1699 2205 1895 1805 3833 2120 2729 2025 2837 3037 
2403 2983 2377 2796 2573 2636 2340 2379 2287 2468 2543 2521 1963 2140 1850 1863 2267 1717 2271 4087 3493 2632 1978 2490 2377 
2576 2987 2810 2728 2333 2309 2439 2267 2245 2106 2283 2060 2447 2447 2365 2154 1854 2224 2146 2384 2626 4296 2229 2459 2689 
3270 2330 2904 2810 2242 2528 2183 2216 2253 2123 2663 2133 2316 2399 2042 2159 1978 1637 1975 2507 3752 5056 4593 3657 4455 
2017 1450 3260 2584 1325 2408 2294 1995 2042 2059 1943 1915 2250 1904 1957 1814 1529 1952 2134 1946 3396 3159 5099 4982 4267 
2423 2152 2415 2727 2330 2437 2260 2243 1888 2413 1955 2066 1987 2015 1976 1912 1906 1934 1652 2065 2279 3225 5411 4998 4363 
2660 1945 1977 2291 1673 1620 1768 1178 1966 1777 1665 2067 1908 1970 2020 1820 2081 2139 1614 1787 2140 4529 4040 5292 4860 
2128 734 2205 1407 1917 1588 1671 1454 1154 1887 1711 1609 1905 1896 1896 1979 1761 1874 1535 1801 2072 6020 3797 4012 5290 
969 2013 1747 2349 1910 1271 1147 2612 1991 1525 2184 1176 1881 1659 1844 1682 1558 1999 1631 1481 2538 2987 3371 7587 5218 
1328 1404 1890 2013 2281 1455 1244 1755 1488 5064 2626 2113 1796 1620 1521 1799 2274 1910 3262 1328 2370 2199 3683 3346 5353 
1972 1941 1346 1867 2571 2024 2622 1833 1377 2409 1585 1569 1990 1859 2726 4282 1705 1678 1915 2346 1486 1441 4263 2834 5604 
1907 1524 1744 1713 1705 1950 1988 2066 2364 2143 1904 1979 1812 2384 2005 2056 2152 2126 1898 1913 2155 1716 3908 2124 2570 
1818 1854 1261 2181 1768 2344 2345 2270 2814 2267 2311 2064 2676 2588 2276 2215 1755 2359 2012 1745 2541 1948 2077 2701 4085 
2030 1226 1855 1959 2184 2284 2323 2758 6833 7503 4971 2524 1918 2443 1976 1917 1954 2041 1891 2980 2041 1752 1692 2244 2437 
911 1644 2094 1945 2253 2748 4409 5400 1633 6395 5309 8914 7674 5490 3264 2199 2040 2144 2268 1713 3122 1936 1849 2082 3705 
2010 1876 3128 2138 1551 1711 1152 4326 2824 700 159 1866 2078 3494 8177 4333 2207 3054 1727 1486 1833 2274 2095 1637 2145 
