includes/gis/ASCII_5k/mod13q1_ndvi_2016_273.tif.txt
ncols         25
nrows         20
xllcorner     257482.3972
yllcorner     9670060.6647
cellsize      5000
NODATA_value  -9999
2584 2472 3375 3108 3220 2874 3180 2067 2105 2143 1834 2201 2515 2599 1525 1257 1659 2332 2233 2539 2168 2325 2168 1974 1913 
2317 2560 2461 2840 2855 2251 2733 2553 1777 2169 1865 2183 2360 2642 1720 2134 2438 2704 2266 2104 2207 2601 2001 2454 2610 
2784 2861 2877 2313 2842 2465 2386 1853 2331 1863 1890 2009 2323 2416 1923 1865 1876 1924 2105 1992 3343 2582 2417 2486 2391 
2752 3417 2683 2547 2449 2492 2557 2571 2351 2795 2179 2126 2356 2030 1671 1850 2228 1697 1899 3742 2142 2051 2238 2105 2700 
2444 2671 2673 2572 2818 3696 2599 2365 2217 2594 2512 2508 2334 2693 1828 1735 2211 1925 1928 3385 2289 2494 1842 2529 2638 
2230 2637 2371 2689 2541 2569 2319 2333 2263 2366 2722 2535 2098 2172 1857 1854 2100 1748 2142 3572 3022 2726 1899 2171 2232 
2304 2831 2754 2700 2474 2005 2524 2243 2102 2143 2308 2265 2433 2317 2434 2188 1952 2107 2248 2568 2621 3899 1965 2229 2521 
2363 2548 2582 2510 2398 2294 2157 2287 2337 2350 2895 2079 2119 2140 1967 2086 1740 1592 1901 2032 3327 4968 3951 3197 3648 
2427 2629 2514 2404 2662 2484 2104 1944 1956 2165 2192 1919 2172 1893 1960 1788 1612 1891 2084 2071 4786 3463 4654 4548 3803 
2491 2228 2413 2449 2175 2257 2172 1904 1831 1931 2000 2127 2039 2024 1899 1725 1842 1970 1598 2051 2636 3372 4816 4540 3692 
2511 2817 2034 2247 2076 2023 1715 1241 1774 1661 1647 1944 1899 2004 1989 1781 2113 1992 1763 1810 2131 4402 3855 4728 4258 
1926 2111 2106 1767 1848 1523 1501 1449 1070 1708 1677 1646 1809 1681 1845 1754 1669 1851 1538 1751 2085 5219 4027 3155 4955 
2211 2057 1876 2126 1962 1567 1211 2340 1822 1349 1950 1035 1644 1600 1745 1754 1616 2069 1684 1511 2581 2750 3114 7288 4192 
2024 1663 1738 1811 2459 1409 1181 1937 1466 5097 2559 1535 1751 1604 1466 1509 1959 1708 3429 1113 2277 2108 3242 2874 5345 
2046 1866 1340 1533 2503 2002 2293 1588 1469 1607 1623 1749 1890 1893 2064 4588 1851 1572 1757 2266 1470 1391 3715 2666 4657 
1903 1431 1436 1431 1608 1800 2065 2034 2117 2086 1744 2107 1863 2261 1876 1814 1947 1678 1536 1745 2124 1884 3742 2197 2754 
1720 1818 1291 1994 1805 2312 2453 2215 2332 2640 2413 2385 2576 2481 2205 2037 1697 2184 2048 1302 2427 1985 2177 2589 3812 
1909 1233 1770 1801 2156 2359 2614 3502 6122 7293 5007 2104 1830 2271 1913 1788 1963 1812 2082 2798 2070 1816 1844 2100 2395 
1267 1627 1951 2353 2152 2310 3898 7522 8006 8189 5789 8544 8593 6422 2941 2215 1866 2098 2012 2443 2614 1822 1459 2096 3266 
1665 1685 2073 2372 2256 1881 2496 7184 6277 4468 6072 6305 6415 7294 5780 4455 2540 2785 1644 2720 2715 2089 2147 1739 2364 
