includes/gis/ASCII_5k/mod13q1_ndvi_2012_001.tif.txt
ncols         25
nrows         20
xllcorner     257482.3972
yllcorner     9670060.6647
cellsize      5000
NODATA_value  -9999
4364 3607 4681 5282 5995 5140 4401 3048 3090 5010 3676 4030 4223 4313 3022 3460 3025 4830 6059 5509 3532 3971 4468 4648 4612 
5994 5708 3850 5248 5807 3985 4133 4036 3435 3397 3769 3619 3702 3243 4182 4615 5219 4497 5092 4457 3642 3875 3774 3926 7190 
5315 5880 5802 3467 4953 4283 4150 3515 4395 2526 2430 3447 3320 5219 4505 3385 4182 3805 5445 4398 5316 6625 4736 4625 5530 
5081 6319 5855 3913 3013 3491 3846 4598 4088 3760 2651 3061 3183 3790 4514 4319 4210 4007 4044 6975 5237 5518 5973 4245 5810 
4672 6155 5192 4056 3240 4490 3636 3213 2282 2733 2898 3679 3444 4242 3319 3397 4902 4418 4960 7064 6792 6151 3835 4927 5134 
5481 5868 4686 4124 3974 5097 3930 3042 2580 2647 4186 2585 2897 3040 2594 3088 3465 2854 4653 7031 7677 6766 5112 5170 4796 
5687 5430 5406 4670 3778 4114 3020 2530 2933 2588 2686 2909 3031 3144 4096 4119 3769 2970 5265 5770 5794 6782 6171 5215 4750 
4975 4966 4506 4507 3419 2671 3201 3289 2623 2347 3219 3279 3236 2880 2442 2809 2647 2350 3415 4392 6160 6846 7645 8071 7994 
4531 5133 5119 3263 5003 2875 2757 2585 2056 2232 2674 3128 3671 2333 2367 2244 2165 3255 3233 3934 6164 6241 6143 7963 7616 
4267 3376 3651 4337 3456 2998 2715 2134 1818 2139 2739 2444 2259 2276 2388 2268 2890 2832 2278 2880 5415 6882 7599 8066 7924 
4568 4653 2757 3535 2546 2373 2336 1473 1803 1946 2510 2769 2541 2088 2405 2169 2986 3037 2654 2444 3898 6223 7461 8082 8239 
3006 2516 2757 2089 2224 1799 2071 1280 1028 1654 2034 2257 1924 2364 2790 2201 2496 2806 2927 2578 3506 7257 7262 7928 8013 
3499 3663 1788 2738 2185 2546 1486 3167 2078 1760 2608 1707 3540 2289 3529 2871 2175 2532 2145 1991 4160 5603 6481 8702 8012 
3630 2837 2168 2602 4473 1637 1278 2202 1678 7295 4439 1895 2786 2337 2352 3132 3441 2698 6527 1688 4380 4244 6896 6296 8000 
4003 2857 1679 2073 3348 2159 3278 2287 2075 3799 2758 3528 3349 2325 2726 7623 4506 3165 2572 4879 2578 3376 6761 6188 7273 
3110 1705 1811 1707 2492 2411 2735 3479 4203 4116 4041 4166 3789 3545 3470 4226 6574 4944 2789 2542 3727 3362 6118 6000 7194 
2222 1702 1402 1938 1989 3994 4394 5783 5422 4585 5512 6079 6768 5705 5717 5526 4410 5044 3128 2328 3964 3517 4564 4495 5056 
2870 1570 1893 2466 2621 4191 5772 4955 7903 8384 7433 5295 6499 7289 6077 7294 6036 3658 2735 4460 4011 4155 3091 3132 5503 
2172 2233 2184 3226 3246 4765 3539 8840 8471 8287 8266 8563 8700 7576 6988 6293 5316 4089 4203 4554 5018 3067 2181 2972 5295 
3639 2826 3378 3008 3315 5058 7862 8458 5526 4913 5553 5227 5487 7420 8665 7732 6290 5833 4688 4532 4906 3326 3439 2456 4844 
