includes/gis/ASCII_5k/mod13q1_ndvi_2003_321.tif.txt
ncols         25
nrows         20
xllcorner     257482.3972
yllcorner     9670060.6647
cellsize      5000
NODATA_value  -9999
4837 2357 4226 5928 4311 4457 5800 4236 5545 4155 4494 5794 7392 7053 3488 3705 3840 5711 6704 7447 4556 5013 5615 4693 4098 
5592 3810 4366 4307 3848 5221 -9999 5342 4338 3969 4455 5421 5113 3649 3482 4532 5045 4462 4415 6129 4920 4795 5797 7873 7052 
3748 4605 6017 3401 5705 4164 4932 2910 4159 3105 3483 3446 5072 5367 3890 3760 5675 4543 5688 5808 4072 4063 7392 6144 6941 
4918 6590 4305 3791 4090 3792 4163 3737 3681 3826 3735 4447 5889 4085 4572 5393 5235 3803 4206 6723 6887 4503 5794 4227 6880 
4136 3248 4408 2796 3528 3955 3651 2717 3539 4419 3980 4075 4424 5880 3323 2821 4917 4808 3405 7502 6177 5712 4087 5455 6172 
3337 4764 1610 4171 4333 4835 2522 2401 2775 4975 4913 4107 3220 3712 3117 2653 3930 2223 3809 4709 7502 6229 8048 4034 5159 
4016 4852 4801 2293 3762 3667 3310 3062 3062 2948 3289 2774 3287 3561 3155 3062 4357 4121 3509 5842 6382 7080 4881 4080 6454 
2110 944 3464 4520 3960 3654 3326 2951 2662 2639 3324 3034 2655 2636 2369 2824 3139 3659 3691 6983 2207 6585 8039 7712 7809 
2871 2068 1662 4224 4937 2716 3256 2230 2470 2417 2192 2221 3041 3094 2625 3213 2642 3399 5030 4896 6305 5190 5176 8025 7866 
4443 2205 2298 2713 2786 1529 2499 1984 2029 2164 2181 2228 2211 2356 2860 3092 2968 2962 4202 4917 6747 5117 6053 8320 8018 
5009 3133 2199 3102 2338 2164 2080 1059 1781 1653 1683 1704 2446 2178 2666 2620 3461 3475 2753 3721 4276 6324 4091 7590 7708 
3809 2868 2376 1980 1984 1873 2044 1503 1142 1698 1499 1791 1241 1971 2452 2342 2824 4359 3549 3391 5092 7346 6435 5887 6667 
3640 2348 2454 2493 1882 1875 1336 3570 1994 1770 2658 1431 1802 1787 -9999 2543 3125 2663 3869 2824 6031 6426 5889 5577 6510 
2161 1809 1905 2070 2366 1511 1233 2134 1487 6150 4784 1791 2253 1814 1945 2021 2966 2909 4674 1482 5684 5123 7451 5235 5648 
2424 1964 1348 1833 2792 2454 2632 2192 1792 1799 1577 1669 2102 2159 3010 6728 2131 2496 3234 5360 2420 2938 6126 4912 5713 
1859 2284 1810 1705 2576 3009 3430 2076 2090 2143 2080 2550 2030 3756 3508 3044 3716 4643 2999 2604 3635 3676 5758 4193 4514 
1621 1749 1446 2446 3106 2858 5089 4879 3642 1240 2739 3694 4230 4030 3488 3902 3921 4376 3215 1693 2249 4287 3849 4604 4748 
2040 1635 1249 3006 3965 4614 5858 4133 7732 3210 5171 973 3169 2828 2734 4938 5480 4464 4277 4559 2950 1708 4125 4982 5431 
2072 1632 2375 2840 2836 5460 7260 2443 7475 4645 1148 2045 1466 5793 4391 3967 5419 4230 4022 4803 3420 2305 2578 3562 6198 
2199 2373 3521 3698 3051 6441 2170 4104 4725 4341 967 1992 3709 6967 4492 7309 4522 5192 5041 4220 4908 3665 3847 2861 3496 
