includes/gis/ASCII_5k/mod13q1_ndvi_2009_193.tif.txt
ncols         25
nrows         20
xllcorner     257482.3972
yllcorner     9670060.6647
cellsize      5000
NODATA_value  -9999
2915 2629 4044 3177 3125 2621 3249 1817 2279 2220 2193 3178 3314 2757 1532 1420 1839 2310 2527 2581 2156 2356 2280 1989 1937 
2631 2610 2405 2998 3273 2275 2893 2483 1757 2621 2001 2521 2680 2772 1908 2480 2486 2810 2657 2106 2137 2858 2240 2976 3154 
2788 3436 2882 2120 2546 2322 2393 1887 2677 1981 2092 2121 2576 2446 2036 1999 2071 1979 2318 2152 3620 2796 2548 2835 2716 
2692 4127 2660 2806 2042 2298 2417 2745 2228 3067 2122 2092 2384 1823 2183 1943 2288 1897 2028 4217 2320 2242 2630 2128 2834 
2948 3134 2779 2423 2892 4370 2251 2159 2148 2330 2220 2377 2252 2733 1895 1909 2369 2136 1828 3846 2795 2825 2032 2480 2569 
2229 2653 2382 2778 2954 3079 2211 1996 2034 2026 2919 2215 2127 1911 1814 2035 2349 1772 2274 3976 3854 3020 2114 2274 2138 
2398 2881 3405 2858 2422 2113 2411 2346 2100 2159 2076 1960 2091 2265 2192 2067 1681 2320 2229 2783 2600 4101 2104 2387 2819 
2466 2135 2443 3249 2825 1995 2061 2186 2304 2181 2199 2051 2023 2120 1991 2463 1858 1698 2037 2266 3717 5059 4012 3285 3633 
2415 2786 2878 2402 2838 1945 2027 1938 2270 1953 1984 1852 2182 1965 1825 1864 1619 1974 2302 2471 4441 3794 4664 5097 5157 
2870 2206 2749 2730 2205 2281 1666 1922 1736 1685 1791 1869 1854 1812 1859 1764 1837 1894 1624 2091 3182 4060 5237 5044 3938 
2466 2794 2179 2427 2238 2052 1693 1171 1610 1480 1608 1805 1795 1722 1690 1686 2011 1698 1546 1811 2392 4944 4079 4385 4444 
2228 2329 2467 1905 2078 1486 1479 1266 1019 1484 1418 1565 1741 1475 1881 1605 1647 1996 1489 1660 2184 5643 4505 4565 4952 
2485 2171 1838 2151 2023 1596 1348 2296 1744 1269 1756 917 1643 1550 1876 1852 1642 1909 1664 1521 2669 3149 4175 8086 4512 
1912 1543 2005 1894 2295 1641 1283 2017 1328 5173 2367 1469 1738 1690 1548 1649 2002 1719 3363 1172 2267 2259 4257 3913 5719 
2148 1806 1350 1575 3319 1969 2429 1704 1487 1486 1641 1626 1991 1905 1812 4021 1758 1524 1579 2330 1401 1526 4260 3120 4609 
1846 1447 1397 1645 1642 1758 2009 1943 1918 1930 1958 2212 1838 2269 1917 1974 2030 1852 1736 1861 2041 1718 3879 2415 2927 
1575 1556 1146 2071 1944 2219 2636 2568 2330 2766 2843 2752 2767 2591 1992 2268 1890 2204 2246 1467 2081 1738 1907 3012 3928 
1905 1304 1590 2170 2570 2949 2252 2813 4111 6018 4208 2118 1665 2402 2079 1812 2065 1933 2157 2993 1906 1553 1814 2144 2492 
1329 1447 1855 2154 2167 3198 4878 5602 6210 7366 8724 7184 8468 6904 2975 2022 1890 1984 2148 2952 2739 1726 1488 2628 3445 
1767 1872 2133 2449 2255 3079 8008 5019 4055 5504 1549 5517 4690 7029 6499 7143 2575 2755 2150 2676 2764 2346 2549 1953 2400 
