includes/gis/ASCII_5k/mod13q1_ndvi_2017_257.tif.txt
ncols         25
nrows         20
xllcorner     257482.3972
yllcorner     9670060.6647
cellsize      5000
NODATA_value  -9999
2466 2278 3146 2710 3134 2450 2833 1915 2158 2045 1860 2264 2679 2673 1481 1290 1894 2563 2311 2680 2223 2333 2469 2238 2127 
2213 2478 2314 2961 2799 2276 2851 2242 1816 2333 2069 1986 2275 2736 1770 2035 2427 2993 2396 2235 2293 2782 2395 2563 2521 
2546 2734 2865 2204 2891 2458 2312 1864 2216 1913 1857 1885 2354 2298 1998 1877 1967 1877 2183 2281 3159 2729 2359 2387 2358 
2734 3525 2712 2547 2293 2418 2635 2656 2218 2484 2081 2011 2163 1828 1882 1780 2151 1755 1859 3732 2206 2094 2275 2158 2607 
2525 2787 2608 2434 2643 2832 2372 2235 2200 2325 2338 2212 2137 2379 1875 1900 2305 1993 1918 3555 2338 2837 2036 2591 2645 
2174 2716 2240 2636 2457 2607 2221 2230 2115 2261 2345 2255 2064 2052 1914 2000 2082 1821 2146 3542 3330 2862 2224 2341 2413 
2332 2801 2977 2587 2296 2095 2404 2200 1983 2097 2148 2079 2170 2199 2200 2191 2008 2093 2285 2676 2751 4441 2268 2614 2837 
2305 2338 2494 2582 2341 2250 2268 2261 2278 2147 2467 2130 2115 2142 2036 2121 1932 1818 2032 2376 3788 5197 4095 3401 3602 
2208 2835 2628 2299 2621 2038 2110 2040 2030 2154 1953 1925 2123 2072 1853 1865 1643 1911 1989 2307 5154 3999 4806 4958 5219 
2491 2164 2627 2519 2092 2266 2146 1908 1819 1836 1908 1896 1686 1948 1885 1958 1767 1808 1491 2245 2588 4113 3869 5080 5573 
2286 2976 2114 2306 2121 2027 1651 1221 1795 1661 1666 1817 1884 1819 1902 1831 2105 1892 1605 1857 2220 4181 3684 4828 5536 
2069 2067 2093 1879 1944 1563 1513 1416 1079 1609 1566 1590 1779 1860 1803 1707 1680 1849 1532 1697 2178 4899 3811 3881 4955 
2015 2044 1722 2041 1878 1570 1270 2229 1743 1345 1844 1082 1693 1617 1747 1815 1627 1970 1648 1446 2382 2489 3395 7336 3726 
2000 1625 1767 1955 2184 1445 1309 2197 1342 5005 2464 1518 1759 1575 1483 1404 1895 1604 2631 1281 2226 1933 3074 3495 4797 
1863 1764 1258 1604 2757 1735 2266 1643 1633 1515 1567 1697 1871 1805 2149 3756 1697 1766 1643 2169 1347 1572 3644 2899 4292 
1754 1364 1637 1508 1674 1896 2140 2097 2028 2005 1755 2010 1770 2089 1910 1888 2082 1743 1560 1891 1996 1949 3830 2308 2920 
1628 1662 1194 2004 1951 2578 2857 2285 2413 2590 2343 2475 2488 2339 2063 2169 1866 2143 1977 1450 2215 1800 1926 2391 3507 
1904 1123 1696 1758 2367 2657 2798 3453 5482 6286 3654 2143 1775 2044 1707 1763 1825 1978 1998 2734 1941 1880 1858 2156 2625 
900 1473 1962 2403 2437 2341 3650 8267 8194 7840 8264 7961 8086 5667 2803 2096 1930 1986 1950 2073 2374 1753 1486 1930 3478 
1694 1664 2181 2608 2287 2726 5795 7465 5342 4935 4823 5066 5236 7027 7028 4547 2067 2447 1435 2639 2317 2291 2390 1925 2280 
