includes/gis/ASCII_5k/mod13q1_ndvi_2016_129.tif.txt
ncols         25
nrows         20
xllcorner     257482.3972
yllcorner     9670060.6647
cellsize      5000
NODATA_value  -9999
6618 5925 7260 6499 6862 6899 7361 6012 6125 5579 5207 5735 6221 6893 2650 3466 4581 6022 4806 4191 4039 3181 3992 3708 3766 
6839 6492 6617 6816 6972 5776 6425 5681 4417 6910 4616 4771 4183 7638 2247 -9999 5100 6462 5868 3273 3721 4646 3689 6880 5809 
7089 5970 7099 5918 6994 6488 4826 3488 5599 5121 4946 3702 4828 5743 4663 2794 4012 2043 4158 2971 6324 3395 5061 3964 5304 
6878 8054 6931 7349 6539 6196 5937 6493 4786 5196 4721 4084 5730 4694 5149 3603 6689 2268 4733 7911 3314 4516 3754 3440 5937 
6123 6866 6575 6878 6413 7813 5941 4392 4521 6633 4656 6330 6287 5665 3613 3123 5328 3293 3159 6076 3770 2620 2694 5225 4095 
5464 6633 6399 6260 6054 5633 5830 5670 5281 5726 7118 6672 4538 3897 2095 4850 5200 1776 4610 7456 7352 2768 3328 4192 3126 
5977 7147 7086 6478 6387 5487 5100 3615 4092 3687 5174 4761 4532 3706 3900 5341 3695 2655 4447 6326 6378 5190 3683 4053 4755 
6301 6560 6974 6162 6373 5399 4728 4380 3603 4046 6520 4061 2665 4258 1464 2669 1979 2672 2249 6202 7066 7582 2574 5980 7610 
5383 5995 6318 6725 6936 6704 4524 2801 3999 4737 4718 3862 3837 2681 3217 1438 2064 2939 3229 5588 6607 3722 3978 5912 7919 
6231 5405 5776 7035 5850 5522 5593 3451 2244 3034 3877 4690 3556 3849 1635 2300 1432 2886 2460 3163 6110 7162 5907 7159 6593 
4053 6337 4833 4344 4772 4719 4027 1766 5343 2433 1872 5321 3084 5060 3981 2840 2482 3626 3391 4072 4264 6309 7352 7868 7948 
4064 4855 5309 3957 4460 3541 3644 2641 1232 3588 2519 2938 3901 3025 2851 2344 2149 2477 2487 4114 4192 7814 7195 7636 7672 
3803 4794 4673 4979 2721 2475 1313 3433 5265 2522 3672 1495 2328 3589 3220 2754 2012 3134 2395 2349 5884 7189 6475 8500 7607 
4705 3835 2969 3385 6048 1705 1733 4261 2489 8068 4223 1824 2893 4073 1947 2204 4169 2576 5832 1757 5840 5630 5535 6732 7563 
3585 4533 1893 2714 3485 2049 4974 4130 3260 5299 2921 2453 2726 4431 2438 6245 2983 2682 2583 5242 2268 2114 4922 5545 7245 
3153 1608 2685 2974 2954 2843 5221 6418 6523 5657 2891 4433 4023 3545 3033 2848 3274 3584 2437 2582 3926 2658 5452 4414 7855 
2463 2393 1952 4096 4663 5273 3039 3201 3465 5016 5868 1362 4345 5002 4338 4179 2940 3946 2952 1730 4103 3088 3644 4359 3601 
3237 1460 2688 3949 5106 6527 2249 1495 4211 4592 6629 3706 6822 6159 3440 4095 5062 4099 3462 5013 4117 3095 3174 3445 5887 
1710 1858 2403 4341 6270 4758 1743 2068 6035 6077 2037 5701 6467 8169 6935 6151 5882 5915 4569 4078 3755 3230 2709 4955 6273 
3582 3189 4306 3982 4520 7789 1549 5073 6702 5747 5909 6215 6213 8054 8677 8141 6672 6501 6206 6200 5159 4645 4886 4735 4319 
