includes/gis/ASCII_5k/mod13q1_ndvi_2016_193.tif.txt
ncols         25
nrows         20
xllcorner     257482.3972
yllcorner     9670060.6647
cellsize      5000
NODATA_value  -9999
3441 3611 5602 5030 4799 4506 4803 3322 3093 3330 2640 3226 3391 3589 1996 2130 2220 3007 2595 2839 2722 2630 2469 2440 2452 
3531 3437 3523 3782 4259 2972 3846 3080 2301 3193 2311 2733 3493 4241 1949 2479 2707 3152 2940 2371 2491 3079 2471 3052 3310 
4762 4024 4131 3397 3434 3226 2830 2266 3089 2310 2398 2300 2776 2720 2346 2169 2360 2406 2715 2219 3447 3056 2782 2828 2989 
3539 4535 3762 3993 3377 3294 2904 3192 2656 3299 2517 2463 2807 2512 2237 2312 2953 2104 2439 4363 2383 2480 2576 2680 3291 
3133 3388 3138 4179 3470 5053 3054 2819 2704 3347 3144 3068 2971 3005 2192 2263 2552 2233 2335 3687 2379 2896 2304 3449 3213 
2724 3120 2834 3243 3076 3255 3007 2886 2815 2781 3678 3139 2514 2486 2145 2164 2694 2016 2593 3889 3757 3015 2186 2610 2840 
2875 2783 3721 3413 2938 2732 3400 2744 2317 2671 2905 2847 2734 2542 2867 2438 2219 2388 2526 3603 3960 5090 2502 2871 3141 
3251 3163 3363 3518 3024 2947 2665 2592 2410 2299 3747 2435 2375 2340 2096 2278 2016 1733 2073 3168 4625 5867 4348 3591 4102 
2980 3167 3359 2898 3538 2777 2474 2149 2309 2510 2425 2349 2592 2096 2106 1883 1851 2023 2153 2799 5343 4893 5607 4998 4742 
3546 2846 2867 3728 2726 2950 2731 2322 2094 2136 2216 2307 2413 2276 2187 2035 2209 2133 1729 2176 2913 5263 6581 5085 3795 
2823 3617 2425 2407 2680 2665 1991 1255 2119 1845 1860 2420 2195 2618 2315 2076 2459 2422 2094 2125 2484 5084 5841 6447 5286 
2328 2799 2653 2365 2394 1776 1842 1742 1228 1911 1968 1777 2075 2156 2152 1923 1798 2109 1836 2156 2455 6655 5731 5691 5606 
2604 2512 2320 2561 2157 1632 1232 2999 2417 1596 2372 1191 1734 1806 2007 1971 1786 2335 1847 1705 2900 3180 4255 7365 4799 
2565 1944 2058 2220 3286 1542 1325 2236 1585 5639 3108 1725 2171 1938 1637 1805 2430 2030 3691 1364 2575 2515 3834 4468 6112 
2370 2386 1466 1990 2965 2022 2829 1835 1906 2000 1963 1954 2269 2131 1977 4789 2088 1801 1941 3122 1622 1703 3864 3501 5209 
2155 1487 1597 1709 1947 2183 2386 2589 2961 2651 2224 2635 2140 2364 2150 2107 2481 2249 1866 2003 2349 2082 3974 2783 4086 
1885 1961 1274 2510 2280 2930 3491 3670 4180 3771 3471 3243 3324 3199 2803 2339 1889 2242 2436 1571 2976 2277 2315 2798 3843 
2256 1246 1989 2377 2676 3188 4530 4877 7437 7743 6111 4434 3708 3292 2613 2192 2373 2321 2282 3142 2606 2189 2061 2406 2648 
1151 1493 1958 2501 2565 3748 5731 8474 8451 1861 7605 1701 7671 6608 4382 3290 2658 2866 2347 2897 2789 2143 1760 2683 3504 
2269 2011 2496 2595 2233 3250 8021 8915 6100 5069 4540 3775 3416 6723 8416 5796 4827 3647 3568 3327 3053 2441 2699 2170 2397 
