includes/gis/ASCII_5k/mod13q1_ndvi_2013_321.tif.txt
ncols         25
nrows         20
xllcorner     257482.3972
yllcorner     9670060.6647
cellsize      5000
NODATA_value  -9999
3951 2972 4438 3066 3945 2748 3535 2257 2962 -9999 2751 3671 4696 5584 2980 5156 3449 3275 2022 2660 3952 1669 2978 2782 1885 
3465 2096 2110 3692 3720 2522 3034 2961 1293 1451 2856 2783 4121 5184 3130 4425 5962 7028 4969 4523 3093 2294 2150 666 2543 
4009 2981 2842 2939 4563 3757 1858 2511 3452 2391 2014 2389 3532 3600 2565 3054 3099 1392 2340 1266 5289 6995 4113 2339 3321 
2854 3797 2937 3367 2193 2193 3059 2234 2649 3217 2516 2427 4124 2679 3072 4061 2746 1958 2195 3258 2589 2347 3958 3815 5453 
3064 4126 3916 2215 2517 3304 2760 2533 2211 2802 3702 4449 3471 3350 2796 2497 3320 4252 2814 5076 4958 4504 1732 3541 6195 
2336 816 3151 2814 3327 1370 3150 2604 2457 2219 985 3346 2875 4172 1666 3406 3159 1832 1788 4387 7070 5358 1834 5421 4660 
3132 3780 2751 2781 2919 2921 3824 2474 2053 2290 2405 2562 4180 4335 3465 2753 2750 2586 2944 5141 4178 2198 4573 2077 4169 
2196 2718 3717 5631 2062 1758 2583 2909 1121 2232 1908 2917 2771 3334 893 4255 4222 4332 -9999 2650 3087 5342 7100 7315 6580 
2840 4029 4660 4815 3686 3323 2510 2432 2229 3027 3697 2321 4196 2017 2893 2784 2298 2381 4547 5124 6193 3730 3460 5503 6576 
2600 2600 3615 2106 2627 2390 3672 3317 4653 3283 2539 4163 3464 3500 2749 3505 1406 1412 1275 4579 6050 5673 2682 5423 5965 
1241 3335 2427 3179 1766 3495 1486 1272 4383 4027 3113 3271 3445 2732 3389 2527 2119 4074 3633 3928 3969 6602 2679 6365 7054 
2138 1961 2528 2546 1854 2324 1876 1507 1153 2048 1596 4251 2299 2365 2350 2297 2453 2854 2128 2666 3176 7245 5059 2286 7947 
2307 2006 1631 2429 2242 1797 1626 2779 2475 2020 2975 662 2476 891 2139 3227 1611 3126 2311 2132 5605 6054 6069 6070 5136 
2280 2277 1880 1958 3096 1354 1468 2769 2486 5231 3765 1800 1847 1340 2006 4685 6029 4016 5213 1478 2766 5833 5489 3914 3037 
2172 1816 1234 1661 2777 2288 2841 2856 1932 1181 2035 2664 3046 3613 3366 7195 2836 2465 4402 4738 2070 3144 1203 2362 7166 
1984 1015 2238 1475 1728 2548 2607 974 2829 2433 2263 3701 2494 4799 3295 3326 4995 4245 2971 4138 3549 5376 3176 2956 6085 
1712 2090 1119 1845 2695 1481 4138 2566 5269 1523 3971 2782 623 1705 2973 3547 3121 4386 5118 5430 5322 4438 5210 6510 4589 
2401 1324 2266 2906 3976 2893 6125 1793 1003 2342 4186 1209 2275 1401 2299 3360 4005 4292 4686 5712 4227 3757 2984 5443 5876 
2172 2387 1997 2635 2974 4905 5601 8017 3687 2263 712 1635 2133 -9999 4049 1833 5643 5892 6169 3099 4055 -9999 2178 2788 6123 
2147 4019 3634 3979 4367 3653 5561 4178 689 311 -1 693 2654 4593 4450 6600 5911 6681 5538 3109 -9999 5236 4077 2315 3521 
