includes/gis/ASCII_5k/mod13q1_ndvi_2006_097.tif.txt
ncols         25
nrows         20
xllcorner     257482.3972
yllcorner     9670060.6647
cellsize      5000
NODATA_value  -9999
7515 6346 1947 3333 5734 5170 6309 5850 4131 1657 2978 5983 5905 7507 6962 7276 5488 4514 5636 5422 3937 3433 4733 3227 3707 
6671 7749 1727 3391 2172 4856 5787 2728 4502 5111 6444 5639 6279 6160 7358 7274 6488 5764 5257 4363 3539 4333 4637 6806 6244 
4220 3370 3118 3145 4780 5491 3639 4881 4942 4749 4905 5045 5956 6378 6566 6490 6425 3668 4075 4431 6355 6506 5651 3964 5675 
4663 4596 6541 3890 5394 3638 3653 5738 4760 5858 6461 6511 6487 6192 6216 6393 6843 3410 3627 7070 4486 3466 4302 2570 5340 
6299 5537 6132 5182 6001 6718 5531 6384 5116 6148 5922 7114 6487 6751 5003 5685 6365 4434 2849 6839 6757 4466 2596 4407 3825 
6930 1073 5706 7410 7263 2793 4175 5133 4838 2054 7785 6813 5698 5360 4699 5723 5921 3832 3992 7312 7495 6045 5180 3717 4613 
5984 -9999 5939 5173 5373 6577 6008 6173 4448 5667 5317 5851 6455 6306 5738 6586 6814 4083 4582 5249 6674 7149 4026 4084 5706 
4628 5310 7036 6670 5990 4461 5841 4860 5150 5529 5473 5414 5952 6443 6008 6888 6186 4180 4921 4983 6790 5744 6669 5541 6996 
4846 7305 6328 5067 6611 6140 6884 3219 4062 3418 4119 4773 6107 6458 5574 5078 3777 6229 4532 6429 3242 6626 4873 6365 7710 
7176 6505 5205 3196 4717 5210 4496 5433 3452 4271 5346 4831 5137 6038 6520 6205 4490 4848 5208 6127 6647 1977 8155 7579 7626 
6212 7921 6835 4752 5639 3895 4197 1706 3394 3088 3634 6881 5141 5442 5841 6020 4919 4887 3868 4814 4931 4720 4895 4399 7837 
3199 2423 6167 5448 4681 3370 4443 1696 1204 2488 4666 5941 6645 5411 6921 5918 5119 3748 4326 2965 6195 7662 2750 7336 5039 
6030 5215 5180 5434 4175 4286 1806 3916 4165 2784 4126 3232 5787 7713 5221 5365 4493 4519 4987 2992 6861 7219 6298 3414 1511 
7298 6444 6283 2598 6740 4976 1562 4542 3040 6944 6144 2692 4041 6033 4793 6520 6158 4598 7209 1928 6050 7062 7858 6048 4550 
5813 5394 4761 4988 7080 4556 6293 5077 4730 5922 4034 5433 4828 5857 6405 7523 4041 3465 4364 6717 4549 4870 6890 6736 4088 
5423 3353 5238 5000 4631 5726 4670 6612 6049 7378 6885 4826 6923 5552 8044 5279 7258 6047 5523 4782 5810 4800 6504 5908 7500 
5151 4918 4487 8034 5868 5063 7264 6782 6786 7340 7044 6847 7218 7563 7768 7315 1633 6435 6849 5836 6081 4913 4332 6312 1380 
4533 4473 7195 5846 6828 6389 3749 7767 8073 8095 7838 6826 7425 6495 4377 7118 7096 6357 6153 -9999 4426 2518 3744 6140 6995 
3074 7677 6095 8013 7797 7484 4725 8757 8820 8596 8597 8863 8793 6056 6985 6537 6896 6412 7558 7598 4607 3796 3599 6600 5786 
6434 6634 5437 4581 8058 4790 8013 7776 5347 4561 5048 6609 5736 7929 6516 7123 6685 7046 6396 6939 6333 5453 5821 5209 5960 
