includes/gis/ASCII_5k/mod13q1_ndvi_2014_257.tif.txt
ncols         25
nrows         20
xllcorner     257482.3972
yllcorner     9670060.6647
cellsize      5000
NODATA_value  -9999
2594 2926 3399 2706 3928 2892 3162 1747 2191 2176 2043 2462 2737 3299 1590 1958 1955 2557 1981 2650 2466 2581 2399 2262 2141 
2483 2639 2602 2749 3207 2478 2677 2867 1868 2423 2079 2332 2496 2604 1896 2254 2427 2855 2512 2336 2385 2859 2456 2937 2850 
2884 3460 3280 2564 2939 2738 2515 2264 2484 2115 2020 2136 2405 2511 2126 2065 2082 2039 2236 2323 3739 2955 2760 2808 2719 
2905 3820 2896 3539 2639 2514 2675 3178 2480 2949 2274 2177 2504 2061 2088 2067 2370 1882 1976 2781 2419 2186 2727 2323 2821 
2719 2764 2680 2716 2945 3566 3047 3026 2296 2494 2580 2432 2402 2693 1951 1915 2389 2065 1669 4052 2412 2784 2242 2720 3131 
2258 3024 2523 2723 2836 1988 2825 2615 2779 2704 2936 2466 2299 2098 2061 2094 2006 1785 2239 2310 3607 2964 2515 2833 2387 
2361 2413 730 2847 3329 2670 2617 2350 2248 2276 2302 2290 2532 2563 2551 2242 1443 2218 2211 3091 2457 4960 2385 2611 2923 
1653 2330 2561 3201 3062 2512 2248 2375 2279 2253 3068 2447 2266 2399 2111 2323 2029 1852 1977 2230 3492 4933 4068 3371 3739 
2478 3138 2705 3015 2740 2156 2127 1940 2233 2511 2336 2234 2491 2210 2050 1939 1740 2103 2208 2376 4828 3802 4987 5324 4379 
2172 851 1700 2725 2308 2401 2287 2058 2071 2002 2076 2160 2202 2247 2078 1909 2039 1991 1833 2138 2782 3796 4716 5217 4211 
2964 2792 2829 2016 2198 2025 1718 1385 1968 1853 1801 2123 2131 2280 2143 1476 2095 2115 1708 1961 2098 4690 3946 5210 4774 
2107 2022 2143 1842 1912 1621 1661 1553 1170 1683 1764 1727 1831 2177 2213 2005 1944 2039 1787 1992 2299 5356 3849 3804 5259 
2314 2000 1685 1838 2018 1711 1491 2569 2095 1396 2209 1219 1711 1673 2163 1732 1805 2192 1782 1685 2843 2649 3547 7882 3830 
2381 1709 1798 1800 2257 1509 1547 2042 1525 5361 2875 1583 1749 1736 1882 2153 2225 2032 3346 1251 2343 2568 3594 3268 4748 
2063 1780 1324 1691 2628 1816 2501 1756 1665 1734 1702 1758 2097 2246 2599 4601 2118 1922 1709 2802 1544 1555 4345 2967 4993 
1002 1512 1599 1588 1752 1861 2130 2960 2112 2223 1990 2323 1965 2567 2316 2787 2472 2154 1728 1972 2328 2048 4359 3103 3447 
1203 1811 1311 1971 1928 2285 2522 2414 2517 2409 2401 2569 2566 1678 2569 2380 1766 2531 2182 1500 2672 2078 2346 2055 4174 
2060 1385 1831 1944 2145 2304 3148 3057 2304 5344 2976 2571 2166 1736 2137 2067 2229 2265 2126 2882 2299 1920 2064 2378 2954 
1451 1497 1934 2335 1997 2038 2615 2597 3543 6060 4995 6738 2327 4296 3122 2633 2566 2318 2037 2751 2699 1852 1467 2147 4256 
1883 1857 2309 2324 2164 3840 7566 4256 6200 2785 2333 3371 5768 4243 6933 6587 2972 3321 1779 2669 2976 2401 2291 1789 2813 
