includes/gis/ASCII_5k/mod13q1_ndvi_2015_001.tif.txt
ncols         25
nrows         20
xllcorner     257482.3972
yllcorner     9670060.6647
cellsize      5000
NODATA_value  -9999
5101 4146 4863 4235 5207 3744 3130 2013 2855 2810 2796 4102 3825 3887 1934 3133 2372 4144 4562 4963 3823 3535 4148 4238 3911 
5425 4124 4385 4207 4623 3446 2795 2510 2270 3018 3191 3309 3637 3796 2317 3449 3603 3711 4338 4487 4493 4950 3895 4315 4011 
4158 4857 4070 2912 3662 3059 2863 2553 2952 2357 2300 2324 3765 4402 3979 2243 2846 3139 3825 3886 5977 5271 3869 3261 3527 
5454 5399 3081 2985 2534 2893 2811 3012 3091 3445 2567 3133 3640 2894 3617 3020 3520 2570 3059 5689 3341 3284 3185 3147 5031 
4623 3611 3367 2816 3820 4457 2876 3055 2852 3395 2905 3441 3591 4330 2985 2277 2906 3073 2816 6469 3196 3886 3125 3706 3818 
4261 3981 3311 3219 3107 2893 3396 3634 4745 3592 3518 3476 2648 3242 2936 2408 2951 2531 3730 5984 5853 4334 2913 3292 4016 
4266 4704 4699 4416 3061 3533 3204 2773 2629 2582 2627 3069 3324 3250 3336 4171 3242 2876 3512 3856 4204 5465 3320 3952 4056 
3159 3009 4169 5477 3688 3847 3201 3153 2363 2096 5041 2732 3596 2754 2417 2573 3539 2725 2447 2731 4474 6125 5440 4041 5234 
4014 4214 4285 4104 4520 3757 4147 3075 2804 3766 4242 3764 3288 3440 2680 2251 2107 2581 2445 2343 4993 4786 5291 6857 7908 
4532 4193 3696 3322 3143 2735 2411 2548 3120 2860 3435 4066 4548 3203 2569 2553 2376 2464 2009 2402 4617 6152 7019 7001 6246 
4006 5192 2707 2524 2381 2312 1816 1350 1909 2306 2846 2864 2953 3155 2567 2215 2359 2432 2767 2048 2606 5939 6522 7491 7215 
3232 3550 2952 2393 1931 1820 2376 1404 986 1890 1978 2259 2784 3056 2628 2216 2037 2481 2172 2299 3465 7062 6875 7148 7491 
3636 2620 2307 2745 2257 1927 1343 2732 3453 1687 3376 1440 2200 2602 2775 2757 2450 2911 2137 1810 3932 4256 6069 8212 7282 
3524 2185 2296 2231 3149 1504 1330 2875 2181 7211 4310 1746 2823 2339 2983 3956 3915 3291 4386 1688 3043 3161 5652 6146 7397 
3140 2584 1495 1619 2664 2147 2827 2823 2768 4521 2265 2392 2558 3111 3427 7964 2310 2486 2093 3983 1783 1964 6066 5337 7264 
3570 2087 2355 1545 2111 2563 3031 5057 5653 5214 5485 5094 4243 4583 3867 3502 3367 3147 1974 2536 3328 2453 5076 4126 5803 
2208 2488 1653 2964 2636 3585 4506 4556 6001 5638 5870 5988 6294 6087 5878 4910 3965 3778 2727 1928 2855 2879 2629 3209 5189 
3971 1864 2626 3099 3999 3233 5298 5402 8180 8114 7179 5461 6246 6587 5205 6538 7090 2941 2626 3972 2784 2850 2389 2405 4004 
2160 1898 2628 3261 4264 4365 3898 8886 8529 8332 8213 8363 8835 7964 6570 7079 7859 5505 4081 4311 3288 2993 1707 2117 4313 
2881 2878 3346 3571 3579 5361 8416 8892 5534 4754 5006 5697 6013 7862 8446 8178 7358 6088 5015 5038 4227 2861 3179 1880 3480 
