includes/gis/ASCII_5k/mod13q1_ndvi_2005_337.tif.txt
ncols         25
nrows         20
xllcorner     257482.3972
yllcorner     9670060.6647
cellsize      5000
NODATA_value  -9999
3084 2735 3138 3249 3954 2656 4111 1670 2431 2258 3562 5128 4032 4179 1174 1885 2282 4382 3764 4375 3128 3044 3124 2412 2765 
2720 2519 2256 3968 3670 2640 3143 2316 2235 3062 3180 3223 3552 2819 1857 3684 4431 3466 3927 3221 2680 3426 2838 6672 5733 
2711 3466 2999 1884 2991 2647 2713 1928 3149 2244 1949 2112 3379 3962 2492 2113 1987 2831 2725 2803 5737 5179 5112 3704 4737 
3462 4486 2660 2966 2403 2748 2919 2831 2400 3193 2368 2271 3277 2348 2768 2400 3363 2358 2659 7120 4490 3644 4164 2803 5285 
3089 3875 3592 2850 3255 3529 2500 2228 2386 2565 2749 3239 3108 4933 1970 2522 3406 3329 2568 7179 6002 4547 2760 4591 4734 
2575 3895 3772 2733 3008 3284 2482 2419 2257 2903 2973 3218 2610 2972 2318 2831 3380 2285 2881 6296 7343 6452 6953 4720 4594 
3132 2965 4277 4103 3180 2709 2617 2402 2469 2587 2835 2674 3585 3452 2865 2049 2139 2340 2983 5285 5493 6885 6510 5811 6019 
3145 2285 2507 3300 2722 2507 2287 2345 2179 2171 2945 2689 3438 3456 2002 2059 1950 1606 2448 3710 6593 7053 8255 8428 8359 
2495 2906 3353 3802 3892 2813 2200 1999 2198 2750 3118 2249 2669 2364 2401 2260 2043 2325 2968 4828 5838 7476 6309 8010 8256 
3639 2073 2794 2968 2668 2643 2301 2020 2049 2262 2253 2839 2433 2399 2182 2413 2589 2489 2137 3613 6507 5819 7820 8455 8241 
3214 2799 2492 3006 2366 2167 1737 1145 2063 2456 2097 2019 2397 2407 2880 2536 3049 2474 2186 2743 5205 6454 6503 7911 7992 
2226 2291 2528 2142 2331 1733 1750 1300 1019 1892 1720 1734 1954 2336 2661 2261 2580 3108 2301 3321 5123 7844 7303 7486 7771 
2358 1837 1546 2713 2009 1659 1433 2934 1863 1484 2331 1482 2224 1988 2806 2415 2935 2767 2439 3275 6688 7398 6908 8468 7894 
1986 1560 2007 1958 2196 1637 1223 2153 1400 7040 4097 1622 1899 1938 2445 1939 3163 2791 5342 1435 4908 5933 7828 6448 7814 
1851 1868 1284 1559 2909 2249 2627 1947 2061 1758 1833 2467 2544 2697 2281 8175 2783 2248 2982 6162 2156 2664 6404 5906 7013 
1896 1579 1562 1803 2057 1822 2167 2695 2936 3114 2508 3409 3573 3562 3179 3108 3720 3837 2377 2706 3626 3310 5984 4236 6217 
1514 1638 1382 2267 2430 2823 3194 2848 3375 3203 4322 4842 5207 5180 4305 3900 3405 3263 3188 1767 2846 3480 2859 4520 5308 
1883 1284 2176 2710 2884 2521 3874 3690 7743 7893 6313 3789 4527 5714 4047 5177 6436 3879 3585 5064 3149 2520 2804 3411 6257 
1961 2619 2687 3114 2970 2966 7283 8837 8749 8116 8517 8996 9065 6862 5748 5860 6833 6285 5515 4736 4423 2782 3136 4779 5717 
1884 2800 3409 3855 3696 6811 8494 8541 5478 4836 4907 5587 5518 7392 6136 7590 6344 6666 6901 6415 6564 4688 4405 4044 4165 
