includes/gis/ASCII_5k/mod13q1_ndvi_2016_209.tif.txt
ncols         25
nrows         20
xllcorner     257482.3972
yllcorner     9670060.6647
cellsize      5000
NODATA_value  -9999
3107 2996 4723 4292 4399 4266 4646 2847 2989 2973 2577 3085 3091 3466 1845 2005 2094 2842 2677 2815 2529 2453 2471 2377 2430 
3205 3056 3188 3528 3867 2835 3519 3092 2126 2840 2490 2619 3023 3389 1887 2416 2684 2956 2826 2462 2473 2867 2430 2899 3248 
4185 3816 3531 2941 3299 3050 2694 2176 2731 2292 2238 2208 2745 2820 2248 2077 2225 2127 2427 2255 3415 2847 2646 2630 2900 
3496 4361 3198 3323 3154 3110 2958 3258 2605 3238 2490 2422 2746 2453 2139 2199 2701 2077 2273 4119 2404 2441 2512 2564 3080 
2864 3241 3102 3465 3241 5085 3001 2683 2605 3226 3004 3021 2950 3151 2081 2134 2530 2017 2045 3562 2396 2960 2132 3338 3199 
2622 3107 2723 3261 2975 3084 2797 2786 2695 2741 3529 3195 2450 2412 2151 2055 2519 1949 2483 3497 3637 2904 2145 2560 2790 
2836 3227 3488 3310 2871 2622 3043 2546 2413 2457 2586 2783 2683 2477 2791 2473 2231 2241 2369 3294 3586 4559 2367 2781 3027 
2883 2991 3197 2938 2949 2681 2555 2734 2760 2576 4063 2414 2355 2470 2156 2345 1902 1506 2101 2671 4004 5458 4398 3434 3915 
2855 3068 3091 2804 3398 2690 2421 2094 2272 2367 2361 2413 2473 2143 2134 1943 1767 2130 2230 2476 4840 4314 5158 5162 4318 
3163 2723 2803 3308 2525 2727 2505 2185 2020 2156 2128 2292 2216 2211 2161 2101 2070 1831 1787 2212 2993 4766 5478 4836 3904 
2851 3374 2263 2553 2534 2465 1926 1426 2020 1894 1836 1757 2147 2256 2121 1954 2309 2244 1876 2064 2446 5214 5575 5684 4830 
2329 2407 2594 2014 2232 1788 1770 1721 1203 1899 1829 1711 2073 2072 2024 1848 1850 2125 1772 2144 2374 5940 5381 5397 5485 
2555 2383 2192 2411 2070 1650 1260 2714 2290 1681 2236 1215 1861 1711 1948 2150 1753 2114 1856 1600 2698 3147 4005 7350 4976 
2342 1907 1929 2048 3262 1557 1443 2210 1630 5581 3185 1621 2093 1932 1656 1917 3541 2008 3714 1334 2518 2413 3590 4125 6246 
2393 2228 1508 1886 2926 2016 2791 1851 1832 1933 1890 1872 2114 2073 2111 4236 2130 1750 1963 2789 1480 1560 3828 3535 4527 
1964 1578 1839 1778 1854 2000 2262 2406 2661 2404 1998 2421 2116 2508 2097 2063 2257 1914 1846 1997 2290 2040 3924 2699 3754 
1829 1889 1610 2472 2038 2634 3082 3149 3499 3213 3116 3035 3320 3099 2532 2515 2068 2539 1905 1389 2595 2336 2255 2746 3948 
2094 1220 1947 2143 2381 2758 4119 4477 3490 3993 5703 2609 3239 2962 3074 2331 2428 2403 2052 2736 2256 2024 2014 2321 2676 
1156 1445 1827 2381 2454 3203 5189 8578 4203 1807 1542 2423 2293 6228 3951 2190 2544 2624 2529 2473 2553 1984 1720 2418 3421 
1689 1696 2197 2357 2170 3344 7670 8447 5756 4997 2748 434 2061 7723 7795 5164 4793 3344 3326 3368 2711 2349 2461 2062 2361 
