includes/gis/ASCII_5k/mod13q1_ndvi_2002_321.tif.txt
ncols         25
nrows         20
xllcorner     257482.3972
yllcorner     9670060.6647
cellsize      5000
NODATA_value  -9999
3100 3433 4223 4360 4856 2690 -9999 2663 3995 3330 3993 6294 6717 6852 4910 5606 4727 6826 6971 5491 5430 4753 5312 3683 4334 
4522 2961 3007 4323 5215 4322 4567 3907 2812 4707 5439 6379 7494 5189 5901 6113 7457 6039 5631 5734 5095 -9999 5507 7672 6835 
3034 4718 2984 2245 3553 2982 4917 3566 5443 4249 4783 5708 5580 6457 6146 3850 5958 4841 4969 3757 5070 6377 6306 4209 4637 
5244 6658 2776 3401 3073 4431 5193 4701 3883 5048 4507 5326 6471 4863 5426 6185 7283 5853 4798 7922 7505 4890 3076 2890 2955 
4919 4038 5220 4221 4428 4749 4213 3071 3456 4281 4270 5769 5637 5648 5037 5201 7009 6592 4310 5883 5773 5898 3778 5127 4712 
4260 7197 5627 5061 5485 5047 3341 3202 3923 3414 5824 5220 4782 4450 2930 5604 6982 4499 4650 5074 8083 6757 7547 5973 5895 
6242 6981 5898 5374 4519 3019 2490 2661 3304 3573 3538 4140 4629 4123 3407 4034 4314 6144 3954 5561 5727 6900 5158 6421 5161 
4575 3983 4122 5071 2706 2658 2666 2329 2524 2946 5838 3500 4875 3280 2889 2610 5085 4484 4941 3276 3254 7993 8440 8289 1907 
6792 5579 5364 4516 3852 2727 3626 2662 2535 3096 3142 2113 4151 3457 3865 3574 2271 3895 5658 5069 3073 6846 3446 7554 8471 
5249 4374 3720 4043 4398 4138 3451 1951 2580 3721 3419 3997 2570 2169 3560 3911 2023 2051 2435 4394 6351 5356 3367 7605 6628 
4818 2614 3233 3104 3260 2892 2552 1223 2003 2563 2200 3720 3720 3352 2913 2939 3702 3008 2677 3756 4767 6380 6725 6592 8557 
4634 3689 2951 2126 2079 1559 1745 1527 1054 3038 1821 2293 2511 3713 3992 4351 3151 4576 4538 3089 4772 7931 6399 5656 3100 
5716 4061 2556 2886 2139 1994 1279 3638 3211 2561 2545 1298 1886 2052 3610 2665 3111 3886 4431 2221 5962 5999 6755 3248 7433 
3656 2231 1771 2017 2127 1761 1376 2673 1616 6548 4282 2141 2633 3049 2733 3372 4475 3833 6153 2439 5079 6445 7630 4125 3217 
2053 1890 1636 1680 2769 2289 2608 1735 2172 2197 2208 2467 2660 2689 2655 6806 2817 3804 5116 6826 2323 3615 7071 6562 7849 
2567 1957 1976 2407 3310 3459 4391 4788 4487 3428 4600 4522 2770 4019 2711 2859 3554 3058 2518 3883 4750 6016 7128 4563 7370 
3127 2098 2431 3631 4347 6611 6929 5173 5337 4432 4802 4929 4709 5031 4753 4160 2948 4675 2534 3877 5950 5800 4528 5490 5603 
2394 2098 3444 4582 6450 6591 7005 2998 3951 2476 4627 4321 3341 4780 5128 4552 5902 4096 3972 6076 4033 5409 5324 4456 6037 
3107 5899 4134 3825 6492 5105 7665 8790 8149 5581 4370 5243 3997 5191 5494 4792 5661 6168 4341 6290 6255 5491 4746 6534 5693 
2654 4010 4084 4665 5605 1975 3940 3862 5381 4999 4955 3807 5334 4931 2813 6568 3729 7331 6097 6060 6444 5248 6234 6476 4432 
