includes/gis/ASCII_5k/mod13q1_ndvi_2011_065.tif.txt
ncols         25
nrows         20
xllcorner     257482.3972
yllcorner     9670060.6647
cellsize      5000
NODATA_value  -9999
3558 3075 4079 3620 4551 3384 3884 2860 3280 2638 2428 4667 5200 5474 3618 2607 2087 2954 4246 4275 3275 3497 3462 3038 3162 
3528 3771 3298 3281 4267 3745 3732 3946 3614 3346 2787 3516 5073 4155 3584 3606 2907 3286 3404 2885 3052 3622 3001 4170 5007 
4206 4745 4138 3351 3587 3863 3533 3026 3899 2709 3064 3362 4613 3819 3550 2927 2638 2485 2793 3805 5080 4539 4258 4371 3516 
4052 5832 3909 3802 3629 3994 4436 4307 3583 3888 3001 3643 3683 2930 2761 2928 3158 3031 2627 6232 4002 3744 4051 3133 4149 
4080 4592 4568 3989 3670 3727 4271 3329 3247 3166 3103 4383 3676 3614 2322 2594 3683 2939 2481 5419 3785 3947 2731 3442 3413 
3803 5077 3862 3885 4334 4483 3886 3286 4142 3620 3908 3852 2668 2749 2166 2410 3204 2383 3310 5186 4862 3929 3724 3588 2948 
3960 5380 4819 5287 4212 3722 4140 3929 3211 3286 2813 3150 3551 2458 2450 2380 2762 3164 2892 4366 4530 5729 3635 3552 4102 
4721 4834 4539 5735 3708 3856 3631 3529 3298 2404 3707 2478 3486 2338 2062 2385 2181 2275 3158 3422 5226 5868 6133 5096 5437 
3761 4511 4897 3865 4671 3724 3952 2840 2827 2886 3160 3124 3211 2538 2053 2158 1794 2542 3064 3447 5277 5597 5782 7056 6342 
5165 3829 3676 4417 3016 4624 3850 2639 2269 2739 2254 2409 2817 3072 2064 2022 2429 2298 2106 2963 4919 5991 6247 6548 5572 
4063 3557 2877 2891 3157 3051 1753 1178 1789 1892 2153 2500 2932 2890 3119 2518 3600 2577 2761 2937 3836 5779 6046 6584 5760 
2756 3332 2822 2498 2004 2287 2487 1424 545 2385 2093 2789 2798 3420 4161 3314 2550 2926 2501 3312 3386 6575 6124 6338 6889 
3157 3392 1947 2980 1780 1883 1186 3283 2803 1901 2324 1609 2148 2326 3626 3620 2898 2501 2577 2391 5334 5327 5450 7842 6569 
3064 2283 1736 1662 2932 1565 1183 2553 1616 6689 3563 1699 2322 2245 2529 3971 4074 3641 5125 1711 4275 4729 5748 5173 6828 
2565 1936 1248 1622 3247 2026 2559 1870 1959 2558 1862 2127 2442 3027 2856 6790 2689 3362 3575 4025 2171 2689 5533 4421 6331 
2091 1668 1715 1590 1572 1728 2604 2693 2448 1932 2310 3572 2822 3471 3246 3356 3754 4338 2506 3041 3546 3098 5390 4205 4491 
1938 1858 1192 1722 1937 2542 2972 2172 2639 2933 3950 3877 4299 3338 3553 2693 2487 4112 2915 1717 4204 4651 3325 4744 4836 
2850 1616 1961 1880 2196 2433 2763 2700 7235 7755 5395 4468 2494 3475 2843 2458 2558 2407 2635 3539 3122 2515 2753 3181 4521 
2025 1905 2162 2131 1988 2802 4162 8412 8186 8038 8137 8538 8576 7264 5013 3594 2618 2977 2889 4154 4343 2266 1802 3258 4382 
2032 2120 2228 2516 2539 3188 6606 7955 4767 4004 4879 5201 5380 7002 8305 7503 4211 5233 3634 4038 3581 2858 2714 2196 2984 
