includes/gis/ASCII_5k/mod13q1_ndvi_2009_081.tif.txt
ncols         25
nrows         20
xllcorner     257482.3972
yllcorner     9670060.6647
cellsize      5000
NODATA_value  -9999
2561 2456 3170 3081 3059 2285 3337 1853 2353 2060 2334 3108 2602 2764 1684 1821 1703 2524 3080 3266 2118 2381 2475 2201 2015 
2442 2555 2293 2877 3652 2283 2806 2529 1862 2533 2181 2534 2446 2658 1871 2378 2470 2666 2620 2466 2318 2799 2477 3243 3427 
2413 3906 3272 2250 2507 2465 2708 1825 2302 2025 1943 2047 2473 2428 2010 2071 2168 2288 2657 2387 3894 2872 2746 2830 3036 
2771 4140 2634 2602 1941 2482 2280 2548 2194 2753 2075 2102 2293 1893 2060 2021 2347 2006 2026 4083 2494 2233 2731 2155 3206 
2693 2975 4578 2440 2868 3329 2344 2222 2137 2402 2314 2450 2269 2824 1834 1800 2522 2203 1887 3741 2650 2634 2047 2711 2650 
2076 2895 2759 2590 2831 2761 1970 2120 2208 2267 2802 2445 2086 2180 1816 2011 2285 1782 2185 3157 3674 3255 2473 2467 2352 
2594 2844 2933 2712 2483 2227 2281 2131 2000 2082 2120 2043 2399 2401 2283 2149 1954 1997 2017 2800 2208 4366 2198 2596 3085 
2633 2269 2319 2958 2330 2399 2154 2241 2155 2003 2233 2325 2240 2177 1971 2059 1779 1717 1926 2074 3755 5690 4779 3674 4288 
2523 2734 2659 2466 2658 1940 1957 1687 1926 1955 2039 1963 2411 2115 1940 1858 1664 2044 2324 2548 5111 3990 4681 6340 5412 
2902 2085 2422 2201 1987 2194 1993 1714 1661 1803 1864 2087 2070 2057 2009 1839 1778 1760 1566 2164 3729 4737 6718 7214 4640 
2675 2519 1942 2207 2018 1915 1609 1132 1569 1583 1652 1891 1915 1917 2007 1667 1944 1806 1626 1845 2403 5297 5759 6531 6491 
2116 2144 2109 1667 1786 1450 1508 1213 1008 1566 1644 1709 1737 1848 1826 1708 1742 1801 1276 1548 2267 6443 5281 5461 5628 
2188 1968 1585 2110 1862 1424 1267 2437 1801 1417 1842 956 1730 1717 1776 1762 1767 1817 1610 1544 2734 3964 5114 7728 5476 
1785 1567 1921 1724 2141 1561 1211 1969 1432 4922 2580 1422 1877 1606 1580 1405 2059 2067 2736 1359 2415 2607 4832 4503 6414 
2148 1618 1155 1450 2808 1904 2412 1702 1500 1507 1416 1654 2062 1991 1929 4718 1738 1574 1833 2913 1586 1387 4585 3588 4926 
1984 1460 1223 1432 1611 1536 2012 1888 1949 1990 1894 2322 1958 2284 2079 1972 2162 2169 2030 2386 2131 1766 3961 2392 3249 
1585 1534 1092 1855 1820 2095 2614 2224 2490 2423 2531 2883 3058 2757 2095 2371 1966 2654 2330 1671 2493 1713 1964 2491 3561 
1833 1297 1717 1907 2123 2376 2325 2201 6295 6480 3220 1984 1956 3157 2061 1866 2151 2532 2476 4231 2762 1971 1698 2166 2517 
1365 1534 1928 2363 2230 2623 2802 8626 7816 1590 8361 8277 8543 7416 3690 2281 2046 2589 3593 4581 4352 1641 1449 3100 3483 
1856 1884 2007 2287 2627 3155 5533 8570 5921 5091 5379 5419 5984 7510 7915 6607 3104 3679 3101 4335 3960 2975 2517 1930 2631 
