includes/gis/ASCII_5k/mod13q1_ndvi_2010_289.tif.txt
ncols         25
nrows         20
xllcorner     257482.3972
yllcorner     9670060.6647
cellsize      5000
NODATA_value  -9999
2801 2665 3135 2733 3226 2812 3755 2459 2771 2223 2082 2855 3732 3853 2335 2242 2106 2724 2910 2938 2561 2655 2778 2279 2260 
2525 2775 2604 3428 3488 3090 3316 2781 1945 2331 2112 2568 3056 2671 2480 2609 2698 3048 2738 2595 2922 3133 2652 3376 3403 
2844 3970 3469 2748 3286 3313 2512 2044 2358 2271 2280 2276 2566 2865 2475 2393 2615 2066 2593 2426 3727 3215 3087 2952 3164 
2814 3967 2715 3124 2804 2754 2600 2745 2338 2921 2233 2291 2747 2492 2315 2515 2618 2481 2294 4108 2775 2455 2954 2503 3179 
2584 2833 3023 2759 2694 3903 2595 2654 2130 2344 2478 2737 2555 2997 2241 2317 2571 2500 2357 3785 2738 3003 2357 2701 2865 
2242 2854 2773 2742 2808 2870 2130 2612 2765 2410 3295 2447 2073 2209 1945 2243 2344 1996 2449 3486 3394 3057 2804 3199 2574 
2273 2956 3065 2759 2594 2418 2343 2427 2097 2208 2101 2268 2320 2286 2396 2323 2044 2210 2267 2872 2567 3638 3108 3157 3000 
2585 2331 2616 3048 2556 2343 2249 2034 2443 2001 3308 2174 2117 2258 2042 2196 2020 2035 1875 2242 4290 5170 4405 3785 3886 
3120 2856 2711 2732 3452 2251 2338 2084 2103 2667 2349 2079 2096 2136 1850 1899 1678 1944 2210 2211 5068 3468 4754 5386 4868 
3180 2261 2473 2553 2343 2267 2188 1911 1836 1996 2067 2185 2119 2012 2130 1891 2345 1836 1928 2171 3965 3819 4311 4864 3960 
2574 2590 2130 2453 2106 2047 1709 1148 1699 1621 1901 2392 2190 1892 2087 1900 2412 2049 1682 1819 2186 4744 4002 5509 4214 
1902 1965 2067 1874 1935 1898 1736 1441 1052 1702 1885 1980 1772 2034 2205 1953 1749 2011 1821 1867 2161 5884 3919 4667 5697 
2142 1941 1603 1961 1961 2298 1378 2678 2012 1735 2479 1112 1722 1851 2447 2587 2191 1983 1764 1690 2691 3524 3301 3218 5159 
1954 1551 1724 1858 2590 1484 1215 2212 1553 6091 3276 1552 2016 1749 1797 2178 2173 2101 3439 1280 2913 2503 3652 3339 6489 
1940 1762 1300 1573 2882 1940 2629 1987 1628 1850 1612 1931 2086 2161 1738 6335 2182 2101 2111 2816 1684 1948 4000 2978 3813 
1841 1544 1556 1558 1743 1837 2306 2194 2293 2086 1871 2341 2029 2845 2212 2058 2634 2347 2046 2248 2290 2068 4047 2750 2874 
1636 2161 1315 1779 1744 2211 2811 2194 2069 2066 2133 2519 2621 2655 2787 2394 1997 3290 2103 1551 2307 2495 2400 2916 3621 
2008 1450 1662 1861 2091 2217 2393 2700 5526 3600 2665 2205 2050 2607 2295 2103 2199 2363 2052 2779 2098 2068 2159 2377 2713 
1642 1959 2068 2314 2114 2767 3403 8105 3447 770 1439 8935 8861 7698 3655 2593 2221 2033 2459 2515 2715 2014 1697 2759 3422 
1960 2647 2056 2622 2493 3815 5627 1091 1080 521 403 4291 6003 7314 7702 7047 2689 2913 2736 2520 2861 2658 2582 2043 2494 
