includes/gis/ASCII_5k/mod13q1_ndvi_2006_161.tif.txt
ncols         25
nrows         20
xllcorner     257482.3972
yllcorner     9670060.6647
cellsize      5000
NODATA_value  -9999
4672 3124 4303 3950 4691 4858 5722 4414 3720 5566 3678 4701 5632 6722 5737 6986 4978 5359 4415 3760 2632 4128 3333 3796 2800 
5670 4651 4088 3731 4252 3601 3737 4163 2586 4597 4392 4246 4760 6351 5137 4994 4681 4757 4467 4478 4305 4598 4023 3401 4053 
4610 6194 4700 3006 3794 3772 3553 2675 3751 3662 4497 3074 3396 3677 4588 4745 3012 3286 3743 3482 5930 4474 3647 3504 3383 
5531 6078 4570 3896 2959 3786 3495 4210 3366 3938 3049 3644 4324 3748 4439 5950 5309 3466 3389 6159 4471 3047 3176 2591 4058 
5189 5221 4435 3955 3613 6112 3606 3999 3286 3733 3860 4342 4748 4759 3312 3280 3458 3630 4270 5908 4996 4296 2712 4760 3625 
4183 4439 4996 4321 3907 4576 2945 3284 4399 3060 5869 4131 3316 2813 2384 2675 3154 2481 3440 5891 6585 4935 3245 3173 3110 
4818 4022 4668 5681 4000 3590 4564 3324 2807 2758 2669 3683 3571 3335 4000 3898 2923 2936 3548 5048 4540 5765 3538 3049 3564 
4523 3462 5073 4491 4391 3917 3933 4103 2990 2788 5608 4125 4197 3784 3280 3399 3457 3037 3549 4486 5868 6142 5604 4832 4921 
3792 4234 4604 4086 6212 3440 3317 3457 2907 2946 3326 3627 3995 4200 2771 2224 2211 3296 5171 3559 5957 5724 5403 7138 6851 
5262 4571 3789 3928 4243 3936 3441 3303 2919 2684 3030 3328 3801 3922 3014 2902 2619 2511 2348 3716 5210 6009 7093 6298 5584 
3711 4640 3051 3564 3342 3422 3400 1250 2181 1991 2150 3577 3196 3159 3115 2658 3036 3023 2491 3649 4764 6282 6849 7207 5706 
3091 3686 3145 3097 4147 1987 2359 2423 1071 2207 2620 2952 2987 3308 1534 2949 2453 2884 2466 2743 3452 7209 7319 6967 6198 
3786 5147 3071 2726 2608 2993 1329 3129 2557 1807 2903 1694 2776 2711 4274 3287 2515 3217 2466 1787 4241 6195 6565 8464 6561 
3068 4714 3242 2985 5374 2799 1640 2643 1857 6832 4482 1858 2492 2491 2293 3483 3173 2075 6080 1349 4058 4126 6692 6433 7375 
3018 2818 2249 2277 3446 2540 5502 3062 2699 2197 2351 2638 2837 3606 2596 6785 2641 2110 2253 4635 2211 2127 6000 6508 6967 
3182 1891 2045 2203 2405 3098 3297 4139 3398 2933 2797 3933 3159 3391 3606 2738 3207 2834 2381 2691 2679 2550 5708 5298 7410 
2447 2042 1947 3000 2728 4254 4758 6495 5727 5414 5303 5396 5522 4324 3858 3555 2577 4436 3133 2001 3289 2443 3000 4669 5728 
2244 2364 3600 2966 4768 6506 6561 6217 8289 7856 6869 6166 5971 5157 3788 3658 5529 3812 2786 4175 3429 2190 2751 2833 5340 
2211 3025 3191 3773 5070 6899 7828 8708 6275 6122 290 1335 5942 7439 5361 4608 4169 4451 3302 3867 3058 2135 1911 3544 4997 
3290 2989 4142 5138 5732 5361 4180 6007 5864 5198 3495 981 4594 6931 6544 7479 5428 4838 5029 4123 3414 2674 3127 2515 3452 
