includes/gis/ASCII_5k/mod13q1_ndvi_2011_145.tif.txt
ncols         25
nrows         20
xllcorner     257482.3972
yllcorner     9670060.6647
cellsize      5000
NODATA_value  -9999
5975 5310 5803 6872 5080 5097 4855 3685 3267 4876 2307 5295 4697 5221 2632 2754 2889 3630 3775 3962 3135 3450 2341 3147 2519 
2342 4729 4201 5836 4992 4206 3306 3519 2855 2314 3953 4671 4240 3493 3262 3791 3733 4115 4171 3750 3676 3863 3058 3795 3955 
5141 4198 3739 3262 4546 3504 3455 3108 4474 1492 2919 2926 3249 3889 3146 2740 3653 2896 4168 3808 5186 3682 3251 3472 3535 
5828 4101 2936 1792 4754 2795 2866 5157 3522 4318 2621 3755 3972 2990 2772 2721 3019 2471 3237 5477 3376 3143 3321 2741 3766 
3531 3329 5031 4291 3438 2618 2846 2935 2952 3981 3681 4009 3563 3896 2586 2445 3029 3155 3134 4832 3384 4032 2855 3378 3808 
3390 4856 3836 3939 4299 3499 3740 2484 2985 2839 5783 3173 2861 3186 2039 3062 2743 2072 2975 4298 4805 4185 2764 2821 2718 
4115 5958 5264 4760 3274 3079 2930 3158 2519 1632 2820 2691 3083 2930 3272 2714 2617 2951 2945 3593 3585 5657 3539 3043 3386 
3354 3589 3993 4833 4016 3087 3444 4316 2529 2987 5506 1570 2747 2905 2121 2550 2560 2008 2503 3626 5332 5763 5223 4524 4280 
3166 3628 3699 3557 5384 3278 2906 2801 2478 2748 3030 2717 2985 2515 2336 2479 2178 2347 2637 3184 5905 4766 5573 6024 6124 
3709 2358 3280 4891 5324 4266 2446 2218 2439 2327 2400 2719 2654 3042 2864 2537 2728 2438 2148 2425 3833 4464 6016 5695 5448 
2932 3193 2280 2971 3613 3284 1654 1156 1797 1798 2109 2480 2388 2698 2914 2639 2874 2550 2114 2362 2880 5872 5575 5885 5027 
2142 2395 2573 1852 2402 2131 1972 1511 1091 1700 1922 2390 2696 2521 2501 2576 2369 2744 2412 2303 2748 6130 6668 5512 5319 
2410 2162 1956 2538 2159 2464 1368 3598 2670 1730 3435 1235 2459 2068 2589 2610 2311 2747 2065 2097 3486 4355 6124 8032 5705 
2209 1910 2032 2209 3780 1737 1374 2550 1661 7491 4543 1630 2406 2522 2304 3449 3276 2724 5382 1609 3091 3965 6694 6653 7255 
2415 1835 1561 1933 4208 2240 2824 1940 1764 2133 1642 1772 2601 2728 2446 6448 2399 2516 1942 3984 1862 2780 5493 5874 7004 
2095 1606 1970 1809 1925 2287 3615 2832 2378 2154 2362 2820 2212 2930 2587 3067 3026 3289 2351 2321 2952 2512 5222 4929 6061 
1893 1824 1285 2222 2508 3807 3692 2537 3633 3085 3529 3970 3945 3452 3088 3775 1833 3472 3393 1990 3498 3159 3269 4174 5530 
2333 1646 2573 2739 3058 3624 3168 5407 7729 7574 5475 5272 4119 4919 2868 2861 2907 3674 3116 4487 3369 2696 3279 3345 4880 
1915 2041 2517 2878 3263 4681 5315 7347 8638 8467 8319 8580 8611 7477 5274 4274 4393 3710 5148 4414 5255 3579 2464 3900 5489 
1995 2392 2712 3348 3400 7404 7715 8415 6495 6052 6241 6340 6835 7265 8703 7910 6061 5546 4448 5089 5261 4315 4658 4423 4311 
