includes/gis/ASCII_5k/mod13q1_ndvi_2003_337.tif.txt
ncols         25
nrows         20
xllcorner     257482.3972
yllcorner     9670060.6647
cellsize      5000
NODATA_value  -9999
4139 3431 4799 5082 5108 3656 4726 2397 3563 3490 3916 6465 6997 6812 3772 4099 4225 5497 6930 6254 5053 4402 5653 4468 3621 
4101 3309 3273 4494 5279 4255 4157 3297 2567 3326 3693 4262 4793 3696 3076 4428 5669 5200 5286 6679 5255 5088 6317 8318 6453 
4039 5065 4007 2892 4479 3655 3585 2562 3403 2916 3085 3132 4340 4767 3290 3182 3340 4250 5264 6205 8022 7205 6184 7269 6744 
3835 5508 3426 3306 3225 3431 3404 3160 3284 3791 3453 3643 4740 4644 4314 5126 4187 2836 3640 7651 5582 3489 4323 4421 7169 
3157 4448 4020 3832 3424 3820 2813 2571 2927 3535 3440 4149 4410 5470 3182 3131 3962 4499 3276 7363 5844 5892 4661 6115 6333 
2808 4119 3923 3315 3604 3300 2780 2645 2851 3927 5154 4364 3441 3605 2525 2968 3473 2731 4006 6007 7258 6229 8219 6236 6425 
3017 3885 4581 4026 3300 3158 2611 2483 2631 2864 2989 3003 3631 3707 2619 2633 3491 3269 3663 5496 6324 7998 6506 6938 6092 
3303 2966 2980 4264 3142 2947 2590 2559 2263 2128 2806 2559 1807 2587 2231 2438 2417 2917 4145 4221 6639 7849 8271 7905 8801 
2880 2844 3571 4030 4071 2509 2747 2126 2096 2262 2042 1955 2564 2239 2373 2552 2271 2734 3420 4432 6768 6833 5542 8600 5456 
3630 2425 2783 2875 2753 2549 2242 1990 1843 1840 1931 2117 1964 2112 2261 2099 2242 2384 2892 4583 6527 5541 8073 8337 8643 
3684 2910 2485 3237 2955 2592 2220 1186 1650 1770 1620 1841 1930 1952 2220 1857 2470 2220 2617 3901 5103 6447 6807 8134 8436 
2660 2712 2126 1933 1912 1708 1646 1610 1110 2161 2006 2177 2060 2625 2290 2327 1940 2608 3628 4039 5753 8101 7017 4193 8587 
3227 2303 2015 2405 1954 1798 1359 3014 1958 1577 2284 1120 2069 2184 2853 2640 2509 2720 2890 3109 6453 7415 6434 8454 7132 
2167 1655 1857 2015 2201 1692 1330 2150 1531 6175 4088 1573 2245 1671 2078 1962 2552 3057 4397 1891 6042 6581 7776 6452 7851 
1987 1849 1421 1574 3369 2151 2519 1947 1637 1536 1465 1633 2017 2069 2045 7038 1769 2098 1930 3945 2851 2792 6547 5369 6689 
1914 1504 1799 1560 2053 2361 2822 1988 1899 2340 2077 2690 1879 2758 2907 2513 2855 3468 2382 2711 3649 2933 6508 4472 5349 
1770 1655 1410 2233 2461 2846 4108 4224 4625 4306 4877 5227 3981 3089 3158 3626 3302 5156 3617 1609 2524 4204 3626 4646 4443 
1855 1456 2113 2352 3187 4486 5839 6619 8135 8215 6672 4189 4780 4503 4179 5061 7737 3536 3554 4090 3220 1805 3556 5075 4159 
1823 1679 2586 3663 3707 4387 5601 9009 8791 8188 8659 8834 8742 6931 6670 6314 7726 5414 4316 4645 4820 3206 2867 3916 5192 
1961 2119 3051 3359 3031 7034 8755 8416 5850 5170 5074 5907 5985 7360 5317 7796 6378 7094 5124 4804 5795 3906 3578 2640 2943 
