includes/gis/ASCII_5k/mod13q1_ndvi_2011_017.tif.txt
ncols         25
nrows         20
xllcorner     257482.3972
yllcorner     9670060.6647
cellsize      5000
NODATA_value  -9999
4156 3903 4721 3753 4501 3218 3846 2368 3003 3211 2657 3890 3898 3856 2502 2122 1857 3034 3591 3675 3159 3371 3076 3448 3879 
3942 4083 4237 4211 4955 3652 4087 2996 2304 3219 2681 3036 3277 3059 2451 2820 2166 3140 2956 2846 3025 3438 3436 3891 4522 
4129 5448 4545 3643 4305 3761 3691 2706 3272 2631 2406 2251 3002 3014 2347 2305 2715 2493 3029 2927 4266 3792 4425 3825 4127 
4592 6436 4251 5013 3443 3801 3406 3631 2888 3631 2425 2634 2996 2503 2424 2270 2738 2687 2604 5001 3071 3606 5084 3814 4618 
4561 5435 5051 5123 4237 5815 3581 4035 2701 3072 2468 2916 2933 3199 2162 2373 3224 2767 2386 4452 3534 4362 2867 3843 3926 
3779 5636 5054 4408 4502 4468 3348 4140 4019 2714 4233 2646 2324 2304 1949 2348 2657 2115 2506 4268 4661 3786 3237 3604 3049 
4107 5178 5523 5692 4367 4404 3530 3592 2440 2283 2218 2302 2695 2413 2322 2163 2362 2279 2349 3339 3740 5740 3995 4095 4512 
4537 4534 3969 4565 3938 4644 3551 2840 2490 2188 3069 2146 2572 2406 1926 2196 2237 2031 2223 2570 4902 6040 6396 6731 6942 
4145 4840 4563 3468 3871 3350 3185 2613 2777 2645 2257 2122 2524 2205 2009 2236 1959 2253 2488 2478 5425 4774 5562 7432 6845 
3955 3788 3615 3434 3172 2728 2656 2053 1837 1931 1932 2282 1902 2129 2044 2377 2523 2152 1886 2429 4198 6396 7137 7442 6699 
3113 3734 2937 3129 2576 2402 1631 1142 1617 1702 2210 2168 1972 2114 2557 2519 2559 2122 2362 2616 3600 6310 7131 7595 7154 
2268 2612 2881 2016 2050 1777 1707 1312 1064 1963 1661 1878 1881 2245 2893 2350 2954 2730 2164 2212 3147 7373 6986 7602 7594 
2856 2104 1746 2642 2094 2362 1396 2918 2187 1716 2957 1165 1932 2306 2280 2857 2667 2271 1905 1668 3803 5021 6504 8310 7541 
2171 1497 1661 1750 3917 1549 1187 2587 1695 6432 3073 1543 2420 2125 1907 2481 5019 3326 5786 1636 3495 2976 6125 6012 7921 
2118 1881 1319 1651 3486 2198 3324 2522 2013 2083 2266 2362 2392 2694 2093 8274 2493 2753 2247 4800 2255 2018 5447 6314 7158 
2058 1440 1699 1485 1767 2086 2278 2436 2501 2191 3131 2778 2413 3334 2815 3029 3499 4098 2544 2599 3265 2486 5320 3595 6513 
2288 1830 1206 1927 2039 2523 2744 2532 3035 3304 3790 5338 4903 3551 3506 2791 2373 3314 3379 2149 2945 2610 2783 3592 4875 
2405 1540 1916 2176 2143 3202 4326 5129 7603 8412 6409 4201 3691 3505 3545 3374 3167 2736 2633 3412 2892 2708 2734 2748 3803 
2153 2203 2173 2974 2396 3765 3802 8812 8482 8329 8378 8625 8733 8053 6544 4829 4569 4527 4143 4077 3760 2679 2019 3338 4278 
2373 2646 2434 3453 4127 4226 8197 8737 5760 5702 5260 5360 5812 7345 8444 8028 6598 6455 5503 5008 4901 3157 3166 2740 3545 
