includes/gis/ASCII_5k/mod13q1_ndvi_2017_001.tif.txt
ncols         25
nrows         20
xllcorner     257482.3972
yllcorner     9670060.6647
cellsize      5000
NODATA_value  -9999
4146 3893 5699 4772 5399 4727 4873 2500 3251 3699 2945 5255 5426 5405 2838 3716 5512 6672 4820 4626 4583 3713 3958 3425 3586 
3841 3879 4683 5023 5737 3595 4098 3781 2579 3520 3406 4458 4129 5987 3274 4501 5107 5644 4703 3840 4149 4274 4316 4911 4598 
4351 5199 5195 3502 4983 4033 3467 2764 3698 3081 3643 2779 4057 4631 3098 3075 3711 3879 3686 3162 5071 4306 4149 3900 4175 
5070 7341 5474 4042 4355 4317 4194 4510 3455 3743 2953 3543 4055 3628 3630 2971 4226 2366 3385 6932 3519 3399 3469 3369 5201 
3904 4248 3856 3435 4352 6040 3736 3359 3094 4089 3372 3192 3260 4206 2572 2377 3376 2806 2832 5714 4172 4533 3540 6184 5627 
2916 4453 2738 4042 3757 3162 2639 3051 2636 2963 2938 2637 2314 2650 2410 2732 3150 2664 3280 5562 6307 6561 5157 4924 5132 
3356 4122 3669 3693 3166 2424 3045 2514 2236 2345 2344 2394 2720 2570 2864 3056 3203 2897 3141 4906 5801 7302 5859 6279 6149 
2938 3558 2995 2880 2886 2684 2259 2452 2400 2126 3275 2514 2254 2269 1963 2380 2048 1908 2276 3457 5312 6768 7734 7910 8350 
3082 2912 2637 2419 3665 2703 2595 2097 2017 2350 3366 2830 2579 1880 1945 1847 1663 2191 2499 2926 6421 6403 6920 7947 8050 
3824 2536 2865 2960 2556 2714 2449 1923 2191 1996 2426 2604 2167 2024 1964 2189 2474 2529 2108 3291 5612 6086 7901 7996 8250 
3108 3381 2188 2476 2304 2221 1732 1145 1935 1723 1435 2101 2107 2463 2540 2324 3286 2796 2696 3437 4230 6998 7455 8165 8329 
2599 2939 2232 1844 1820 1444 1572 1493 1124 1886 1774 1717 1849 2725 2299 2448 2512 3498 2862 3588 4519 7492 7894 7999 8206 
2856 2544 1891 2955 2005 1583 1389 2537 1909 1572 2287 1310 2045 2037 2656 2605 2320 3082 2736 2787 5715 5739 7134 8496 8018 
2283 1703 2115 1829 2792 1511 1281 2262 1666 6247 3475 1664 2204 2029 2029 2517 3731 3158 6392 1899 4516 4135 7388 6803 7998 
2084 1919 1347 1618 3168 1963 2583 1588 1698 1681 1642 2033 2256 2663 2979 7744 2155 2415 3047 5237 1763 1858 6576 6690 7620 
2048 1387 1560 1607 1686 1884 2166 2288 2880 2136 1832 2249 2374 3961 3380 3465 3591 3010 2549 3025 4375 2618 4925 5432 5420 
1772 1746 1376 2462 2268 3395 3537 3260 3506 3184 3607 4109 5690 4918 4733 4642 4325 4140 3436 2074 4297 2415 2810 3659 4921 
2225 1317 2019 2416 2956 3384 4709 6358 8481 8465 6685 6123 6885 6459 2945 3989 5220 3396 4169 4570 4925 2785 2657 2694 4637 
1632 1920 2311 2508 3405 4386 7964 9015 8451 8212 8426 9020 9037 8531 7038 4589 5937 6354 4442 4317 4070 2928 2043 3203 6361 
1841 2587 2659 3420 2775 4674 7991 8622 4861 4842 4990 5417 6043 7555 8734 8349 5963 6002 4814 5551 4155 2884 3500 3389 2968 
