includes/gis/ASCII_5k/mod13q1_ndvi_2006_177.tif.txt
ncols         25
nrows         20
xllcorner     257482.3972
yllcorner     9670060.6647
cellsize      5000
NODATA_value  -9999
4023 3117 4230 3802 3977 4310 4967 4283 4047 4642 3679 4572 4979 6237 5007 6459 4592 5008 4313 3663 3608 3912 3703 3556 2679 
4884 3968 3300 3478 4078 3190 3654 4054 2388 4333 4058 3994 4125 5313 4302 4902 4553 4602 4368 4079 3969 4126 3576 3382 3595 
4332 5358 4704 2774 3374 3252 3232 2423 3503 3706 4180 2956 3048 3690 4022 4714 3167 3466 3425 3110 5147 3866 3183 3249 3053 
4757 5841 3643 3506 2743 3213 3092 4191 3083 3632 2865 3298 3721 3457 4314 4902 4901 3433 2738 5119 3761 3023 3012 2661 3528 
4126 4738 3836 3535 3495 6205 3215 3782 2904 3415 3539 3848 4617 4350 2955 3361 3294 3357 3704 4166 4172 3943 2611 3851 3106 
3516 3723 4764 3887 3610 3914 2748 3059 4230 2901 5644 3479 2852 2925 2496 2659 3118 2564 3528 5328 5674 4345 2992 2705 2828 
3938 4324 4328 5191 3414 3106 3968 3005 2173 2622 2511 3195 3595 3172 3176 3627 2985 2889 3287 4170 3794 5062 3187 2863 3293 
3981 2500 4375 4783 3791 3348 3521 4036 2766 2544 4740 3348 3373 3938 2658 3138 2928 2808 3181 4113 5172 5713 4863 4088 4429 
3394 3725 3850 3435 4797 3084 2971 3167 2045 2886 3083 3441 3459 3395 2579 2197 2240 2831 4040 2913 5659 4312 5023 5872 6231 
4346 3731 3374 3549 3572 3476 2998 2729 2581 2541 2758 2860 3370 3180 2847 2585 2643 2459 2349 3197 4969 5617 6534 5405 4900 
3463 3917 2764 3014 2954 3150 2594 1282 2194 1963 2129 3320 3242 2940 2936 2597 3068 2579 2296 2792 4147 6164 6404 6395 4935 
2689 2976 2829 2329 3597 1844 2389 2204 1273 2167 2420 2837 2862 3136 4123 2616 2285 2770 2230 2216 3242 6080 6533 6348 5284 
3233 4135 2723 2465 2327 2557 1436 3280 2506 1766 2766 1573 2529 2537 3346 2997 2280 2908 2339 1779 3328 4716 6004 7571 5922 
2713 3747 2954 2652 4189 2566 1623 2445 1731 6310 3952 1892 2636 2279 2138 3104 3389 2186 4623 1324 3290 3568 5734 5773 7214 
2745 2701 1782 2067 3102 2564 4914 2709 2433 2068 2336 2060 2613 3111 2600 5703 2420 1977 2106 3900 1692 1928 5729 5405 6662 
2580 1851 1971 2046 2277 2962 3132 3452 3030 2815 2792 3648 3352 3130 3155 2871 3261 2549 2152 2293 2456 2258 5680 4551 6193 
2321 1897 1668 2584 2535 3461 3431 5246 5522 4691 4451 4573 4712 3879 3449 3701 2714 3892 2856 1913 2734 2335 2781 4250 5266 
2129 2183 2863 2628 3856 5808 5925 3308 4727 8378 6158 5547 5789 4624 3776 3104 4589 3424 2791 3682 2521 2020 2612 2606 4883 
1980 2523 2885 3102 4543 6666 7890 8234 8392 8472 8364 7513 8521 7166 5577 4657 3850 4272 3053 3361 3006 1989 1819 3168 4330 
2962 2506 3465 4217 5532 5815 8749 8293 5988 4968 5204 5683 6490 7569 6547 7573 3602 4866 4675 3852 3335 2620 3188 2320 3179 
