includes/gis/ASCII_5k/mod13q1_ndvi_2007_113.tif.txt
ncols         25
nrows         20
xllcorner     257482.3972
yllcorner     9670060.6647
cellsize      5000
NODATA_value  -9999
3558 4372 4078 6877 6301 5910 4502 2997 2898 3510 3143 4567 6699 5169 4005 4010 4155 5373 6024 4748 4020 4447 4735 3389 3760 
5624 5520 6005 6388 3456 5293 4772 3332 2294 3232 3550 4207 5755 4143 4834 3113 5065 4634 4738 4188 4323 4529 4496 5466 6568 
6100 5723 5230 6076 6426 5689 5061 2896 3800 3468 3156 4980 5274 6675 5852 3770 5876 3310 4319 4418 6177 5552 5911 5138 4650 
7162 -9999 5307 6375 4595 5494 4536 4198 3829 4063 3655 4371 5995 5486 4678 4309 6136 6214 3995 6534 5440 4808 4304 4564 5945 
5537 6866 3560 5072 4738 6313 3889 4782 3522 4524 3848 4868 2639 4293 2656 3350 4268 5761 2777 6512 5265 5123 4247 4515 4359 
6356 6942 6992 6945 3139 4005 3569 3136 3463 3193 4194 3593 2876 3831 3449 4148 3876 2554 2370 5298 5798 5053 5573 5137 5055 
6278 7792 7409 4116 4761 3996 3473 1770 2877 2813 3754 3860 3692 2591 3322 3877 4336 3206 3617 4693 4060 6398 4750 4320 4326 
4597 6608 5860 5537 3954 4525 3415 3038 3292 3314 3791 4243 3547 3248 -9999 4202 3217 2378 2973 4418 5270 5882 5937 5902 7193 
6536 5256 6070 4947 5805 4310 3672 2799 3362 2990 3498 4178 3668 1531 2645 2586 2048 2724 3183 3730 5986 5718 5588 7495 7018 
7116 5096 5739 4836 5187 3756 3731 2866 2361 2432 2953 3583 3052 2814 2604 2244 2631 2258 2355 2673 5889 4309 7713 7651 7199 
5176 5965 4029 3667 4571 2651 2995 1266 1809 2141 3298 2916 2735 2147 2632 2304 2064 2339 2299 2770 3382 6517 6953 6984 7182 
3378 5741 5316 3000 2910 1848 1826 1653 1277 2078 3096 3788 2697 2807 2645 2484 2321 2634 2463 2544 2885 6901 5617 6703 7331 
5772 4270 4192 4566 3073 1976 1414 3692 2492 1880 3340 2004 3051 2879 3339 3698 2504 2374 2161 2306 3644 5401 5824 8669 6432 
1585 2167 3140 2918 3703 1784 1433 2482 1905 7389 3967 1736 2664 2341 2255 5271 4604 2708 4502 1722 3937 3886 7039 6673 6176 
3518 2586 1755 2218 3407 2429 5351 2663 2122 3309 2792 3856 2989 3127 2259 6628 3386 2969 2077 3307 2520 2358 5983 6055 4113 
2805 1883 2427 2287 2154 3800 1974 5423 3518 4354 3722 5143 3461 4231 3686 3958 2929 2550 3144 3496 3478 3248 6070 4708 6563 
2364 2058 2410 4697 3550 6504 4308 4489 4343 4720 2922 3077 5235 5867 5513 4243 2459 3342 3730 2869 5376 4786 4392 5873 5540 
2508 4069 2932 4222 4594 6293 6461 4446 5600 6689 6323 3454 3771 5942 4450 3670 5189 3440 2343 4881 4591 3156 2514 3582 5006 
2503 3301 3503 3524 4552 6545 5842 6328 2775 1472 1666 3058 9298 8199 4974 3811 5465 5816 5602 5106 4157 2749 1875 5074 3776 
3251 3295 3821 3811 2794 6622 8580 4765 3522 613 1751 739 5304 7514 7996 8144 6366 6539 6133 5773 1742 2483 4086 2288 3176 
