includes/gis/ASCII_5k/mod13q1_ndvi_2010_305.tif.txt
ncols         25
nrows         20
xllcorner     257482.3972
yllcorner     9670060.6647
cellsize      5000
NODATA_value  -9999
3942 2849 3517 2237 3439 2846 4023 3276 4664 2647 1894 3553 5741 6784 3964 2867 2942 3874 3895 4162 3176 3079 4262 2097 3345 
1579 389 2443 2042 3859 5213 5373 4661 2023 1902 3453 4098 2763 2601 3429 2534 3291 3742 3002 3776 3487 4407 3856 3540 6421 
3740 3101 3922 3384 4433 4361 2212 2159 3116 2441 2804 2411 1668 4640 2361 3058 3960 3091 3947 4342 5316 5681 4057 3818 4996 
3187 4403 4363 3130 4301 1703 3678 2732 2116 3762 1741 2594 4174 1707 3591 3446 2985 3986 3227 6044 4636 3844 2893 2523 3217 
2667 2944 2084 2816 2896 4254 4193 3246 1456 2687 2882 3292 2664 2949 2779 2210 2646 2181 3214 4349 4425 4789 1858 3744 4249 
1618 1977 2945 5163 3520 4151 2756 2852 2606 2443 3573 3198 3182 2159 2691 2720 3943 1366 1257 4920 5358 3549 3223 5438 2746 
2224 2387 3270 4043 3110 3602 2558 2456 2276 2396 2883 2295 3914 2250 3474 2214 3129 2626 2406 3153 2972 5407 3647 2396 4146 
2374 2443 4589 5287 3429 2887 3475 3187 2870 2007 3336 2282 2858 2480 2574 1989 2063 3469 3094 3193 4887 3056 6055 5014 3514 
4005 1789 2937 3427 5476 2847 2755 2350 2768 2640 2410 2430 2262 3030 2092 2795 2565 1973 2039 3072 4340 1546 6607 5920 6437 
4501 3871 2626 3486 2473 2414 2273 1853 1449 2642 2214 3122 1985 1851 2778 1971 2257 1730 2886 965 5989 3945 3423 2247 5964 
2638 2571 2466 2727 2422 2302 1962 853 1793 2649 1686 1855 2230 2158 2178 2843 2472 343 1617 1975 2759 6324 4397 2143 5648 
2078 1852 1820 729 2104 1956 2038 1430 1066 2383 2107 1861 1401 3575 2371 3414 1685 1460 1721 1790 2126 3164 6411 2395 2494 
1727 1859 1759 2491 2155 2197 1483 3105 2259 2029 3004 1446 2680 1518 3187 2576 2650 1949 1748 1513 3168 6135 2883 8411 6953 
1454 1617 1844 1910 2823 1393 1461 2454 1487 6065 3472 1530 1991 1639 1626 2230 2521 1971 4921 1225 3132 2334 3903 3980 1751 
2005 1824 1067 1705 3702 2308 4802 2024 1542 1854 1509 1848 1931 2525 2020 5922 3799 2599 2994 3584 2373 1802 4011 2921 3922 
1899 1519 1592 1514 1866 2409 3222 3806 4502 3397 1943 2185 1939 3093 3940 3507 5011 2703 3914 2813 2221 1904 3715 2477 5576 
1787 1984 1169 2095 2554 3311 6005 3885 3321 3484 4251 3729 4861 4028 1804 2616 2444 3306 847 1472 2062 2906 2184 3100 3737 
2367 1473 2102 3329 3272 5331 5763 5015 2779 4935 5653 3112 2923 4229 1621 4153 2079 3823 2013 2300 1711 2006 3774 4462 4947 
1945 2512 2698 2981 2910 4545 5550 6030 2521 5453 8785 6697 9056 8213 4585 2164 2381 1646 4747 2396 3618 2215 1727 4336 5199 
1615 2331 1088 3595 2997 2590 3456 2440 2305 418 485 5937 3189 2733 4351 6586 2658 2582 5290 4286 5332 2893 2582 2113 3306 
