includes/gis/ASCII_5k/mod13q1_ndvi_2003_305.tif.txt
ncols         25
nrows         20
xllcorner     257482.3972
yllcorner     9670060.6647
cellsize      5000
NODATA_value  -9999
3167 3308 3557 5562 4575 3545 4351 2243 2872 3624 3487 4235 5284 4140 1955 2365 2414 3388 4055 4590 3118 3281 3818 3120 3496 
4909 2836 4413 3795 4626 5036 4995 4676 4017 4042 4695 4530 3784 3050 2220 2892 3165 1047 3053 3099 3693 4395 3179 6741 5512 
3497 5710 5298 4464 4421 3914 3092 3091 3882 2939 3859 2435 3119 2950 2367 2611 1724 2551 3058 4487 5483 6325 6345 6076 6542 
4695 6006 3738 3601 3499 4442 4149 3602 3478 3422 2486 3255 3352 2542 2666 2158 3873 3437 2723 5337 3689 3741 4833 3108 6328 
3608 5243 3849 3820 4076 3919 3251 3012 2949 4644 3141 4569 2465 4340 2356 2411 3115 3934 2247 6927 3557 4134 3116 3666 4935 
2841 3504 3821 3862 4131 3812 2693 3502 2700 3041 4735 3642 3351 3056 2661 2472 3254 2137 2796 4330 5285 3900 5406 3639 4177 
3461 4275 4860 4686 3634 2821 2853 2889 3257 3401 2592 2694 3613 3873 3227 3152 3217 2981 3483 3400 3528 6506 3372 -9999 4384 
3267 3033 2971 4814 4038 3757 2533 2343 2668 2089 3245 3156 3100 2669 2376 3221 3445 3033 2691 2322 4658 6785 5556 5661 5801 
2672 3130 3219 3910 3387 2901 3371 2507 2129 2377 2245 2585 2868 3231 3292 3156 2658 2514 1394 2552 2804 3250 5136 5715 6327 
3205 2400 2952 2833 3378 3115 2491 2284 1893 2162 2010 2380 2189 2526 2609 2924 2997 1987 2596 4008 4588 4298 5669 7700 6323 
3111 3089 2415 2697 2384 2258 1963 1238 1842 1931 1608 2409 2181 2384 2920 2651 2851 2530 2143 2438 2990 3141 5292 6959 6212 
3343 2750 2242 1847 2067 1932 1697 1616 1101 1811 1661 1818 1873 2044 2388 2279 2764 3287 2434 1938 2841 6309 6144 4127 5761 
3660 2701 2258 2374 1985 2008 1303 3243 2092 1544 2950 1500 2162 1852 2380 2424 2265 3194 2728 1768 4553 5475 4368 5380 5194 
2191 1817 1975 1953 2329 1576 1486 2268 1535 5739 3728 1628 1909 2011 2402 2432 3427 2273 3961 1287 4572 3770 6868 5556 5520 
2208 1828 1476 1710 3183 2312 2508 2133 1744 1602 1685 1584 2088 2229 2767 6157 2174 2151 2919 3901 1689 2028 5193 4256 3434 
2048 1662 1846 1629 2847 2756 3244 1838 1963 2004 2150 2512 1981 3079 2753 2657 2920 3423 2419 2246 2947 2460 5008 3243 4613 
2000 1741 1419 2158 2927 4135 3439 4307 2917 2364 2751 2783 3512 3191 2966 3474 2986 2945 2937 1754 2163 2479 2913 3995 4799 
1990 1492 1934 2444 3582 4321 3000 1946 8095 -9999 4159 2618 2852 2739 2433 3141 3688 2664 2603 2930 2843 1749 2641 3220 4516 
2167 1804 2243 2932 2561 4101 2963 6956 1794 692 5341 8459 8922 6373 4157 2877 4272 3763 4191 3809 3391 2285 2197 3129 5143 
2063 2269 3760 4139 3408 3619 3013 8739 5404 2331 432 3447 5594 6755 3712 6401 3610 3370 4017 3450 3241 2573 3357 2548 2849 
