includes/gis/ASCII_5k/mod13q1_ndvi_2009_209.tif.txt
ncols         25
nrows         20
xllcorner     257482.3972
yllcorner     9670060.6647
cellsize      5000
NODATA_value  -9999
2709 2479 3115 3049 3142 2418 2994 1832 2123 2029 2117 3027 3069 2796 1535 1560 1828 2380 2464 2340 2260 2383 2196 2029 1948 
2558 2671 2339 2764 3215 2281 2811 2550 1880 2327 2037 2593 2644 2553 1957 2449 2413 2645 2486 2224 2222 2889 2314 2935 3291 
2746 3417 2710 2223 2607 2367 2421 1929 2516 1898 2054 2116 2558 2416 2090 2041 2141 2038 2317 2220 3610 3012 2500 2695 2558 
2890 3938 2514 2626 1960 2277 2378 2600 2089 3101 2259 2019 2607 1901 2006 2047 2118 1930 1912 3951 2477 2274 2556 2161 2801 
2764 3032 2710 2444 2851 3711 2294 2115 2140 2316 2208 2386 2160 2696 1943 1788 2203 2134 1978 3486 2748 2690 2027 2310 2453 
2215 2735 2670 2557 2853 3065 2152 2033 2039 2084 2810 2162 1988 2061 1822 2011 2277 1903 2217 3830 3412 3068 2032 2131 2166 
2359 2798 3075 2844 2318 2026 2308 2347 2022 2124 2055 1996 2119 2222 2469 2016 2039 2286 2146 2631 2223 3311 2023 2351 2832 
2520 2219 2507 2859 2559 2091 2129 2366 2250 2322 2646 2113 2063 2146 2042 2239 1841 1580 1973 2159 3513 4778 3984 3169 3597 
2409 2684 2782 2577 2873 1923 1959 1878 1989 2043 1955 1832 2306 2046 1801 1798 1644 1968 2276 2344 4762 3395 4734 5128 5005 
2874 2268 2582 2647 2041 2303 1901 1909 1714 1773 1787 1846 1829 1884 1809 1690 1888 1845 1530 1947 3127 3944 5180 4975 3955 
2531 2644 2041 2419 2226 2077 1704 1172 1473 1488 1593 1808 1750 1766 1812 1726 1887 1809 1604 1834 2318 4789 3998 4477 4344 
2167 2113 2302 1832 1968 1467 1486 1300 1035 1518 1573 1532 1738 1663 1825 1556 1628 1910 1422 1513 2172 5502 4495 4107 4778 
2352 2138 1800 2121 2015 1506 1354 2398 1692 1351 1751 893 1518 1558 1594 1884 1508 1965 1664 1510 2580 2885 3893 7796 3995 
1886 1634 1980 1978 2185 1531 1391 2047 1295 4598 2260 1580 1771 1662 1540 1459 1671 1864 2908 1147 2010 2135 3835 3597 5424 
2144 1838 1408 1603 3088 2078 2327 1608 1462 1464 1603 1423 1911 1945 1852 3786 1721 1797 1701 2336 1449 1407 3840 2862 4131 
1851 1469 1218 1592 1746 1737 2019 1838 1984 1703 1904 2169 1977 2261 1953 1954 1971 1818 1721 1721 1919 1798 3411 2455 2705 
1600 1508 1226 1984 1915 1988 2264 2314 2610 2547 2515 2891 2584 2502 2159 2334 2024 2087 2141 1486 2170 1684 1775 2571 3496 
1850 1272 1636 1970 2418 2685 2521 3017 4416 5434 3455 1957 1694 1713 1653 1754 1992 1990 2124 2909 1947 1630 1764 2268 2437 
1395 1628 1794 2182 2216 2800 5437 7590 8055 7874 7639 7782 7642 6364 2774 2169 1850 1931 2232 2856 2503 1632 1464 2320 3195 
1646 1746 2124 2283 2322 3236 7220 7577 5154 5461 5536 5553 5728 6007 6676 7246 2431 2359 2259 2600 2766 2353 2340 2041 1950 
