includes/gis/ASCII_5k/mod13q1_ndvi_2003_017.tif.txt
ncols         25
nrows         20
xllcorner     257482.3972
yllcorner     9670060.6647
cellsize      5000
NODATA_value  -9999
6484 5223 6357 5947 6075 6704 6573 4853 5068 6085 4256 5602 6274 6494 4019 5347 5530 5583 6251 5209 4252 4444 4663 4821 4517 
6289 5938 5299 5650 6539 5931 6112 5419 3896 6066 4435 5520 6652 5378 4445 5333 5264 4655 4844 5694 3829 5463 4643 5906 6812 
5318 7062 6250 5103 6126 6123 5470 5263 4872 5227 5032 3886 4440 5260 4632 4525 3810 2987 4357 4100 6234 5921 6782 5807 3824 
6811 7936 4682 6177 5772 5491 4845 5756 4459 5257 3759 4448 4222 3398 4609 4666 4091 3495 3666 6617 5487 5754 5056 3985 5458 
6304 6868 6014 6554 5513 6586 5788 5709 4046 4604 4458 4303 3905 4301 4466 4489 4621 4261 3493 5617 4146 5676 4193 4551 6905 
5783 6128 6499 6314 6148 5089 4823 5184 4930 5284 7532 4597 3567 3309 2944 3872 4160 3559 3135 5602 7170 6150 6678 6513 6672 
5870 5935 6274 6121 5971 5084 4936 5425 4828 4402 4140 4196 4466 3232 3028 3262 3292 3512 3677 4587 5815 7535 6011 6173 5498 
6417 4868 5667 6640 4354 4781 4455 5253 5868 4865 6789 4043 5321 4712 2872 3070 3821 3643 3975 4499 5995 6801 6836 6886 7158 
4759 5947 5480 4448 5978 4116 5544 4996 6730 6207 4490 4567 6001 5114 3235 2909 2638 2630 3460 3246 6234 6580 6310 8093 7025 
6129 5036 4518 4067 4665 4908 4717 4198 5638 5846 4027 4694 5294 5292 4980 3311 3405 2598 2490 3184 4439 6081 8097 7927 7449 
4136 5801 4743 4026 3874 3543 2989 2021 3874 4066 4453 4096 4494 3982 3885 3180 3960 4317 2527 2898 3858 6308 7503 8102 8230 
4433 5131 5305 3658 4938 2971 2349 3354 1563 3068 3296 3855 3241 2952 4916 3095 2253 4797 2644 2461 3536 7510 7376 7802 7882 
5525 4796 4143 4292 4054 4348 1552 3885 4638 2459 3898 2561 3195 2935 4767 3332 3016 3346 3389 2552 3986 6141 6233 8751 7724 
3227 2572 4030 4188 6142 2269 1749 3280 2517 7409 5968 1805 3891 3566 4797 4378 4208 3004 6098 1823 3742 4005 6550 6895 8044 
4074 4060 2126 2776 5137 3169 5922 3971 3207 3271 3270 3825 3547 3408 2815 8044 3504 3760 3271 4828 2483 2693 6546 5905 7358 
3458 2605 2520 2964 3841 3758 5012 5952 5779 6081 4683 5916 3868 4479 4049 3433 4399 3999 2893 3652 3205 3498 6478 4924 6198 
3141 3615 2203 5291 4044 5322 5863 6454 6436 7083 6117 6311 6812 5989 6256 4170 4173 5461 3492 3641 3426 3965 4063 4856 5184 
4694 3127 4599 4118 5258 5918 6236 7062 8369 8568 7716 5476 6778 6783 5980 6841 4859 4525 3503 5385 4878 2963 4499 4174 4005 
3960 4162 5019 4956 4994 6512 4015 9041 8716 8509 8505 8910 9007 7406 7318 6532 6835 6158 5599 5234 4166 3740 2887 3541 5377 
4790 4133 4070 5075 5073 5270 8764 8625 6054 5289 5588 6069 5913 7489 6497 7683 6921 6788 6783 5511 5728 4571 3871 3347 3498 
