includes/gis/ASCII_5k/mod13q1_ndvi_2015_161.tif.txt
ncols         25
nrows         20
xllcorner     257482.3972
yllcorner     9670060.6647
cellsize      5000
NODATA_value  -9999
4021 4050 4864 4657 5499 4000 4053 2404 3445 3144 2996 4597 5320 4909 1887 1923 2720 4420 3413 3528 2920 3545 3227 2619 2359 
5687 4101 3293 4200 4238 2744 3293 2702 2254 3620 3407 3312 3675 5212 2041 2495 3588 4123 3516 2950 3404 4713 3215 3199 3377 
4350 4270 3288 2426 3522 3397 2647 2458 3422 3583 2633 2512 3570 4046 2787 3098 2857 2887 3838 2923 5309 4576 3552 3551 3422 
4586 5258 3154 3199 2592 2970 3150 3159 2722 3847 2655 3398 3466 2528 3865 4588 5815 2428 2912 5924 3018 2951 3032 2936 4555 
4087 3445 3259 3038 3198 4910 2802 2916 2768 2829 2638 3202 3718 3182 2498 3506 3723 3053 2462 5502 4502 4309 2825 3266 3552 
3184 3871 3039 3649 3484 3588 3000 2931 3421 3045 4608 2711 2529 3061 2070 2501 3314 1994 2698 5225 6210 4778 3341 3303 3158 
3004 4398 4014 3902 2691 2636 3151 3032 3481 2840 2680 2486 3252 3393 3084 2900 2864 2820 2648 3704 4886 6024 2671 3627 4287 
3313 2978 3635 3830 2869 3220 2754 3236 2853 2555 4870 3038 3021 3688 2330 2639 2409 2391 2637 4006 5784 6501 6259 5348 5264 
3052 3712 3166 3164 3842 3632 3153 3447 3055 3492 3484 2532 2975 2535 2096 2140 2005 2296 2935 3713 5862 6498 5647 6572 6744 
3534 2763 3143 3222 2389 2493 2440 3129 2591 2484 2388 2386 2270 2415 2023 2205 2132 2078 1890 2865 4326 5795 6770 6077 5093 
3053 3813 2697 2620 2851 2195 2013 1434 2706 1737 1741 2068 2652 1683 2602 2108 2924 2129 2011 2434 2883 6377 6965 7087 6423 
2533 2836 2858 1878 1985 1662 2168 1575 1136 1867 1965 1798 2328 2399 2156 1920 1970 1870 1708 2337 2920 5379 7084 7303 6856 
3871 4190 2448 2410 2343 1772 1448 2846 2466 1627 2716 1256 2000 2146 2172 2445 1795 2384 1849 1956 3653 4458 6320 7585 6627 
2913 2269 2032 2234 4150 1722 1525 2646 1668 7220 3981 1641 2031 2115 2380 2492 2664 2186 4444 1637 3368 3248 5968 4748 -9999 
2795 2091 1659 1961 3186 1984 3667 3158 2232 1860 1883 2197 2379 2972 2809 6147 2358 2182 2199 3720 1961 2209 5234 5883 7860 
2487 1495 1722 1626 2072 2604 3817 4105 4023 3777 2337 3403 3534 4154 2955 2945 3087 3359 2586 2447 2786 3383 5881 5763 6773 
2566 2674 1457 2321 2393 4508 5882 4729 4269 4015 4272 4240 5073 4020 2976 2898 2300 4254 2391 1831 4557 3164 3227 4394 4885 
3219 1591 2248 2778 4606 5667 7545 5193 8262 8037 6380 4994 6614 4990 2710 3648 4624 3639 2583 3834 3247 2889 3238 2919 3620 
1595 1985 2700 3345 3869 6762 8295 8634 8480 8579 4463 7760 8174 7848 6613 5124 4616 4301 3137 3072 3488 2565 2185 2839 4125 
1932 2162 2525 3345 3441 6948 8436 8840 2833 1315 2084 4059 5987 7049 7685 6825 5593 4917 3373 3722 3605 2606 3160 2626 3405 
