includes/gis/ASCII_5k/mod13q1_ndvi_2010_273.tif.txt
ncols         25
nrows         20
xllcorner     257482.3972
yllcorner     9670060.6647
cellsize      5000
NODATA_value  -9999
2810 2686 3246 2811 3361 2827 3038 2141 2600 2336 2112 2985 3141 3115 2408 2412 2227 2670 2912 2819 2620 2584 2793 2339 2198 
2586 2810 2741 3093 3084 2615 2959 2915 2101 2294 2152 2506 2826 2644 2484 2648 2791 3113 2828 2520 2685 2939 2647 3103 3241 
2646 3731 3155 2598 3003 2926 2587 2055 2526 2226 2112 2321 2519 2736 2417 2416 2472 2175 2413 2485 3568 2989 2825 2817 2983 
2880 3955 2913 3104 2615 2825 2660 2785 2332 2790 2268 2365 2691 2448 2210 2414 2653 2564 2283 3835 2529 2603 2893 2330 2998 
2703 2943 3162 2969 2865 4023 2686 2672 2169 2365 2512 2658 2516 2883 2272 2210 2523 2393 2208 3466 2761 2774 2445 2774 2914 
2404 2620 2819 2934 2919 3017 2225 2665 2743 2470 3491 2331 2209 2220 2002 2196 2285 1915 2356 3380 3475 3073 2829 3274 2743 
2298 2733 2938 2854 2704 2319 2437 2475 2190 2267 2114 2245 2251 2242 2398 2245 1949 2237 2137 2757 2773 4253 3153 3120 3103 
2340 2361 2682 3150 2510 2387 2309 2197 2398 2416 3362 2118 2133 2310 1978 2065 1964 2004 2043 2217 3209 4904 4131 3539 3733 
2613 3202 2846 2551 2619 2169 2270 2003 1989 2488 2115 2059 2095 2043 1888 1870 1630 1917 2070 2305 4861 3773 4446 5394 4334 
2630 2350 2556 2515 2241 2330 2182 1963 1882 2011 2094 2101 1895 1975 2095 1984 1937 1847 1755 2195 2631 3224 3885 4669 3705 
2182 2487 2033 2349 2118 2044 1676 1177 1684 1636 2008 2360 2089 2046 2109 1875 1955 1875 1696 1855 2336 4108 3780 4773 4090 
1963 1976 2028 1792 2016 1854 1848 1430 1093 1564 1929 1996 1794 2015 2252 1935 1740 1960 1885 1927 2306 5192 3725 3468 4908 
2139 1955 1696 2006 1943 2232 1295 2873 2113 1698 2263 1101 1789 1929 2214 1952 1480 1888 1741 1578 2469 2806 3287 7734 3967 
1882 1664 1748 1778 2576 1568 1311 2168 1587 5808 2844 1575 1993 1822 1657 1894 2037 1907 3669 1231 2185 2236 3385 3129 5310 
1993 1810 1306 1571 2739 2016 2562 1964 1575 1848 1596 1769 1902 1958 1848 4582 2007 1555 1652 2647 1739 1922 4037 3192 4302 
1787 1511 1520 1521 1775 1860 1992 2047 1966 1940 1915 2212 1927 2205 2135 1795 1921 2096 1773 1934 2256 2006 3672 2675 3144 
1719 1922 1204 1756 1813 2217 2403 2097 2129 2245 2384 2590 2592 2714 2429 2102 1970 2460 2047 1549 2351 2491 2411 2754 3682 
2067 1569 1764 1888 1994 2436 2573 2822 6468 6724 3972 2275 2107 2475 2021 2035 2578 1996 2092 2788 2277 2110 2022 2251 2477 
1621 1788 1893 2186 1989 2708 2839 8558 7241 7963 7802 8068 8073 6897 2837 2517 2096 1815 2080 2402 2498 2089 1701 2622 3079 
1860 2081 2209 2240 2226 2998 6942 7292 4405 4495 1488 4624 3052 6181 6742 6550 2760 2807 2047 2611 2639 2397 2287 1975 2285 
