includes/gis/ASCII_5k/mod13q1_ndvi_2012_193.tif.txt
ncols         25
nrows         20
xllcorner     257482.3972
yllcorner     9670060.6647
cellsize      5000
NODATA_value  -9999
5354 4640 5341 5491 4965 4911 2748 4004 3042 3900 3862 4700 3790 4865 2999 2790 2293 3108 3210 3902 3047 2869 2613 3013 2514 
5199 5028 4587 4359 5265 4625 3541 2877 2911 4093 3153 4141 4079 3482 2527 3006 2813 3277 3014 3345 3047 3397 2704 3167 3305 
5312 5025 5075 4130 4457 4114 4227 3633 4469 3671 3727 3256 3776 3728 2919 2395 2743 2435 3051 3220 4611 3349 3010 3032 3059 
4923 5748 3770 3585 3207 4537 4288 5358 3623 2910 3215 3409 3358 2854 2082 2752 2494 2461 2729 5321 3464 2798 3049 2629 3180 
4925 4099 3502 3454 3431 6041 4818 5650 3054 3716 3460 3187 3273 4121 2631 2228 2805 2773 2879 4836 3863 3511 2985 2643 3056 
3797 4967 5070 3581 3597 4650 3701 4192 4211 3473 4207 2951 3297 2271 2407 2520 2630 2587 3094 4623 4360 4304 3568 3563 3289 
4893 3966 5095 4879 3359 3585 5151 3667 3104 2949 2838 3331 2905 2820 3252 3260 3071 2963 3206 4168 4848 5120 3117 3375 3510 
4035 4160 4795 4754 3222 3948 3144 3274 4214 3729 5756 3436 2503 3781 2369 2865 2597 2841 2619 3036 5152 5842 4785 4599 4444 
3477 4199 5145 3974 3893 3406 3901 3137 2985 4962 3458 3517 3575 3047 2462 2270 2268 3065 2877 2989 5264 5081 5179 6467 5002 
4271 3422 3804 3586 3172 2724 3100 3097 3009 2933 3187 2710 2618 2920 2632 2189 2362 2267 2315 2698 3195 5107 6034 6517 4812 
3676 3918 2833 3274 2789 2798 2830 1763 2543 2263 2400 4133 3158 2679 2524 2242 2718 2638 2002 2087 2706 4944 5606 6339 5296 
2487 2628 2796 2332 2642 2280 2131 1881 1094 1967 2080 2455 2656 2870 2768 2389 2320 2552 2336 2331 2753 5316 5996 6022 5945 
3249 2398 1610 2416 2120 2316 1470 2734 2669 2064 2435 1553 2188 2401 2288 2870 2245 2515 2518 2020 2772 3476 4165 6697 5257 
3060 2266 2097 2175 3197 1816 1561 2504 2205 5507 3976 1909 2229 2015 2189 2778 3157 2365 4261 1760 3016 2734 3554 4953 5195 
3023 2437 1650 1811 2821 2088 2950 2392 2081 2318 2331 2239 2504 2936 2247 4801 2360 1975 2125 3307 1876 2133 4591 3556 5054 
2710 1854 1944 1965 2115 2500 2936 2523 2896 3673 2610 2775 2425 2672 2530 1720 2720 2809 2194 2246 2800 2806 4014 3348 3782 
2701 2407 1728 2392 2258 3297 2766 3027 3422 3196 3697 4217 4229 3787 2996 2731 2945 4210 2582 1722 3220 2688 2491 3079 3660 
2599 1586 2190 2462 2679 3334 3782 4152 7080 7212 5761 4836 4149 4044 2936 2678 2964 2946 2701 3520 2231 2297 2239 2623 2760 
1526 1727 1954 2347 2270 2940 6940 8270 8187 7813 7716 8395 8566 6464 5222 3639 3093 2668 2422 3497 2488 1998 1622 2343 3232 
2074 1832 2041 2369 2157 3900 7255 8118 5905 5974 6177 6442 6810 7168 8391 6659 4515 3921 2676 2634 2884 2300 2492 2033 3013 
