includes/gis/MODIS_FOR_MODEL_RESAMPLE/test3_ascii_esri.asc
ncols         208
nrows         232
xllcorner     164106.590
yllcorner     9638583.988
cellsize      1059.97819
[rows 0 to 33 of 232, columns 76 to 151 of 208]
-2147483647 -2147483647 -2147483647 -2147483647 -2147483647 -2147483647 -2147483647 -2147483647 -2147483647 -2147483647 -2147483647 -2147483647 -2147483647 -2147483647 -2147483647 -2147483647 -2147483647 -2147483647 -2147483647 -2147483647 -2147483647 -2147483647 -2147483647 -2147483647 -2147483647 -2147483647 -2147483647 -2147483647 -2147483647 -2147483647 -2147483647 -2147483647 -2147483647 -2147483647 -2147483647 -2147483647 -2147483647 -2147483647 -2147483647 -2147483647 -2147483647 -2147483647 -2147483647 -2147483647 -2147483647 -2147483647 -2147483647 -2147483647 -2147483647 -2147483647 -2147483647 -2147483647 -2147483647 -2147483647 -2147483647 -2147483647 -2147483647 -2147483647 -2147483647 -2147483647 -2147483647 -2147483647 -2147483647 -2147483647 -2147483647 -2147483647 -2147483647 -2147483647 -2147483647 -2147483647 -2147483647 -2147483647 -2147483647 -2147483647 -2147483647 -2147483647
-2147483647 -2147483647 -2147483647 -2147483647 -2147483647 -2147483647 -2147483647 -2147483647 -2147483647 -2147483647 -2147483647 -2147483647 14280 17592 16771 15591 15791 16391 17629 18078 19395 22105 19487 22142 24771 24685 19274 16465 22525 11775 13250 18788 15899 14454 14014 12947 18267 16484 18352 19227 16327 16632 17668 17869 16657 18307 17761 17393 16478 19137 22114 21705 18559 18662 20564 22055 23173 30318 38307 34699 43593 42999 48844 45311 38123 31023 33165 29145 32283 32651 30597 31733 28547 28465 30298 28282
87094 78278 96050 79784 60022 85450 82777 77223 79168 73869 73134 68230 76694 72747 68413 64412 63159 63967 64698 71234 86034 92896 93213 91709 88731 94777 80510 67937 73295 57135 40282 39903 42746 50151 58857 48392 46474 34691 34899 39128 38645 34694 34442 37712 34663 34617 33178 33373 35562 36346 40680 63198 70929 51969 44697 56092 56681 59141 47279 42761 48390 63032 55968 43713 41423 40514 46048 42114 42401 39702 39382 39568 34909 39667 39992 44940
121797 86334 80004 74574 78368 41385 81703 91397 78525 74184 73674 73150 72027 69389 65780 65332 58093 62213 73532 75282 84441 80631 80052 91208 62376 72176 68247 89514 66651 54777 42694 40270 37601 40312 41612 55157 57925 35864 38754 41970 43034 39683 35453 38222 33213 32546 33906 34725 34745 39338 39814 43982 51516 46949 41899 56680 53090 42809 44599 45933 44609 54102 59652 51117 40822 39654 56979 42867 40639 41248 39044 37438 37591 42542 40969 44577
98938 102524 104483 67680 80960 84728 77390 80634 69452 69539 69980 68018 69081 72925 69053 61652 66869 61136 77859 86212 84403 79927 83811 83846 47069 62274 71641 73311 71286 51255 62243 48245 40492 38396 38684 46945 42739 39814 37015 40551 45564 43779 40741 38483 34195 36856 35722 36802 40306 41537 43589 46401 41889 37110 44700 48472 47914 52043 48053 45337 45276 43870 45709 48581 45531 42141 38880 37979 43148 51034 43279 36793 39237 38902 37905 44738
100276 125779 105664 93860 86319 86347 61732 82024 73687 78253 74936 69516 68500 85997 75964 71325 78618 72992 104213 95885 90510 89493 81304 69537 44681 40077 57381 93386 53464 47874 44233 50608 41417 35503 34597 36355 38232 41500 36219 37208 37462 37492 34035 32943 38551 46075 45649 39825 38257 41204 48716 40572 41212 43655 23726 37479 64058 65852 56444 47275 46359 40554 41961 49190 48152 49490 43398 40604 39509 40607 58024 49408 41757 41526 40183 45058
91818 107061 105178 107803 100099 99430 110528 116717 86709 65480 74060 72199 87698 102997 95813 87616 84913 98131 93656 95337 76878 70111 74558 92455 83869 54368 44675 50757 52383 56873 47586 47989 60665 39280 32458 33913 33916 36894 41629 38796 36840 37542 35153 32489 33680 36674 41076 44410 42733 54489 35897 34294 35266 46848 42856 40367 56967 85987 86689 50723 47986 40689 40108 42857 46834 50951 54024 36995 40472 38236 41996 54170 59580 51091 47217 52467
100390 82801 57223 87294 104055 92836 90230 80118 97523 84968 63463 58407 85250 95616 97715 91805 94048 86286 87063 98025 88042 85396 86894 75414 85442 67300 42420 39920 44376 42842 56260 34986 35853 43561 35185 33733 34943 34301 32747 36338 40780 51662 43566 38738 34723 36915 39165 41269 40759 46748 36641 37579 36494 40071 44722 40586 48316 103958 108887 82317 47415 44896 37579 41432 50536 56224 53330 54136 50410 43467 38565 44456 54391 53837 57673 41951
99046 77697 72900 77599 86477 75515 78560 73086 72398 73416 70752 75844 82012 76601 91729 86844 84293 93436 62438 72744 82052 72670 78248 66933 76400 78406 52404 39813 39304 39701 45247 31885 38533 43411 32051 26244 34579 32749 31944 34603 35211 34699 36940 34354 40921 43726 41132 40226 32678 33141 40685 38368 40703 41868 43245 45513 60515 102758 113196 105331 60398 43611 42066 41488 45181 48462 42985 40348 54476 60062 43794 42145 43150 43074 54487 54505
63122 76125 70404 59942 80785 75048 78135 103718 86498 79039 62702 78966 78215 91359 95089 82571 82091 75541 81274 88311 74118 51834 42864 47814 54235 48978 44061 47264 38703 39276 39565 39373 38083 39423 34128 34402 37440 33261 33368 33812 33277 33729 35259 37023 35917 34085 33683 33927 32840 31459 47523 38914 44829 47207 42890 40357 49932 66486 102145 97764 70408 49206 45036 42503 37928 40752 44902 40244 38776 52707 45308 45866 52836 48200 40282 50018
106468 83130 84648 96071 83252 78559 66169 71380 80962 86936 64134 67914 70766 72887 78779 91014 88549 80935 73991 92923 78927 52611 45425 44206 42377 38772 41187 43313 40479 40755 39058 39149 42597 37796 37580 39680 36568 37913 35204 34449 33877 33321 33860 34609 33819 37089 36178 36034 31790 35395 45709 40462 44808 50567 41686 42897 41565 50255 67647 61964 50650 54264 58336 43502 41413 42876 41212 41490 38636 37361 44651 43141 49471 52816 46129 53620
79990 77978 75847 87825 74954 79647 63595 70283 72318 81469 64206 69791 70585 73139 69130 78854 84459 71009 72566 68783 60165 55655 50067 41170 41368 39848 37780 42498 41763 40796 43038 38839 40207 38901 36806 35969 38662 40400 43387 39786 35973 33188 35000 34138 34865 36136 35428 36235 32912 39837 42474 37541 43594 47576 36681 35139 44749 45871 51252 47976 53821 64646 53075 46289 43776 41745 38806 40283 39458 39492 42775 48463 45268 49337 42757 37792
71012 81627 71846 73811 69366 64778 67411 66713 81107 99234 73841 74113 63068 72089 68577 82368 84438 70787 58595 61813 45956 45245 41662 45665 44249 39959 44515 46311 40242 41083 39177 40366 40800 38605 43619 44377 44662 47153 44443 42870 42625 35136 33024 35520 34671 32993 32649 37980 37510 40689 36698 34157 33561 36241 34276 33655 36600 35511 40233 39166 40519 50224 48818 41192 45938 42868 39218 39542 39326 38853 37984 42815 48581 48295 51093 37819
71920 72995 73003 63979 62430 70274 61185 76060 71698 70208 82295 93785 74822 93931 82542 98705 83491 82760 70809 55796 46013 44317 49036 57346 51882 55518 47724 39480 38957 37571 35614 36930 34816 34320 34923 35372 35863 35833 34567 33819 36363 42010 41583 34265 33243 32530 31849 33602 43765 34977 33234 33675 34058 34920 35090 34415 35407 32708 36066 40671 61645 70056 57746 43816 44606 44075 48802 43602 40547 43031 40511 37417 37141 37115 49138 48337
68526 66493 61627 61710 56047 63588 70463 59535 62755 57884 74791 80968 84509 88757 74316 80987 81021 87030 74818 58013 54026 59929 47362 49463 48502 40916 39150 47091 40866 39352 38431 35985 35127 31474 31382 33517 35756 36178 33271 32278 32794 35131 38174 42855 36547 34104 31873 40747 41430 32917 32993 33326 33300 32691 34504 35083 37272 36807 36351 42143 56326 62697 69548 62139 50086 49184 48589 51547 43247 40466 40268 42136 42132 38871 44006 47337
64029 55754 59133 64816 61000 62514 68228 70694 65806 64637 59525 64183 76464 69685 64175 88199 80009 53992 54791 48352 46959 49117 58042 54368 49146 42056 41466 38325 38927 40707 42637 39350 36041 35769 33910 32486 36600 36396 35120 41749 40239 36311 37811 37281 42886 45938 39106 41056 36570 35326 34697 34984 34478 34383 35269 37673 46284 49616 43739 40675 54399 44441 57729 66019 55588 56232 50096 51259 47603 46400 43938 43192 45140 39441 37591 39951
64428 60519 58016 58563 57647 70465 63489 68664 74537 78857 61232 68312 68240 68200 66723 75502 67421 47509 52671 54056 40576 44876 43343 43222 37647 39218 38218 37263 37568 38243 39387 40574 38389 38703 39253 37614 35667 37120 35671 36570 36941 34294 33920 34521 33075 31960 33283 38566 37892 38256 37764 34766 35689 33315 36596 38572 42162 47503 45275 38441 56015 50203 55223 60253 52768 55315 52536 49502 50994 47916 47154 42222 41408 40716 41923 40229
61782 66606 67827 60796 64103 71865 64104 65224 74010 80420 82007 72379 64919 67187 73258 67815 66588 57105 62669 44383 43238 38426 41240 44396 39314 35819 39916 39153 43931 41729 42963 51134 41216 43487 39048 34857 33148 37726 35010 33194 33631 34071 33778 32150 32648 35209 37627 38112 38632 36884 34838 32730 34522 34858 35648 37131 32814 37024 39334 38814 48099 47522 49382 50800 49298 53593 54935 51829 55302 50481 46131 45350 48183 41584 41761 41214
66277 68723 72392 77130 61095 80298 78188 87542 74663 72871 71911 75384 75044 73897 75273 67027 63904 51291 53480 43137 42145 35610 33023 34254 36005 37919 38133 37138 38082 36093 69103 50827 41426 36677 36011 31779 30911 31957 33179 33271 30996 33193 35141 36286 39275 38805 39345 37490 35293 34943 37381 35689 34690 34523 34182 35355 35668 37409 38030 40780 41228 44331 50836 50197 50767 51218 55994 54129 56613 53747 44867 46234 45014 43287 43222 44452
72633 70185 73422 79351 84597 89071 88221 84165 89612 92684 98934 85049 105332 99898 87506 51595 59347 56671 42702 41098 39928 31603 38376 40906 36210 44387 40262 36704 37826 42049 40077 30831 3330 6563 35126 34495 35424 34369 32437 32115 31085 32250 34680 40744 39480 39860 37462 36200 34348 33769 33538 31175 34957 35669 35111 37610 35892 37417 36754 38783 39933 42655 44679 45421 50440 49296 52868 61579 57395 51804 46153 45044 47118 41598 41744 42474
74805 68040 72062 85826 86556 81280 88531 82998 78616 75361 93013 83101 86909 86340 75784 60719 49367 42925 38348 31029 32644 38297 54542 43948 31087 35564 38854 44046 39314 37925 43227 34148 4234 26577 33208 35308 37163 33221 31831 31697 33523 33960 35490 39713 36196 33504 36810 33427 32491 32514 31035 32946 34496 32831 31171 33891 35906 36176 36006 38245 36625 37744 42047 49347 49724 49634 52155 50540 53219 54551 53166 45176 44053 42800 45417 43891
59562 50209 63281 58449 69883 66209 72904 75372 72455 62493 56292 48646 55221 69812 57677 42770 34594 33249 42744 35848 47760 37615 30946 34060 33399 32901 31623 33968 38942 35106 40758 40508 37666 33358 31406 40910 39070 34200 33395 31739 32849 35193 39297 35937 35351 35501 36739 35405 32300 31749 31480 33027 34447 32192 31496 33971 34352 36097 36755 36969 37057 35937 39745 48302 48322 54880 51617 54909 51122 58602 54841 46198 45879 45489 43647 41769
77788 72129 70013 57861 54317 57265 70548 70582 73386 71388 55904 49324 53817 45786 32938 31284 44978 42970 38130 36304 32753 28525 24055 25459 31808 33419 32599 34126 36225 36836 37546 38473 36878 38349 35136 36291 35365 33948 33078 34405 34812 39783 38866 35487 35864 34769 35353 32772 33170 30022 31720 33198 33523 33165 35704 36486 35246 33889 35814 35764 34053 34307 38293 43448 40759 45251 50825 51510 52953 50004 58883 52177 49778 43749 43283 43141
64760 68204 69580 64062 52730 61115 72397 72911 68503 65699 64102 46842 30296 38004 43429 35560 43756 36669 31817 26915 28951 28605 28797 30162 32724 34704 34064 34190 35740 34990 33883 34498 36136 37467 36823 33915 35882 34867 35475 37681 36456 36685 35642 33929 37149 37961 34170 33390 31496 33925 33063 34581 30839 32965 35884 34552 33383 31907 33990 35314 33970 37626 37940 45682 50253 49142 49346 50290 51249 52482 57147 56848 50632 44769 42335 40518
50935 55139 51965 53667 42438 65665 67982 71001 60553 61190 59436 48493 27767 33183 34061 40557 41871 39081 34964 28838 28793 31769 31835 25778 23833 33360 41027 36155 36049 34476 33870 35702 39098 39312 35186 33391 33587 33555 36013 34831 33502 34335 35879 34680 34816 37364 35179 35488 33121 33589 35149 32209 32417 31642 31924 33535 35108 34494 33145 35368 34492 40004 40150 46348 46513 49399 51429 52749 53881 57816 54194 54645 50826 45789 44063 43884
62879 53176 49660 53448 51493 67579 67634 60899 57366 65471 46525 48099 41162 31503 33931 36698 34047 27886 27913 30308 30320 25152 35479 33552 32353 33966 34066 36021 37186 35928 35197 34611 33733 32120 30829 31846 33972 34768 37892 35389 33832 32740 33447 33162 36740 33344 33808 35358 34240 33703 34597 33731 33557 31969 26672 33365 35019 36507 35353 36439 35038 39042 39277 41953 47245 50454 51205 51070 54692 54202 52692 51885 52519 46617 43082 40685
72695 84549 87943 65555 71301 62323 72055 41759 39295 59908 43976 42650 32645 28872 23245 27120 30710 29368 26167 32191 33915 27159 28782 36095 33205 32498 31244 34211 34920 36415 36701 35781 32834 31466 31527 34295 35879 35809 36401 35859 34587 33615 34554 33726 34347 33625 34750 32744 31901 32956 32335 31717 33415 34054 33695 34912 34689 35056 36360 35535 35143 35678 36376 41158 43568 52224 51274 48549 54231 59454 51996 47954 45705 48707 42161 39447
67594 60871 92070 101557 99605 96789 100762 56760 42449 46613 53744 34505 32292 33188 30972 30644 30772 33877 28191 28009 33389 29640 31636 31300 32509 31462 35589 36829 35557 39851 39920 41704 34452 31312 30033 31496 34617 35983 36766 34369 33231 33388 33310 33805 32763 33622 32791 33957 31447 32186 34748 32336 34900 34479 34786 34579 35658 37342 35340 35969 34603 34695 39411 44378 44534 55073 50872 54054 52490 59429 55544 52063 49259 47360 47348 41235
55176 45111 44955 48230 65821 64285 80581 68177 44677 52162 37523 34365 32530 32011 32547 30149 28967 31730 30899 30587 34838 34283 30076 30936 33934 36705 36283 35363 35785 37051 39350 39746 35715 32452 30998 30531 33092 32083 33977 34852 31731 32484 32064 33664 33350 30807 32619 31920 32945 31750 33582 33637 35072 35728 34768 35900 35484 34792 36320 35794 35717 34657 41488 45331 48996 54488 55101 58890 57072 65525 57161 55776 47486 45769 49501 43384
54380 60094 55607 56456 58851 57221 71307 73370 65429 54927 44260 36103 34679 35103 35350 34825 29696 25029 27154 32443 36305 35504 33015 36063 35417 34233 32903 33915 33727 34320 38615 37991 36490 34610 31366 30269 32714 33353 32037 34375 34389 33393 31878 33624 34461 35062 33470 31202 32754 32061 33255 33674 31915 34308 35900 35164 33421 30809 36669 36073 38768 36900 40059 46227 45886 56265 54565 49061 55696 66905 60818 57719 48031 41552 47167 43634
72543 51986 50412 47149 50040 55754 70226 76131 80676 56759 42125 39505 40027 32665 33009 34340 33067 33599 32498 32211 32726 32416 32132 32308 32457 31949 33933 33001 33250 33641 37154 36740 36223 35936 36343 33110 39975 34163 32472 36333 34295 32430 32957 34954 34187 34618 37644 35378 33144 33100 32957 34097 34752 34548 36475 35840 33825 37374 38170 39207 36889 40409 37496 44285 45951 47522 50128 49285 53624 57513 61025 57661 48504 35617 38687 41160
82122 70674 51139 48902 53252 55213 78471 70756 57639 51720 39960 37776 37462 35796 33061 33844 33204 32868 32913 32241 30934 32973 34047 34526 32417 32594 33321 33479 33813 33509 33455 36335 37872 37332 38788 45171 44303 33681 30975 35981 34543 35276 36895 31896 32134 33315 40072 36312 33748 34952 34087 34776 35388 38538 35722 36505 35836 36492 36837 37016 34245 39194 40823 42792 50473 47608 53512 55964 56122 51907 48608 48359 47677 43243 32121 35204
82686 64073 59218 66598 62741 53743 72400 76899 55955 42438 36848 38606 40287 36428 35215 34613 33897 32594 33656 32462 31515 31498 32508 33470 33669 33039 32044 31309 32234 31546 32172 31341 32565 34098 36086 41557 36035 32718 31288 35566 33131 32141 39405 33977 32233 31163 29396 33894 35810 36612 33712 34172 37149 38897 36060 37632 38089 39383 39716 40083 38826 38184 38351 41863 45724 44680 50404 54644 50949 52750 51332 45137 44712 42803 33048 34678
66550 47605 61772 70939 73989 64270 67330 61917 38728 39871 38571 37708 38954 38118 38353 36848 35833 33538 34916 32985 32694 33689 32933 31798 33234 31270 32284 33271 28197 28634 31836 33947 33398 33680 36538 40708 37203 34315 32686 31488 32970 25434 29384 34430 36466 29202 31662 32523 35353 37779 35745 37512 44965 41823 39199 39091 40382 40465 40778 40953 40240 38396 40797 44165 46909 46137 47704 48145 49412 47392 46972 45804 45457 44365 39251 37621
