includes/gis/MODIS_FOR_MODEL_RESAMPLE/test3_ascii_esri.asc
ncols         208
nrows         232
xllcorner     164106.590
yllcorner     9638583.988
cellsize      1059.97819
[rows 170 to 203 of 232, columns 0 to 75 of 208]
-2147483647 -2147483647 -2147483647 36068 36063 36707 33487 34061 35687 39602 38484 45339 43399 42169 43809 37156 37496 37637 37122 32350 30931 28287 28406 29480 28498 24638 26367 23410 22279 23919 26850 28289 26015 27498 28592 30136 31793 33190 34030 32584 31206 36121 37888 41865 39818 41726 41046 40063 41030 37776 41377 40079 35144 34348 32079 32356 34824 38155 36190 37328 34865 35030 35312 35660 35841 36033 36629 38290 35029 34184 36386 38979 43288 52639 71628 99943
-2147483647 -2147483647 -2147483647 33977 32966 33839 35163 33617 37317 36247 41878 39662 41737 41855 42662 38518 37551 33912 33441 32756 28267 27361 29130 28202 26164 28657 28026 25070 24685 25144 26530 26731 26242 28082 29682 31265 32553 34338 34966 30921 31942 37549 39952 39676 39636 38696 40947 38174 33483 36362 38232 39295 38008 34535 30980 31628 31694 35710 37873 36580 35117 34789 34315 33823 34656 36694 36769 34471 34590 34887 37516 42364 44727 58836 74206 116251
-2147483647 -2147483647 -2147483647 29778 29179 31273 34329 40301 34795 41908 42683 46352 43070 41600 40804 38585 32763 32590 33295 32720 25572 24638 26769 26473 26705 28106 26770 25369 24515 22231 22065 25756 28084 27821 28517 31556 32152 32537 33572 33671 32962 37534 41155 42045 42849 41726 42808 43416 42082 38400 41545 39272 39588 37518 34740 34293 35008 34229 35426 35639 34150 33193 35760 34596 33077 36288 37160 35627 34116 33911 33475 37292 42915 49654 62794 95245
-2147483647 -2147483647 -2147483647 24919 28759 31293 37106 38862 41597 42710 39644 40364 40470 36808 33288 35267 28430 27814 29299 29815 26593 26704 27717 28469 29263 25545 22373 21496 18850 19554 21031 23586 26668 26532 24751 27827 27486 27687 29820 33505 36080 38724 39080 40219 37992 38568 39053 43802 41706 41115 43637 39950 38076 36065 37930 38182 34172 33916 33735 35041 35747 33591 34620 35577 34676 33964 33574 33620 32626 31590 32947 33884 41790 41881 42142 57263
-2147483647 -2147483647 -2147483647 23890 27770 29194 36465 36426 36948 37017 35188 35942 38218 32363 25988 33094 25584 28458 29467 30348 30000 33829 26485 30840 28534 24291 21212 21237 21907 22447 23671 23932 23821 24857 26509 28990 26918 30055 32599 35352 34209 36384 38633 39390 37369 33724 36157 39741 39646 38201 36812 35935 36006 33791 37295 37583 36507 35027 35157 33273 33906 35421 35329 33980 33570 34083 33716 32780 31786 33577 33211 34479 33523 37926 37968 41039
-2147483647 -2147483647 -2147483647 21742 27177 26908 27240 29959 27886 31556 32277 31091 33304 26632 26560 32515 23600 29094 33229 29146 25049 30186 27371 28140 28897 24527 24848 24646 25858 27002 27872 26094 26198 26542 27181 26844 26642 29920 31259 31998 30635 32457 34682 36083 34462 32195 34587 35510 35190 34827 35269 34232 31989 31897 34480 37776 37567 35072 31852 31784 35301 35862 35411 34558 33943 33109 31526 32970 33372 31602 31102 30986 31381 34108 39226 33851
-2147483647 -2147483647 -2147483647 21402 26290 25137 25262 27258 30810 28926 28232 26113 25432 23873 25107 25274 21079 27198 31794 30178 23958 25827 25619 29463 25040 24659 24698 26279 25871 23787 26937 26220 25554 26431 26472 27002 26271 27676 30437 28768 28297 24873 28192 34485 31976 30034 29625 29105 30734 31683 32048 31587 32579 33732 33859 36074 36552 32857 32196 31841 34177 36300 34942 35272 32870 31603 31749 33314 31812 32137 30512 30757 31725 31508 34106 36852
-2147483647 -2147483647 -2147483647 17220 21890 29203 26376 26275 26803 28266 25051 26617 23317 21267 23431 21950 21379 28658 32177 30155 31040 24043 23941 26804 26761 28489 29072 27067 25891 23795 27615 26109 25063 23104 23741 27335 27183 27872 28777 25455 24463 28219 29696 31406 29316 30356 27734 30546 31659 30436 30305 31815 33948 34277 31979 35866 35488 35590 35548 35263 39512 36970 34193 34221 31817 30424 32020 31908 31788 33815 31167 29635 31254 31975 32838 36670
-2147483647 -2147483647 -2147483647 16194 25831 28203 27040 26152 27358 20881 26084 26520 21398 21477 21948 21739 20648 30653 29933 29653 26956 24793 26238 29038 32393 29507 28246 28648 27207 23551 25045 23550 21768 21341 22380 23337 26584 26224 27320 26591 28328 29870 29630 27832 29309 28648 28746 28638 29514 29977 34612 35936 35444 35536 33689 34595 34844 39165 39882 36905 36605 38349 37650 36810 33946 31778 31818 30064 30110 32474 33008 34363 34086 33629 33668 30210
-2147483647 -2147483647 -2147483647 18411 27647 26532 26228 26785 29464 28664 28334 28485 24544 26763 25773 21720 23849 31214 29038 26719 24291 24763 29142 31198 34509 33997 32780 31599 30175 26103 28106 22385 19368 20513 23014 20897 22723 24730 26255 29622 27985 26271 24698 26364 26906 25938 26587 27804 30157 32331 34078 34960 34792 36483 36788 36269 34123 34907 37298 36315 38405 39015 38102 34454 33601 29953 32626 30711 30120 31564 33021 34351 36635 34541 33856 31647
-2147483647 -2147483647 -2147483647 17693 26721 25037 26343 27797 28856 28962 29734 28922 29732 29130 28549 26175 21892 28770 29295 25860 26196 29506 34244 36103 35539 35994 35036 31390 30158 26311 30215 22827 24084 20465 22053 20696 24582 26659 25095 28527 28708 24877 24936 27192 27710 27681 26498 28870 28300 29291 29669 32027 35006 36192 37201 36279 34751 32570 33173 34999 37528 38270 37968 36096 35355 32367 32124 29903 30250 31047 32655 33942 35180 33687 31751 34525
-2147483647 -2147483647 -2147483647 15035 21251 25124 25780 27493 26645 29606 30449 31031 29604 28212 29863 23818 21285 25615 26747 26484 28315 31694 37533 37904 36648 37739 40987 37181 29096 29609 29469 27019 24996 23282 22317 20384 26185 24189 24584 25884 27020 26041 26896 26800 26200 24249 26103 28837 30278 30845 31440 29567 32136 38794 36392 34876 33718 34237 33046 37099 39418 38589 38004 35567 35074 33617 35266 31487 31554 31766 32362 32531 33549 31363 31220 33847
-2147483647 -2147483647 -2147483647 11689 22285 24627 25569 24373 23741 30105 30053 30724 31163 31734 29504 28566 26425 27343 28066 34790 35992 37309 40648 35502 35689 35109 37861 38679 31947 30014 32016 30040 24821 25136 23316 21505 23015 21884 20898 26310 24636 28233 26772 26621 24782 28186 28930 27457 29111 29944 28557 28027 33810 33655 34695 33340 33205 36897 37760 35275 36408 35929 36187 34228 33860 32959 34472 32621 30459 31217 30688 28725 28863 31646 30494 31650
-2147483647 -2147483647 -2147483647 10360 23000 25625 26469 26370 25091 30024 30782 27975 27656 28682 28690 29396 29186 25466 31018 35171 39987 34493 38729 38087 34730 35803 36451 40773 38560 40790 36656 28846 26533 28379 25289 24362 22337 18777 17778 25492 25135 25271 25815 26295 27097 29313 30215 29657 31017 31460 30407 27094 30114 30993 33245 31853 33690 40078 37467 29293 33103 31731 32754 30067 31994 32554 33277 32239 30895 32603 31613 28597 27919 30572 28156 29062
-2147483647 -2147483647 -2147483647 10796 24603 25658 26767 26225 27057 29015 30037 26923 26709 26798 25739 26506 26804 28945 32925 33789 35559 34875 38065 38191 35260 36989 38350 36956 37618 40906 36488 34232 32610 27965 25361 23419 22020 18687 19328 23709 25287 25503 25369 26483 26357 29739 33842 36053 37389 33004 31210 32366 30736 33547 34105 30926 33900 38380 34622 30641 32078 32597 32854 34354 34104 32234 32276 32506 32873 34169 30841 30369 30305 30440 28284 28138
-2147483647 -2147483647 -2147483647 10175 23313 25429 25776 24976 25744 26043 26610 24148 24175 24299 23260 23977 27065 31503 35124 34355 37870 39488 42491 43458 42728 42409 33859 36616 36278 39587 41339 37914 32409 30092 27843 26997 24954 19806 21706 26698 24022 25834 24671 24049 26002 30321 30850 40261 36850 35138 33112 33218 31397 31692 36612 38651 35185 37365 37147 32452 28749 33202 32089 32252 29424 30133 30128 31004 31481 30054 30550 28051 31020 29935 28626 27888
-2147483647 -2147483647 -2147483647 11183 23154 23672 25136 25473 24571 26875 26930 25862 24938 26963 25805 25886 31953 33584 35383 34047 38441 43018 43194 42873 47479 41184 38429 35003 36540 40751 42293 39607 36379 35206 29921 27671 23476 25605 25091 25371 23411 23211 24110 24783 28010 30943 32718 32330 36169 36167 35447 33299 30174 32224 38657 37164 32062 30940 35410 31951 29841 31192 33840 33243 34031 32171 30685 31453 29940 29242 31835 31258 28927 29338 29043 26968
-2147483647 -2147483647 -2147483647 11622 23116 22764 24983 23978 25419 30900 28008 28333 27109 29316 26947 28247 40972 41130 38823 35097 36338 46399 55517 46692 67448 58015 39758 36169 38852 46576 42552 38407 40539 36903 33050 26509 26426 22976 22177 24376 25747 25037 25258 23388 26258 28051 29999 30555 31850 34828 33921 32513 30785 35216 40832 38327 33868 32422 34267 31713 31833 31958 30920 30296 32572 30527 30291 28401 28976 30693 34250 32404 27787 29623 29051 28339
-2147483647 -2147483647 -2147483647 11772 22654 23929 25163 23827 23407 30517 29245 27576 27926 25812 24641 35529 43532 41790 39249 40100 46396 51393 56667 71426 80971 78785 58930 42170 50314 48029 38510 40871 39840 37043 35761 26339 24124 24187 22334 22488 23556 26411 29076 24312 24709 26045 27532 27305 31523 35565 33911 31966 35698 40673 38998 38586 35093 35643 31913 31610 31773 31116 31208 29388 27760 27294 26485 27504 27932 28837 31838 28451 26668 26977 27799 26369
-2147483647 -2147483647 -2147483647 13023 25800 25241 23346 23498 22730 26752 28927 30723 27056 26052 26920 38726 42608 41865 38877 36658 46846 55844 69083 84440 85371 95706 93523 74298 41511 44561 39854 43111 42659 38944 37166 32712 28758 21695 18646 20808 23344 28829 28796 27662 24635 24573 25290 25612 27691 30495 32585 30137 32949 37466 37549 42367 39821 38971 34934 33779 29312 29781 29821 29062 27788 29329 28145 26548 27736 29576 28761 26465 27072 26799 26336 25125
-2147483647 -2147483647 -2147483647 11296 26399 23160 23475 23142 23186 23359 27191 27677 30576 26255 31833 41036 41742 41402 42149 43862 45429 50794 77701 99785 102568 109532 105104 97280 52867 44686 40004 39281 38899 39372 38109 35667 30617 23818 20923 23787 22799 27559 27487 26675 23453 25070 25587 26030 27414 29232 30980 30075 29166 34637 38033 36347 35692 37642 32600 31171 32538 30136 28997 28136 29024 30035 31813 30901 29058 27677 26155 24642 25416 25800 24311 24818
-2147483647 -2147483647 -2147483647 5680 24548 26777 24415 22912 20868 21471 26053 25889 26209 28196 37689 38995 41692 41006 42428 50906 48830 77103 91727 74317 83721 101558 105471 101368 67696 45787 38573 38804 36384 37809 36771 33103 31435 25199 24075 22885 24693 27999 26891 24754 23639 22875 24669 27393 28071 27420 28618 30126 29573 33747 36992 33956 38143 39985 32758 31850 32453 30122 30738 27703 27455 29885 31474 33836 29417 26668 24777 23832 24976 25480 24695 26058
-2147483647 -2147483647 -2147483647 4866 19339 21576 22267 22720 17837 21229 24615 24288 23492 27399 39615 42384 39884 38281 40660 46541 48801 71221 94554 83049 78909 79518 96167 101972 87782 74174 62195 39926 42250 37950 37306 34022 31729 27611 22996 22313 25514 24667 24459 23737 24775 26642 27506 29130 30033 30799 31083 34627 30504 31209 36294 33733 36877 36812 35702 29988 29581 27637 27295 28719 28217 29369 30448 31660 29153 26427 23822 23238 24616 26102 25211 24837
-2147483647 -2147483647 -2147483647 4738 19768 19304 19355 21300 21031 24162 22148 22555 24286 30354 38400 42604 41219 39829 42809 47653 55064 78995 87489 98783 97653 104316 107146 86058 53593 43553 48088 40526 38769 33768 36335 33970 31074 26645 23452 21822 22629 24734 22046 23647 24917 27247 27880 28291 29647 29642 33063 38655 35694 33882 34714 33027 32511 31344 28670 27684 27646 29568 27657 27553 29929 28143 27168 28300 28359 25422 25566 22850 25980 25312 25333 26084
-2147483647 -2147483647 -2147483647 4506 18082 21042 20517 18868 21402 20862 23157 22122 23973 30436 38005 41319 41752 44125 43848 67690 81585 77632 86178 98446 102809 102294 106375 82457 51879 56706 53158 39133 35803 34790 37257 31487 25444 24692 25814 21813 19778 27742 23416 23518 25420 25060 26395 27895 28270 29416 35168 38815 38637 37109 36153 32672 30323 28733 27736 27826 27633 26559 27801 27067 27383 27713 27028 27593 28202 24560 23544 23096 24603 24513 24529 24613
-2147483647 -2147483647 -2147483647 4158 17941 20948 21509 19631 20402 18258 21543 23056 22713 34239 37376 42633 42892 44151 64729 88542 67869 79051 73366 67757 71721 78918 71103 52317 45324 70613 57272 42838 37873 36156 34847 28629 22160 24306 26967 21162 20020 26373 24219 22915 22320 24994 26961 27555 28966 29703 33104 34928 36938 38331 34096 31029 28400 27043 26573 28209 28326 26604 26890 24092 26702 27212 26595 26394 26891 26155 25946 23853 23700 24882 24551 25085
-2147483647 -2147483647 -2147483647 4876 17810 21646 25178 21022 18505 19737 21587 20185 25562 30705 35592 40942 42245 43426 59457 59559 68951 72634 56494 46013 43002 42877 44005 42287 51076 48472 40086 38116 36899 32937 31061 28559 19799 22582 25150 23231 25336 30538 24294 23323 21515 25467 26973 27673 30741 29567 31499 32731 38196 37105 37348 32899 26674 25690 26002 27057 28036 25538 25322 24613 23319 23089 24317 23992 24262 23509 24854 25270 24458 25159 27499 25255
-2147483647 -2147483647 -2147483647 4065 16806 21472 20107 20622 19757 23288 24341 23246 21684 22211 30116 33586 43017 42030 42262 44332 67056 55413 58379 49471 43445 54958 46245 41326 49839 43349 35196 35021 33074 32137 27141 27129 19346 22301 20329 19663 21910 26892 22015 23197 25671 25878 29066 29905 30961 31518 31219 32194 32952 31669 35790 33138 26968 28258 27436 27260 27120 25694 24513 23700 22864 22200 21287 22466 25075 26191 25218 26698 25493 24492 26909 25675
-2147483647 -2147483647 -2147483647 3947 16596 18354 16357 20545 22248 21559 23386 23621 20429 19650 28498 31418 33068 40068 44107 40631 42794 42467 42390 41589 36492 53894 44103 40444 44983 41929 35789 30736 30356 26804 25835 24370 21268 20622 20744 19079 23450 24594 23631 23704 23676 24568 29060 29333 32083 29911 29807 31359 32690 30776 32347 35964 31240 28366 26341 25911 25258 25364 24978 24083 24018 22899 21936 22800 22343 24015 25196 27222 26658 27586 24503 24741
-2147483647 -2147483647 -2147483647 2633 21434 17449 18492 19288 20271 18488 18857 21596 20697 20743 27923 25893 26097 32994 39868 41724 42536 40089 35794 39237 35247 44209 42186 41071 41911 38439 35217 30781 28330 22638 24568 23005 19985 19708 22131 19986 24414 26719 22901 22037 21371 24542 28818 29253 31819 29480 28362 29015 29720 30139 29647 33645 31550 29127 28804 30569 26143 24892 25338 24008 23335 23009 22931 23215 22943 24934 27542 25886 26445 26532 26838 25726
-2147483647 -2147483647 -2147483647 -2147483647 25277 20907 19442 18642 18347 17020 18075 19373 16186 21134 24907 26286 25916 24839 32774 39089 42022 38615 37515 40836 38165 40477 41657 38552 37261 33404 31367 29216 25165 25196 22893 24432 21612 19808 22028 22813 23515 24343 23303 22145 22232 26747 25130 26188 32342 29265 27218 26710 27620 27270 27699 29114 29315 27599 29102 27624 26133 24649 24192 23494 22335 22891 23258 22278 22731 24162 23354 24851 23774 23610 25601 25064
-2147483647 -2147483647 -2147483647 -2147483647 23580 23076 21630 25180 27022 18589 18539 17360 15697 16944 20600 25233 24888 25624 29972 35222 38400 38562 37675 39279 38056 38012 36085 34489 34163 29964 25576 24495 23606 23000 19526 23575 22681 19333 21751 20592 27382 24586 25730 25922 24492 22261 21742 26084 30006 26643 24672 26262 27220 25880 25998 27159 28012 26166 25839 26514 24456 23342 25041 23758 23567 22655 22583 23218 24980 25519 24653 21674 23591 25458 23926 25230
-2147483647 -2147483647 -2147483647 -2147483647 22524 27420 27344 29304 29389 32821 27167 17369 17592 22873 18170 20609 21169 23788 30404 29771 33993 32349 35301 36271 37126 34812 29604 31711 30418 28465 25515 23903 22449 19150 23094 21978 21431 25323 25339 25915 25367 27458 28927 26136 26011 23195 24912 24425 26098 30022 26007 27850 26043 25820 26516 27962 27906 25805 23893 23736 22716 22692 23053 24212 24837 23012 22959 23017 24491 24293 23330 22546 23843 23957 22812 22088
-2147483647 -2147483647 -2147483647 -2147483647 23394 18999 14150 20663 22674 30906 34080 21138 23015 24253 25489 22961 21039 21821 27867 23199 34265 36128 35229 33711 33788 31079 24720 27764 29826 26374 22655 22033 21915 20207 23570 24307 21805 25397 23978 26359 24591 22363 24365 26219 23630 26994 24286 23063 25463 32126 29090 31445 27894 26496 26883 26496 27966 24760 23319 22763 21598 22185 22059 22782 22674 22585 21069 21496 22688 22957 23142 22489 18986 21742 19472 20157
