includes/gis/MODIS_FOR_MODEL_RESAMPLE/test3_ascii_esri.asc
ncols         208
nrows         232
xllcorner     164106.590
yllcorner     9638583.988
cellsize      1059.97819
[rows 34 to 67 of 232, columns 0 to 75 of 208]
27898 40264 44104 39873 38318 40681 38456 39722 37610 39502 39582 37747 38151 34665 33917 32206 35783 35581 34575 33988 33450 34301 33714 35709 35927 36543 37437 38186 33555 31560 32373 33210 32501 32196 31818 32914 33097 31990 32639 31166 31838 32995 31257 30188 32381 35949 35648 34316 39654 35928 38546 41613 45899 39384 41736 44965 40156 39047 36783 36419 36420 40878 41018 44677 40342 38175 39140 51470 67554 86819 73774 54300 53247 53672 49456 48769
30221 41824 39508 44066 40885 43434 41202 43072 38473 38989 39410 40789 35761 31186 31863 35190 36123 36303 35914 34853 34693 33928 34271 35559 36126 36519 37581 40017 34423 33287 33594 33369 32111 31770 31826 31777 32165 33028 31606 30870 31862 32377 31683 30621 33094 35852 35086 33026 33980 35759 38731 40692 44034 38388 45201 44314 38723 37013 33904 36804 36321 40932 40591 40983 40153 38354 45315 56838 66592 95360 71176 58367 54327 41589 43357 40921
21281 36096 40066 39206 44054 45460 43592 41400 41904 42623 39640 41134 35209 33809 32531 36428 34199 35285 36617 36540 36007 34862 35255 34733 34449 36485 35776 40016 35501 34001 34604 34245 32834 31679 34668 32378 34608 33285 30299 30032 30883 30978 35232 33042 33334 34512 33034 34031 35013 35732 36921 40196 40015 36005 43697 41438 40932 38821 37234 38056 37550 45805 39777 42283 43840 41647 43682 55846 71485 94543 87564 63336 51613 45254 42416 41273
17811 36006 38604 44854 46008 42279 41873 41342 41853 40154 36825 36914 35422 33812 33101 35441 35672 35725 37464 38025 36887 36008 34480 35140 35847 37158 36840 39393 36848 34160 31755 33876 33291 30622 30454 32027 31701 33110 30939 29624 30488 30671 33914 31146 33010 35105 37455 36375 36453 36109 38010 34671 38059 37517 42600 40359 40311 41235 44397 55622 44683 48532 42670 43437 40975 43130 44116 58847 71389 96272 91334 67840 57262 54150 49330 40001
19081 36528 37969 43263 43890 44432 43161 43215 38882 41462 41894 38040 37405 34052 35843 35090 37559 36797 36444 35991 36260 37138 36882 36405 36347 37741 36660 37480 37904 32328 32026 30326 29898 28840 28440 29683 30016 32380 32249 30576 30853 30427 31400 32204 38971 37635 39337 36139 37234 35170 34135 41068 43612 38499 40051 40195 39672 35435 40600 44101 40497 47626 45627 45938 44895 43064 44059 60055 63454 90112 78958 57354 56424 53346 47162 41059
18084 36619 34601 36769 37969 47664 42323 40355 40775 45084 45866 43505 36303 34119 35295 37209 38475 37895 37974 36529 37022 37099 37333 36199 34463 37333 36464 38154 36977 33270 33530 29574 30377 29140 29987 29718 30447 31730 32811 29810 29101 31128 31999 33081 36834 38459 38832 39686 38646 35458 35515 43085 46488 40496 43348 44142 42581 37487 39261 39969 38254 39560 41876 46355 46414 42012 49018 70018 65621 80861 72551 52772 57868 59571 54437 39992
17441 34238 36279 38719 40067 42096 39378 38186 36822 41566 41749 35282 35989 35149 34240 36409 37205 38836 38451 38818 38117 37340 36928 37196 37250 36785 35952 36252 36403 31669 30387 30769 29015 30040 31646 28659 29903 32106 33156 31072 29972 31961 33039 32786 34724 35633 37541 38031 40507 33826 34190 42325 41243 41865 43234 42272 42326 40392 38597 42596 43027 38813 41063 37738 39659 45996 57304 68184 63168 74858 81963 58315 62829 59642 48841 39333
17857 33220 33725 36715 37579 36917 39596 35958 42167 39290 39554 33795 36612 35154 34971 36463 37129 36987 38052 38669 37677 38253 38896 38492 37723 36107 35898 36236 34347 31352 30284 30450 28408 28882 30027 30798 31205 33395 34732 31325 28663 31047 29823 29706 33453 35218 34419 35723 38875 36168 38059 39427 31826 40212 38781 40128 42079 42366 40868 47184 47637 48815 51672 41209 36228 39630 45552 49677 57160 55518 55333 58266 62142 53464 43729 34505
17855 36578 36444 36111 37255 36969 39345 44017 44575 44923 41093 35429 35920 34762 36333 38191 36305 36116 36541 38234 38239 40168 38528 39236 38063 36149 35783 35857 33963 31584 30625 29858 30218 29427 29831 29026 34852 33879 34420 32796 27044 27099 26514 28300 32493 35717 34232 35372 37130 35927 36270 36992 32802 38796 40486 42564 41132 41856 43703 47735 45709 46935 50070 41159 46142 39063 44284 37297 40736 58188 52574 55161 52008 49584 46842 39071
18657 38595 37187 37628 37527 36318 37280 47555 43006 47456 42954 37082 35795 34498 32854 36479 36099 35836 38258 39660 40598 40106 37857 39096 36531 37123 34314 34538 32769 31554 30778 29091 30441 29895 30145 32417 32304 33169 31569 29425 26360 27628 24973 27390 34092 36848 37231 35121 36230 37419 35224 37281 37122 38387 42596 45066 49991 45665 44996 47442 45961 46776 49681 42593 38940 43583 43332 41386 40648 50976 54574 49061 48092 44271 37702 40892
18282 36616 39555 39113 34958 36806 37027 46260 47716 53879 40363 38976 34781 34639 33074 34326 37143 35616 38711 38700 40761 41258 39128 39400 36514 36696 35906 34412 31697 29852 29438 29276 29846 31448 30465 29153 33267 32691 31097 29431 26995 28017 26630 27642 30499 36806 36887 33031 39116 37826 36538 36615 36073 43161 39442 48216 48867 44925 48782 52679 48081 45592 48076 45093 43755 39132 43840 46227 52449 56817 57029 46329 42955 38964 35811 38152
18667 37881 39146 38303 35919 35033 35609 40318 50621 48178 38692 38211 34566 34284 36171 36233 37391 38501 38614 40234 42930 43548 39343 40371 39583 37216 34903 35134 29188 28832 28097 28119 29413 32799 30473 30213 30644 31564 30432 29770 27427 26771 26667 27298 29674 35723 38219 38671 39001 37055 37047 35001 36646 40390 35569 44327 47210 44693 51852 56638 57682 56269 49033 48581 43731 43112 42251 43613 46221 50411 59570 55111 43603 39125 37866 36937
20751 39693 39151 38981 39222 37760 39163 39596 50188 41371 37529 38300 37552 34980 37500 36885 36378 36094 39695 40041 40783 40289 35571 39253 37524 34107 32631 33123 29254 29312 29332 29005 28997 30247 29034 29444 30215 30065 29770 28546 28163 25116 27170 27769 29717 32963 35621 36648 36768 35702 34879 31847 31630 32301 35152 37488 46466 41282 50310 54216 49628 53450 53436 49097 37742 39926 39910 40410 39791 40097 48160 41345 44727 39656 38176 38324
22406 43879 44669 44936 42700 39037 35751 38074 43790 44464 38209 36470 35424 34982 37251 37584 36916 37690 37203 42063 41067 40199 38380 37457 35903 33918 33231 31853 30550 29678 29758 29519 27084 27515 30066 30804 30387 30087 31028 28725 28490 25840 27866 27739 29186 32351 32972 32688 35035 35898 27539 24924 27517 28704 32760 32799 42429 40477 42291 45092 46472 50356 52043 42924 33381 33323 36246 33731 33497 36479 40642 37660 40347 37598 36822 35763
20866 39754 42321 41075 45359 39864 34576 35702 41317 48215 39546 35455 35288 37660 36039 36552 38633 39396 39798 40235 40281 39451 39145 37509 36346 33438 32763 32616 34538 29348 29714 27759 26723 27075 29578 32638 32055 31759 28288 27387 30293 26943 29437 27123 29630 32711 30833 28669 34454 36049 24956 24774 27747 29708 31545 34738 35673 37129 34614 39256 44140 57012 67492 51491 35045 33905 36043 34441 34048 40238 39582 36384 35397 35193 34742 35299
20539 41192 39152 37724 41654 39650 35085 33061 38573 48856 43861 35678 35686 35381 34748 35177 36117 37134 38791 40358 39186 34832 36631 37577 35546 32908 33774 30932 30710 29418 28458 28733 25429 28548 28540 31398 31224 30401 29693 28653 31245 28577 30882 27475 27406 29710 26554 26822 34117 38185 26189 23803 26310 28588 27690 32929 37289 37555 33636 32404 35345 59265 57300 53201 38178 34505 36882 39567 41138 43406 41192 35390 33373 33641 36223 36488
28804 46402 44689 37830 36990 36789 33115 32877 38166 42697 41591 36030 34667 35721 35645 37211 36125 35941 38629 39900 38121 36480 37794 37467 37018 32231 32049 34524 30674 27497 27791 28172 27730 29544 28668 30109 31213 32448 35089 31313 31885 31792 30690 30337 29859 28484 25407 25152 29940 36088 27142 22887 26187 28007 30108 36563 38706 40611 38642 35762 40729 40542 46873 41416 38034 31677 30562 39239 38247 40550 40348 37533 32847 33869 33125 30246
20066 37508 42422 47391 44101 36465 33872 34559 37311 39937 44100 36087 34264 34471 34766 37234 37448 35157 37658 37803 37261 37431 39200 36878 36231 31952 31125 33307 31391 28510 29006 28076 29390 30510 29819 31003 30880 35113 35113 33915 32586 34200 32029 33399 31603 23467 24011 25552 23378 36948 26449 25579 26277 26897 33944 37408 37093 42337 43299 42121 43508 50324 46160 41482 42609 35808 31017 38611 42952 43812 37843 36155 38199 36342 35526 34003
20735 38494 41069 43770 48529 39449 35440 36130 39134 40363 43213 44037 37634 36006 36024 34427 36532 36505 36188 34791 35659 37881 37386 37771 35414 36173 31526 29915 31845 30761 30933 31138 30012 29534 29293 30723 30045 33998 33960 33253 34583 36283 33182 34041 32581 22178 25109 26626 23376 32990 28694 26887 25552 28135 36551 39950 36705 36909 35318 39485 40520 48205 44773 37361 37995 35154 34326 37238 44600 44730 38179 40334 40818 37336 35407 34309
12500 35734 39438 43768 42169 51777 37855 34958 36738 38932 39559 50409 37443 38576 38172 37529 39110 38248 37344 36097 34417 38376 36402 31204 34580 35512 30784 33791 34367 32925 33068 31779 32225 27530 28555 29859 31395 32430 34312 34481 34920 33786 32495 36868 32153 23005 23720 26838 24553 32930 26858 25015 27414 27926 38003 39279 37716 33014 29511 31711 37642 41152 38532 33996 33939 32986 34484 37693 41159 44576 39586 42963 39647 36812 35459 34224
9626 35922 37851 38998 37964 51692 38877 34366 35800 40720 38772 46916 40614 38447 37896 36442 40365 36581 35638 37623 37475 33609 36484 33340 33980 34601 31308 33333 29577 34248 34953 34119 33563 28136 30206 28574 29920 31148 30372 35543 35951 31887 37657 39039 29540 23903 22992 21617 23951 27123 26888 25777 27364 27986 31369 39712 37207 33850 30103 30099 38320 37021 35024 32944 34109 33062 33086 34598 41275 44781 37316 44197 37685 35716 31056 33686
9497 37597 40623 41139 43255 53852 41530 39269 41292 39998 43796 46189 46504 35356 34254 40264 38517 38050 36574 37995 37703 34718 35626 35656 35224 32141 30622 29838 29321 33661 30054 30845 31656 28412 30342 30847 30137 31052 30438 37501 34998 35277 34721 34183 34181 39550 35477 29915 28773 25576 24747 24276 25124 28584 29860 36602 37851 31821 28758 31064 32663 33421 34340 32820 34433 36252 34740 40829 42909 45247 33928 40886 37019 35757 34051 33130
9983 34633 44177 44467 45285 52047 45470 41451 41748 47754 45472 35988 45873 34270 34907 38545 35826 37967 39680 39880 39918 33313 34465 36734 35122 32812 29869 30928 33280 30976 29397 30613 31475 28854 28684 30844 29978 28384 30229 35852 37750 36307 34601 36323 39542 34424 36043 30699 25565 24746 23330 25671 26674 29631 29367 33807 34259 33199 28217 31036 37979 33339 34223 34908 33732 38268 39365 35843 36375 37538 35027 37621 35850 33713 34761 33896
9747 35973 41538 44071 49080 44564 38142 38587 39042 54120 44148 38924 46377 35214 39044 37524 35638 36204 39607 39023 37559 34521 33052 34417 33863 30168 31507 31913 29454 30115 29982 31014 30958 29306 28972 29687 29356 28277 35655 35930 36942 34922 42994 35351 33124 31302 39399 34125 24563 25360 26973 26694 27403 28605 30482 35374 34255 33806 28913 30863 36653 34794 33776 34427 34873 36578 41596 36410 35888 35244 37393 42150 34665 34577 34434 32622
10989 38641 43901 45595 50075 43411 40753 39437 42378 52171 47565 39912 45960 42589 38608 39026 40025 38204 36050 38889 36578 33200 34875 37917 33143 31506 32160 30405 29566 31493 30746 34530 29525 29593 29454 30728 28935 27533 32256 36453 35476 31400 34909 31106 28297 32026 44237 38565 32142 27519 26350 26116 30722 31786 31502 35893 36858 35219 35176 37941 36845 34392 34753 35288 35534 35660 34926 41136 38252 36607 39320 42524 35806 35833 34733 32312
9457 41924 50341 43053 42107 42750 43106 42476 57256 51134 38555 45678 43042 36400 34009 36183 39251 37513 38953 37941 33763 35736 33762 36819 31600 31959 33464 34675 29290 29939 32189 37917 29727 30344 27605 26216 27524 28548 32442 35820 35719 36746 30944 29008 28025 40174 42402 38219 33140 29286 27410 27882 32164 37265 30652 30874 35124 33812 38137 38164 36492 34269 34020 34665 33945 32080 34266 39054 36067 35464 36583 42473 34637 35969 36632 33651
11016 38605 37585 42409 45082 43132 40297 44760 39250 44672 42117 45188 45133 38915 32713 33382 36511 36132 38893 33459 31883 35316 32804 30389 31633 30204 34513 36377 30797 29789 30180 30771 30761 28224 26133 26039 29159 31441 34165 33369 40556 39248 30195 33720 36167 41622 35177 35610 35216 33697 30466 27162 34323 37288 30038 30515 29264 32366 38077 38328 37925 36252 33165 33160 31405 32790 28126 26981 25358 36366 43147 37492 33778 35205 31877 31340
11738 41128 39050 42094 42799 38491 41867 44348 31486 38582 34770 38288 45840 45621 34699 35364 36654 34357 38135 34715 31778 34142 36763 33742 30978 28236 30958 33510 32772 34294 33166 28963 29689 28145 26731 28631 30349 35231 34567 41768 43941 41843 31475 32238 39484 42310 34846 35552 36600 36340 35067 30087 28733 29601 31338 33371 28378 32111 33376 33452 35252 35402 32535 31741 32249 31975 24961 26791 29221 28260 47599 42152 33640 34611 35059 33843
11419 44494 42385 40382 40301 38480 43195 53150 38622 35823 37572 43674 43349 39843 35533 34921 36729 32948 34217 33932 31291 36021 34246 35828 31290 29028 31041 30846 32933 32797 31222 29682 29817 30041 28246 29192 28942 33970 33636 37765 41718 41114 31525 36586 41002 38625 38478 45004 40779 38643 36449 31198 26576 24300 32705 33264 31931 36042 32674 33211 34774 35157 32799 32072 32166 30517 30241 27315 34463 38297 50131 39028 35872 35579 34380 33668
11091 46804 39833 42907 39593 38539 40883 50300 48893 31023 40686 46097 41833 39955 32740 36801 34779 32315 31151 28787 31316 31792 34024 33829 34417 29967 31232 34987 34674 31287 29160 31935 31468 29497 25354 27988 29138 32201 31520 37838 41692 38133 34498 32895 37460 39663 39886 40134 41010 34921 35352 32914 29533 27822 31286 32160 32260 34848 33095 33550 34109 34617 32428 32389 33606 31615 30896 30532 34215 45962 53535 37871 35191 34582 35778 32717
13775 57922 42887 42539 41338 37285 38689 42251 51454 38636 40510 42704 39495 37918 33694 35089 33383 32615 28589 26605 27578 32436 31477 34604 32470 32481 33708 34140 32394 31232 26587 28132 30876 27728 24854 23181 26530 28362 28713 36311 39742 36230 33155 28719 34285 47962 42789 44669 48109 36723 34511 30788 27178 25336 29967 30425 29597 34815 34322 34238 34994 36578 34592 33981 33376 33425 30716 26396 24867 39536 48868 37070 35144 32685 32018 30791
11552 53311 48105 39391 41417 39059 39135 39742 53017 39243 35884 39821 34787 33720 34413 34717 34462 34299 29077 26364 26110 30947 33040 32529 31399 32301 32763 34051 32895 28829 26256 23876 27284 29358 26297 24257 25811 27871 31367 34370 32727 34950 31699 30977 41142 43068 44512 43685 40891 33851 41281 35830 31508 22638 27820 29180 30613 33246 33952 32056 35833 34755 35157 32922 30959 31219 27979 26430 30073 40220 47921 39716 35267 36618 39478 36455
9113 52223 57201 43087 45298 42605 40794 39664 53293 48567 37254 36134 33310 33721 36287 35398 34517 36814 28866 25988 27850 29991 30264 31034 32457 34375 33479 33986 31508 29476 27831 23745 24686 28351 26270 24605 29008 32185 33366 26295 28573 31698 27534 35969 45212 45553 44865 40146 35934 32800 33380 34102 32383 28010 29994 32947 33142 32480 33407 26899 38145 35912 36255 31823 29323 29799 28987 30614 31787 45888 43058 39774 40810 39987 40852 41096
15197 56120 49581 51661 40488 41881 45110 41301 46321 47856 42728 37390 32162 31916 34609 33728 34710 34268 31476 28227 26231 32888 30154 26957 29401 33229 30913 33273 30867 29033 26504 23495 22860 26864 24564 23923 29623 30278 31445 28569 28713 31577 29079 32803 36901 38360 36141 35417 30223 25013 29969 31927 34684 29141 28781 31785 34804 34027 32212 31109 35891 32677 37177 31214 31442 27949 28382 30769 38351 40254 37229 36575 38116 39526 39908 38893
