includes/gis/MODIS_FOR_MODEL_RESAMPLE/test3_ascii_esri.asc
ncols         208
nrows         232
xllcorner     164106.590
yllcorner     9638583.988
cellsize      1059.97819
[rows 0 to 33 of 232, columns 0 to 75 of 208]
-2147483647 -2147483647 -2147483647 -2147483647 -2147483647 -2147483647 -2147483647 -2147483647 -2147483647 -2147483647 -2147483647 -2147483647 -2147483647 -2147483647 -2147483647 -2147483647 -2147483647 -2147483647 -2147483647 -2147483647 -2147483647 -2147483647 -2147483647 -2147483647 -2147483647 -2147483647 -2147483647 -2147483647 -2147483647 -2147483647 -2147483647 -2147483647 -2147483647 -2147483647 -2147483647 -2147483647 -2147483647 -2147483647 -2147483647 -2147483647 -2147483647 -2147483647 -2147483647 -2147483647 -2147483647 -2147483647 -2147483647 -2147483647 -2147483647 -2147483647 -2147483647 -2147483647 -2147483647 -2147483647 -2147483647 -2147483647 -2147483647 -2147483647 -2147483647 -2147483647 -2147483647 -2147483647 -2147483647 -2147483647 -2147483647 -2147483647 -2147483647 -2147483647 -2147483647 -2147483647 -2147483647 -2147483647 -2147483647 -2147483647 -2147483647 -2147483647
-2147483647 -2147483647 -2147483647 -2147483647 -2147483647 -2147483647 -2147483647 -2147483647 -2147483647 -2147483647 -2147483647 -2147483647 -2147483647 -2147483647 -2147483647 -2147483647 -2147483647 -2147483647 -2147483647 -2147483647 -2147483647 -2147483647 -2147483647 -2147483647 -2147483647 -2147483647 -2147483647 -2147483647 -2147483647 -2147483647 -2147483647 -2147483647 -2147483647 -2147483647 -2147483647 -2147483647 -2147483647 -2147483647 -2147483647 -2147483647 -2147483647 -2147483647 -2147483647 -2147483647 -2147483647 -2147483647 -2147483647 -2147483647 -2147483647 -2147483647 -2147483647 -2147483647 -2147483647 -2147483647 -2147483647 -2147483647 -2147483647 -2147483647 -2147483647 -2147483647 -2147483647 -2147483647 -2147483647 -2147483647 -2147483647 -2147483647 -2147483647 -2147483647 -2147483647 -2147483647 -2147483647 -2147483647 -2147483647 -2147483647 -2147483647 -2147483647
13453 12080 12862 13888 14493 13486 12450 18788 15656 16041 14837 15594 12479 11032 12526 12441 14026 19406 25454 28950 33071 27701 26456 24202 22405 21489 19982 19221 18845 16370 14736 15773 15523 14616 13931 12985 13466 15768 16566 15273 15755 19451 19692 19102 21599 20773 23227 22553 21319 20287 23607 23055 23029 22734 21940 21758 22452 22830 23880 24725 25380 25598 24722 32018 42145 85569 56952 58858 65139 76482 109787 113291 107700 100535 94823 94678
52138 57003 48369 54130 65057 48691 47805 60869 63684 59059 57774 49706 42883 45456 47234 48881 60975 44910 49106 60410 61602 57303 56990 50571 47861 42388 39653 39551 38634 32054 29705 30315 29541 28415 28494 26761 29386 30754 30269 33649 34845 33777 27114 28662 26859 25935 25599 31450 29550 30328 29528 29326 31492 33142 33827 32647 30158 30267 28471 30627 32728 34165 36391 43798 47691 82774 59843 53337 60144 71871 110280 120116 106201 100184 116701 120371
51304 56198 46077 44208 59124 47638 53681 60590 51044 44180 41748 41424 41838 41170 50869 44462 49934 41661 40437 54202 53296 51611 50413 50584 46349 41131 39088 39870 40504 32492 30183 27967 28737 27545 28505 29863 31999 32721 32808 34666 36506 31993 29200 29147 30268 31307 26567 29770 27335 29269 31665 29605 32582 34356 33231 31818 29588 30816 31891 31613 33119 33794 36359 43430 45900 65844 68861 55617 57792 70868 98329 106644 94119 86406 113178 121737
57331 55805 39413 47524 50132 49764 59408 46860 41797 42995 41212 42895 41127 41278 44617 47664 40068 41969 48648 53164 47854 44836 44746 47457 50295 45289 40731 40562 35738 31895 31164 28618 27115 30150 33947 35124 34340 32383 31968 36346 35673 34951 29982 28360 29362 29954 32494 32058 36377 41867 38763 29086 27099 32097 30624 29539 29977 29633 28350 31014 31441 32211 35263 43674 44520 62263 71092 53815 54067 56642 88357 108073 119256 107281 99617 84149
52872 59353 45260 52500 39715 53701 64869 54889 50074 45400 41901 41074 42317 41699 38313 49603 39570 49326 62756 56218 45586 45199 46929 49090 48003 51605 50887 42913 33613 32518 32834 28959 29759 32643 33500 34452 33093 28870 28819 28931 32453 31825 27811 30701 32676 33760 35158 38196 45530 40879 40104 30805 27238 30964 31085 30581 30311 29817 30975 32875 29470 31526 36246 39282 43672 46623 50227 52767 56336 55002 63662 93749 105153 104774 90762 96825
46707 50791 50276 44611 44760 58852 59107 50981 51793 51860 47277 41577 46794 43275 37654 50046 44296 57134 66238 55547 46889 42053 45831 43911 48685 48650 45711 38523 37014 35402 33330 32810 33417 36534 37588 38704 38922 30560 28720 36140 36181 33778 34954 38761 41907 44949 41765 41211 45702 42374 38468 33160 31399 33065 35280 32342 31411 31110 32922 32082 30156 30899 35120 38659 41574 45815 49476 53336 56312 63304 60991 76544 78111 92859 88365 95593
46230 45609 51067 44471 52086 60013 52687 44071 54024 50313 45967 42665 39818 40754 43555 56867 42270 60451 57947 48028 46022 44207 45359 49194 49623 49801 50084 37508 37552 36908 37174 35976 36246 37127 38059 37942 34519 38412 49260 58233 53705 36999 36457 44995 49368 46451 42012 39223 39241 34755 35601 32224 32329 32445 34987 31912 31363 32039 33590 33927 32574 33862 38022 40443 40680 46637 51746 58505 56635 66442 66400 72219 77185 89066 79006 82432
46507 41717 41882 47109 49193 52880 50868 51487 53176 51445 45988 43311 41671 43581 42579 50467 44324 56315 62310 52122 49490 50040 49618 45742 46280 51951 45941 38568 33272 37167 38647 38574 36263 41212 39226 40284 41725 70639 68985 69174 69647 55705 41696 41633 49273 48782 45585 39447 35071 38245 37733 36453 37432 36417 30631 30480 29548 33287 32614 33906 30645 34914 37524 38909 41063 47296 51679 55580 54501 60046 54989 64915 68517 96665 107057 95527
42414 41216 46238 46274 43970 42628 42735 49543 56427 53754 47058 48204 47393 51006 50372 50185 44866 51872 58336 55194 52980 52455 52339 46805 42282 48795 48063 44755 46458 44241 44065 42686 43697 44369 42376 44954 61576 79570 65044 64322 67380 60039 42826 40244 42905 53458 52233 49061 40893 40415 37745 34479 36833 34863 33147 31562 31569 33664 33399 30926 29894 35573 38027 40492 44636 48447 48395 52935 51784 55666 55600 63306 63641 76549 92022 81228
43123 46225 45882 46046 47520 42678 37993 48426 53870 48188 45996 48308 44452 50169 52083 56608 50143 54593 54485 56348 51882 52837 49648 51902 51662 50131 45977 42868 37739 40227 42541 40443 39221 41827 42339 42282 49401 69095 65284 63900 65229 49148 41268 41484 41190 40540 50223 49754 45327 43095 39345 37006 37676 33453 32690 33396 33285 30529 31334 29877 29717 34681 37763 39844 43540 46094 48967 53059 55614 55612 59542 61760 71163 73759 71755 78607
44127 44942 45693 42710 43694 37968 40149 45651 47157 48960 49338 48396 49127 52681 45715 57993 58125 57556 53232 50219 47861 50940 49715 48796 45272 44862 44246 42420 39593 42672 44336 39130 37371 41210 45978 43600 43964 60116 63949 53284 51908 41226 43562 53436 53834 53244 43598 48702 44865 35596 38001 36249 35591 33188 30407 34229 36302 29946 30553 30646 32002 34543 35054 37281 43303 47365 49549 53027 61090 56707 60018 55369 58213 63725 70448 64896
43305 44878 42464 38151 41210 43738 42288 45059 47476 53159 54769 46805 51754 55134 52932 55448 53345 52129 52830 48400 48190 51181 49153 51369 44226 44893 46171 44360 40748 44459 42377 37066 36358 36911 41576 46335 46931 43536 42039 41740 38915 44125 51155 62517 46152 40657 37072 45782 42145 40376 38024 34927 33470 37918 34373 37077 32175 30033 30627 30310 32290 36243 39612 38802 43634 45248 50911 55270 62918 57435 58450 62454 67151 59926 74112 67153
44395 43098 39801 34190 37225 41383 41547 42411 51131 55969 62088 56644 56065 55888 51710 53310 49086 46463 49341 54752 54786 58772 55630 50983 43213 42117 41363 41192 39190 41800 45287 38886 38776 37033 40092 43732 46789 46398 48253 47509 44928 39614 42445 53737 61383 42155 36746 43218 44053 43957 39495 32351 32717 38944 33968 34122 34538 35906 34188 31532 33017 35702 39566 39379 46719 46169 52201 60209 57109 56953 55181 60381 66750 76152 70094 67099
46020 39578 34638 35472 38926 38529 42151 46740 54137 57600 58101 52674 58877 55336 51831 52057 49698 47347 46525 49048 53064 67600 60290 49672 46818 45199 42537 39010 37338 43313 45797 44232 40533 37746 37903 43675 45352 48026 47697 52149 48070 39934 41468 39636 36015 33280 35601 37831 45913 48940 46626 33951 34705 36241 33806 31807 33106 34050 36445 34207 32147 35953 37400 40634 45668 47025 42506 52549 67421 69681 64646 61283 60753 68308 59499 66090
39513 40805 39201 40468 39653 38107 43936 48929 52908 71665 57799 56059 55500 56581 53073 54466 48693 44709 47807 53506 51122 52561 51313 46567 43775 41555 43975 36702 36169 37842 39455 41725 39742 37271 37921 39786 44068 44448 42960 41414 41187 38788 35445 34949 35424 36457 36210 33203 40601 44603 35112 33395 34871 38130 34518 31912 33853 35576 37529 34933 33070 35324 37793 39860 46050 47234 46410 45752 68794 75399 73048 61018 69698 65242 64718 64874
30903 38359 35190 38973 38103 38789 48020 48284 55227 58201 49641 52002 48471 51694 47967 49364 46492 45803 49370 50771 49169 51896 49714 42518 42675 42350 43234 37872 36413 37339 37867 40397 37466 37539 39521 40829 39847 38856 39839 40883 37962 38121 34037 35436 34772 36934 37671 33702 40679 44060 36705 32699 36581 35131 33840 30957 33226 37127 35886 35750 33894 35006 37214 41698 47552 46276 42005 50022 67605 76580 60908 68676 74535 62843 64687 66430
30162 34524 34699 38345 36356 33781 44307 53946 49228 48512 48712 51056 46947 47226 45625 50007 43102 46237 45668 47449 46148 48152 45092 41105 44106 44627 39441 40055 37620 38214 37431 37314 35492 36781 39053 37463 37921 36003 36912 41168 36493 38495 35878 36782 37636 34936 35159 35063 37476 43371 39289 34822 34836 35189 33348 30966 33545 37894 37460 37265 36859 34759 35710 39446 43057 45880 43676 44632 52660 64899 57349 58933 53550 58534 62007 67118
25601 31309 31628 40851 38145 34542 44168 54205 49257 49602 51557 49931 45021 41519 46205 48299 45176 46210 46057 44486 46390 49232 46184 40909 44055 41651 39019 40231 38553 36764 36949 36110 36986 36647 37792 36863 37172 33975 34438 42341 41126 37917 37050 37240 39649 36460 35843 35567 35062 41315 40017 36112 34022 37563 34890 35693 37116 39110 35295 33473 34831 34519 34535 39200 41844 42527 45445 47133 54336 53308 56049 49402 54284 57013 68275 72317
31055 32281 29201 35160 41212 40095 42565 47609 46870 53690 51049 49027 45236 41179 46134 38771 43014 43772 44542 41132 40645 46359 45011 39185 41664 38817 39435 39483 38891 38276 37650 34039 33223 35505 36513 35372 34779 35375 35553 38353 37003 37473 36977 37437 39957 35867 39741 32997 37005 37851 36413 32660 42304 33499 38469 41534 41636 37704 34263 37418 35928 33775 35038 38647 41405 39082 41573 45049 53190 56869 62370 56771 59278 58173 59629 66015
30144 42087 32570 29586 38743 45113 47974 49293 53035 50466 46278 47667 41799 38207 46278 43018 43228 47667 43465 41383 45375 48762 40974 43321 40442 34775 34729 36020 36951 35666 36586 34018 29871 31252 35681 35496 33969 35299 37569 36651 34989 34245 37097 37328 37599 33666 37676 33688 36410 37041 34443 32168 42331 31185 44191 41961 40929 38531 37155 38903 38687 36011 35687 35399 39564 39890 41984 46375 47731 46014 48273 62768 63736 66356 79607 62450
30621 45791 42444 36039 42420 46522 47577 49669 49087 42310 46046 47566 37844 38061 44440 44401 47183 45681 47644 42156 44000 47006 44126 42010 41413 38763 34497 34774 36598 35445 35867 33791 31884 30656 33847 35792 35546 33943 35585 36044 35590 34130 34218 36549 36808 35903 34888 34486 35498 40279 40664 38273 42447 33438 45946 43480 41975 40331 38630 39799 41182 37505 37498 34854 38561 41473 42005 45118 48167 48971 59603 63742 61917 69070 65920 69521
31971 42948 43140 41342 44958 44258 46354 47186 44638 42383 46818 43744 43203 43662 43871 44898 45403 43375 43768 42618 44149 46953 44189 42452 39870 39283 34640 35843 36729 33470 32400 31675 31807 31050 33575 33429 34313 33144 33142 34115 32603 33798 32298 36778 36101 35535 33334 33771 32817 40305 38995 43937 36808 42229 43573 41734 41714 39368 42230 41361 37462 38394 36696 35576 36056 38989 41026 46710 49108 47549 53135 59857 58073 64140 59228 53800
35583 37992 40323 45311 45896 41689 46081 41164 42064 42399 42501 44830 44725 44653 40961 43315 43991 45110 50247 46150 42407 45797 44199 42421 39377 39520 32977 35262 35057 33209 29965 35163 33289 31786 32881 31923 32407 33352 30865 31252 31437 33496 33469 35669 36823 36025 35374 34650 30767 38988 39787 39888 41332 42480 44518 42758 43355 42767 45709 41669 37872 37692 35433 35028 34714 37573 41688 46332 54029 50559 61285 69719 61198 63639 50922 54727
31308 42123 40648 44216 43740 44538 41611 43208 42832 40428 41671 40855 39218 42131 40459 42273 48744 48303 46946 45569 44918 46185 45056 41187 36632 36479 32770 31190 33636 32708 29672 37395 35458 33324 32894 33294 30975 34022 30566 30570 33259 35228 33246 32549 33512 33032 34731 32966 31794 35448 40307 35663 39101 40222 44112 45513 44120 45538 50135 44858 39987 39238 37279 35544 35190 35917 36390 41240 49338 66974 71511 80315 80971 61980 59338 56051
29708 40362 40660 39572 45775 45368 41368 41861 39724 39340 42062 39155 38403 41481 43335 43484 50606 50264 49416 46708 42646 42714 37859 39534 37248 36273 36074 30660 33427 33106 31037 36318 34392 33462 32584 32677 30707 33778 31344 33452 36495 35477 32878 33757 33506 32265 32203 35537 35221 34123 45618 36723 40175 39500 42840 44362 44405 45626 45644 47222 40579 38844 40548 37213 38619 40855 39075 43150 51139 76963 70858 65948 58629 62154 65628 70167
27604 38658 40458 37455 39317 46171 39195 41667 39109 39273 41086 41098 44987 44349 43643 41435 45412 44928 47988 43644 39504 39376 36870 36781 36549 36129 36620 34341 35253 34866 31536 34308 34362 35016 32855 33883 33255 32319 31645 33615 35059 35434 34105 31958 33571 30082 32119 35946 37259 35175 38674 38227 38983 38292 45994 49495 42744 45269 48017 43511 40871 38784 41373 38868 43375 50627 45861 43974 50767 78344 62369 54238 62696 69858 69127 73295
27963 38188 36895 36380 39449 41829 42361 44903 40966 42561 42722 44358 45480 44711 41503 39680 42094 41269 43183 39543 37973 36549 36485 35885 34750 37160 33916 31874 33345 32479 31686 33027 35267 35975 33416 32153 32310 32807 31215 32925 34524 33927 33431 30685 30891 30015 31669 31907 37365 34881 36850 40554 37688 39591 43357 47551 45336 47932 46104 40339 42081 43385 47007 47315 48907 49347 54388 44098 49950 72399 48080 45482 47063 60243 66262 67773
30993 39383 37746 38652 37070 39272 41541 48215 42871 43024 41058 43449 41867 41076 38917 40666 41682 41556 39902 37071 36384 36794 35999 35448 34100 36881 34089 32360 32999 30906 31913 32044 33560 32917 31622 33173 31358 31282 29443 31775 32709 34022 34067 31276 30891 30906 31929 35181 35818 37480 37334 37265 38741 40128 39328 46346 45386 48479 42257 41247 46060 46563 54145 52197 51532 48987 49459 47470 45467 59490 42801 50713 50201 53029 57111 73520
27225 44243 37910 38397 41062 41012 43320 39810 42744 43433 42661 41473 38592 40146 40934 40602 36649 35489 37903 38577 37244 36506 35900 35329 38329 38805 37378 34394 32625 31291 31563 30114 31411 32665 33366 34423 31479 30266 29682 31242 32882 32656 34374 32192 31872 28931 32975 36912 40599 40900 37711 40195 39648 37889 38909 45137 47713 49341 44926 41135 43409 50493 50300 50192 51176 52185 48798 47447 41346 42593 45458 52631 57793 58218 64393 72859
30343 40513 37991 41011 45850 44707 51470 42801 42692 42230 42320 40452 38712 39601 39458 37631 35667 34807 36039 34898 37584 37618 36823 37899 37541 38227 37551 35541 34009 30778 31330 30839 29384 32642 31687 33787 33059 29766 30514 30922 32131 32633 33060 31547 32219 32485 35355 36895 40532 40678 41644 45329 44072 39324 45557 47759 50528 46117 42660 41846 38797 42612 43661 49299 44973 44016 51036 53422 44182 46276 44832 49117 53872 45619 59676 89281
25780 41879 41746 40908 42264 45156 43009 44140 42073 43673 42240 37928 35310 32306 34493 37139 35760 36222 36509 34042 36486 36212 35226 37725 39917 37232 37875 36692 33373 32299 32593 32781 31651 32363 32050 31571 31584 29070 30380 32150 33322 33332 32381 31039 31036 35115 35634 39271 37648 40259 41866 45344 40171 38166 44712 45450 43335 42615 41028 40694 36748 38360 49508 52035 45239 41032 44027 48727 49945 50928 39783 46162 47740 49834 76076 73136
26210 40687 51085 44624 38544 43153 40355 43575 38262 41355 40087 39136 37351 35785 36398 35806 37381 38392 36028 34443 34378 33903 34431 35866 36690 33734 37598 36632 33283 30232 31115 32879 32157 32033 31685 36281 32344 29234 29339 31119 31492 33651 31450 30247 30803 35752 35822 36831 37747 38048 41644 44739 45483 40870 42161 41730 39971 40135 40658 38933 37975 41565 41739 47196 42867 43189 43928 53195 63320 66755 55564 47068 51179 50960 50859 55205
