includes/gis/MODIS_ASCII/mod13q1_ndvi_2006_081.txt
ncols         829
nrows         925
xllcorner     164106.58989296
yllcorner     9637524.0094144
cellsize      264.9945474373
NODATA_value  -9999
[rows 74 to 110 of 925, columns 252 to 335 of 829]
3992 4077 4077 4460 4460 4140 4124 4074 4030 4030 4575 4627 4627 4702 4624 4624 3877 3877 4440 4884 4884 4884 5488 4955 4955 4996 5184 5184 5694 5694 5817 5817 5448 5448 5602 5374 5374 5477 5477 5386 5386 5699 5699 5699 5988 6035 6035 6035 6326 6326 5516 5419 5469 5133 5577 5319 5319 6226 6123 6123 5782 5471 5161 5715 5715 5437 5745 5670 6039 5804 6236 7199 7124 6991 6845 6779 6682 6848 6764 6446 6143 6162 6154 5932
4142 3949 3949 4096 3782 3782 4280 4280 4190 4298 4298 4407 4497 4497 4934 4934 4585 4585 4585 4494 4494 4884 5488 4955 4955 4955 5342 5342 5811 5811 5817 5817 5448 5448 5448 5149 5149 5184 5184 5073 5386 5699 5699 5699 5868 6504 6504 6621 6621 6621 6044 6044 6009 6009 5984 5319 5319 5856 5725 5725 5834 5637 6171 6096 5715 5437 6267 6967 6556 6462 6462 7199 6964 6889 6465 6464 6612 6616 6597 6465 6445 5859 5779 5561
3776 3795 3859 3859 3939 3939 3712 3712 3697 4000 4298 4408 4125 4192 4342 4342 4666 4585 4585 4494 4494 5069 5069 5076 5076 5615 5615 5342 5811 5811 5478 5478 3874 3874 3874 4387 4387 5184 5073 5073 5073 5481 5481 5743 5743 6070 6504 6621 6621 6621 6783 6783 6132 6132 6228 5524 5524 6242 5707 6037 6037 5637 5637 6510 6596 6451 6986 6424 6424 7207 6462 6848 5774 6083 6083 6595 6244 6434 6262 6262 6270 5839 5516 5620
3776 3795 3869 3869 4196 3974 3974 3801 4410 4410 4527 4527 3982 4322 4342 4342 4666 4666 4666 4787 4787 4983 4983 5076 5076 5615 5615 5615 5815 5815 5927 5927 5419 3874 4387 4387 4387 5758 5193 5193 5193 4931 5481 5743 5743 6070 6070 6315 6315 6315 6366 6366 6132 6228 6228 5630 5926 5926 6057 5563 6037 5502 5972 5972 6699 6483 6483 5715 6468 7048 6744 6744 6004 5797 6083 6595 6750 6846 6897 6261 6261 5619 5516 5516
3783 3745 4105 4105 4014 4147 4147 3801 4508 4508 4578 4527 4070 4624 3858 3858 3793 3793 3762 3762 4787 4983 4983 5316 5316 5478 5478 5478 5621 5621 5927 5927 5419 5419 5469 5469 5469 5987 5193 5193 5193 4931 4931 5215 5215 5215 4945 5567 6315 6366 6366 6366 6421 4921 4921 5080 5270 5270 5488 5832 6377 6683 5604 5604 6699 6321 6321 5744 5795 6777 6644 6644 5777 5797 5797 6000 6577 6577 6084 5549 6261 5619 5996 5996
3771 3771 3990 4025 4025 4147 3607 3741 4508 4508 4578 4578 4578 5115 5115 3901 3793 3793 3762 3762 3762 4924 5741 5741 5741 5428 5478 5621 5621 5621 5778 5778 5778 5778 4995 5469 5987 5987 4843 4843 5389 5389 5389 5532 5532 4899 4899 4911 4911 5741 5741 6299 6018 4563 4493 5080 5295 5480 5480 5808 5775 6330 5604 5604 6451 7009 7009 6371 5593 5890 5414 5777 5777 5711 5883 5883 6020 5990 6084 5549 5549 5201 5387 5745
3753 3753 3835 4025 4025 4456 3710 3854 4480 4480 4628 4628 4890 5115 5115 3478 3478 3478 4480 4480 4480 4813 5741 5741 5741 5428 5428 5502 5502 5502 4995 5778 5778 5778 6035 6035 4957 4957 5578 5578 5524 5524 5524 6210 6210 5868 5153 4911 4911 5741 5741 5725 5725 5725 5397 5743 5818 5818 5855 5199 5865 6330 6210 6210 6802 7127 6712 6712 5593 5397 5163 5255 5256 5301 5715 5715 5982 5990 5956 6137 6048 6048 5409 4853
3615 3753 3835 3897 3897 4361 4037 4049 4574 4485 4485 4628 4863 4890 4890 3551 3551 3551 4480 4480 4813 4813 4813 5472 5472 5021 5021 5094 5094 5094 5285 5712 5712 5958 6035 6035 4957 4957 6067 6067 6326 6326 6099 6210 6210 5868 5153 5153 5153 5116 5116 5223 5223 5725 5397 5743 5743 5743 6114 5199 5865 5994 5770 6083 6083 6852 6336 6712 6451 6223 6013 5630 5409 5236 5577 5577 5982 5631 5631 5859 5752 5752 5976 4853
3615 3703 3703 4142 4572 4572 3998 4049 4574 4647 4647 4673 4996 4996 4996 3457 3281 3281 4054 4054 4413 4413 5001 5145 4730 4674 4674 4927 4927 4967 5285 5712 5712 5958 5958 5958 5685 5685 6110 6067 6326 6326 6099 6099 6099 6785 6705 6705 6705 5116 5116 5223 5223 5223 4791 5100 5100 5100 5081 5819 6235 6493 5651 5604 5604 6852 6336 6336 6283 5777 5777 5084 5409 5409 4645 5511 5511 5291 5291 5230 5243 5752 5976 5598
3476 3480 3480 3537 3861 3861 3998 4326 4326 4389 4413 4413 5090 5070 4760 4760 3461 4063 4063 4054 4213 4249 4249 5046 4867 4730 4831 4831 4927 4830 4967 5535 5535 5978 5978 5978 5685 5685 6110 6110 6289 6289 5975 5975 6488 6488 6705 6705 6084 6084 6084 6184 6184 5604 5604 5100 5100 5081 5081 5053 5579 6563 6047 5604 5604 5338 5294 6106 6106 5542 5542 5084 4918 4918 5197 5295 5168 6002 5801 5801 5687 5374 5374 5516
3443 3738 3773 3885 4133 4030 4030 5035 4955 4597 4576 4576 4779 4779 4859 4654 4673 5057 5117 5117 4967 4967 4872 4872 4902 4867 4961 5064 5064 5068 5068 5264 5264 5855 5978 5428 5515 5515 5752 6330 6330 6330 5975 5975 6488 6488 6424 6424 6076 6076 6076 5660 6184 5604 5604 4982 4982 4753 4753 4747 5221 4588 6047 4742 3763 3763 3533 4544 4544 2837 3132 3132 3720 4300 4300 3971 5284 5585 5702 5702 5598 5680 5680 5373
3443 4147 4181 3773 3913 3986 3986 4757 4757 4597 4597 4779 4779 4779 5058 5058 4873 5053 5057 5025 5025 4967 5107 5024 4936 4936 4796 4796 4961 5197 5197 5000 4987 5657 5657 5701 5701 5701 5506 6092 6092 6330 5967 5967 6303 6303 6382 6382 6076 6076 5660 5660 5660 6355 5791 5791 5791 5561 4753 5694 5694 5694 6025 4442 4525 4222 4148 4820 3849 3470 3536 3536 2966 3498 4300 3971 4630 5183 5467 5692 5361 5685 5558 5373
3451 3989 4181 4143 4429 4669 4669 4732 4469 4469 4546 4434 4559 4559 4799 4982 4982 5022 5053 5047 5034 5034 5022 5022 4946 4946 4801 4801 4796 5197 5256 5187 5187 5610 5610 5696 5696 5264 5264 5023 5023 5687 5687 6017 6001 6001 6430 6382 6186 6186 6459 6459 6315 6315 6699 6699 6699 6154 6154 6624 5694 5694 6025 5351 4996 4222 4222 4673 4173 4173 3851 4239 2966 3498 4478 4478 4669 5165 5280 5692 5692 5685 5558 5558
3369 4126 4126 4127 4190 4476 4476 4722 4826 4859 4859 4432 4434 4700 4700 5085 5132 5129 5129 5268 5268 5047 4941 4944 4914 4914 5064 5064 5064 5264 5264 5267 5175 5175 5401 5266 5538 5147 5147 4868 4868 5502 5566 5566 5944 5944 5664 6102 6102 6364 6349 6415 6505 6505 6674 6674 6520 6520 6154 6992 6624 6249 5087 5751 4996 4352 4352 3911 2840 3850 3851 4239 4239 4750 5108 5108 5553 5783 5280 5420 5702 5702 4789 4985
3387 4049 4024 4024 4190 4190 4426 4426 4826 4826 4859 4534 4432 4712 4742 4742 5177 4989 4989 5169 5268 5268 5011 5015 5015 5015 5024 5024 5268 5268 5264 5325 4840 4840 4707 4707 4733 4590 4740 5331 5331 5502 5502 5918 5918 5944 5625 5599 5599 5599 5977 5977 6462 6462 6324 6502 6164 6368 6368 6428 6428 6465 5087 5112 5112 4024 3988 3988 4646 5536 4917 4954 4954 4564 3761 3761 5267 5783 5733 5398 5484 5484 5582 5445
3387 3463 3463 4024 3835 4083 4112 4101 4453 4821 4821 4568 4568 4622 4712 4712 5177 5078 5131 5006 5006 5006 5026 4801 4762 4762 4571 4571 5109 5109 5032 5099 5265 5288 5288 5344 5344 4699 4699 5196 5196 5680 5653 5606 5772 5772 6018 5679 5679 5888 5888 5977 5823 5955 5925 5925 6164 6164 6051 6051 6428 6010 5533 5269 5269 5071 4997 4997 4646 5536 4971 4299 4065 4065 4120 5267 5267 5900 4870 4422 5101 5101 5223 5445
3469 3390 3390 3859 4075 4075 3771 4112 4380 4453 4728 4658 4658 4529 4650 4650 5268 4943 5031 4926 4945 4838 4912 4912 4734 4427 4427 4427 4817 4874 4983 5028 5106 5106 5283 5283 5283 4755 4699 5090 5090 5708 5708 5606 5606 5964 5964 6264 6184 5844 5717 5717 5881 5881 5936 5936 5663 5824 5545 5842 5842 5598 5428 5159 5159 4936 4997 4997 4900 4270 2875 3808 4648 4065 4120 4947 4947 5214 5486 4884 5189 5223 5223 5200
3522 3559 3559 3632 3705 3472 3472 4148 4084 4084 4353 4343 4495 4495 4596 5044 5047 4998 5013 4988 4988 4838 4838 4768 4734 4500 4592 4592 4989 4989 5150 5138 5138 5138 5343 5336 5336 5349 5349 5299 5653 5653 5653 5768 5619 4906 5130 5664 5664 5844 5844 5797 5797 5797 5041 5177 4408 4408 5029 5545 5346 5346 4525 5165 4936 4936 4777 3388 3388 3455 3336 3079 4648 4648 3888 4160 5308 5308 5378 5378 5712 5583 5583 5076
3797 3578 3745 3745 3610 4199 4199 4148 4342 4342 4458 4469 4609 4609 4609 4941 4970 5096 4953 4953 4988 5067 5128 5034 5116 5146 5146 4967 4967 4967 5090 5150 5371 5371 5386 5386 5445 5445 5445 5272 5270 5500 5500 5676 5676 4964 4964 5159 5159 5679 5574 5574 5611 5611 4865 4191 4191 4191 4822 5029 4670 4955 4955 5165 4398 4398 3707 2974 2679 3715 3520 3520 3051 3194 3194 4499 5282 5308 5397 5397 5323 5110 4836 4836
3797 3494 3478 3478 3453 4000 3955 3955 4003 4003 4118 4458 4610 4610 4609 4947 5055 5055 5075 5045 5045 5025 5025 4372 5034 5140 5687 5283 5253 5253 5485 5485 6041 5340 5237 5237 5217 5354 5354 5128 5420 5420 5420 5293 5293 5152 5152 5327 5327 5751 5751 5542 5755 5755 5022 4971 4721 5187 5480 5480 5113 5113 5093 4550 4633 4068 4068 2974 2679 2679 3593 3593 2833 4213 4213 4499 5282 4790 4566 5388 5388 5201 4836 4836
3935 3746 3635 3467 3467 3671 3671 3671 3969 4066 4066 4118 4669 4688 4688 4810 4863 4910 5077 5077 5004 5004 5004 4471 4372 4264 4747 4861 4861 4861 5528 5528 6201 6041 5388 5265 4823 4823 4823 5112 5672 5672 4646 4502 4502 4876 4876 5209 5209 4963 4995 5238 5238 5238 5264 5035 5035 5084 5084 5123 4770 4770 4878 4811 4665 4293 4068 2678 1943 1943 2248 2248 3440 4213 5516 5516 5161 4816 4428 4856 4856 5201 4621 4621
3908 3788 3607 3400 3467 3714 3714 3973 3973 4404 4452 4452 4927 4927 4840 4840 4852 4861 5180 5077 4936 4936 4964 4879 3888 3707 3707 4685 4685 5612 5612 5732 6122 6122 6025 6025 4818 4818 5878 7008 6837 6927 5700 5700 4996 4996 4924 5046 5046 5208 5208 5204 5204 5529 5529 5295 5278 5412 5412 5412 4364 4364 4406 3908 4665 4293 4293 3944 3044 2745 2745 4638 3440 4320 4722 4722 5116 4974 4211 4856 4856 4954 5082 4911
3779 3778 3607 3400 3400 3627 3542 3974 3974 4404 4404 4944 4944 4927 4614 4614 4814 4814 5254 5256 5108 5032 5032 5098 3899 3888 3888 4561 4647 4966 4952 6095 6011 7267 7259 7259 7457 7457 7118 7118 6816 6837 5864 5834 5578 5578 5578 5140 5231 5231 5208 5377 5261 5425 5425 5225 5225 5352 5352 4451 4451 4277 4028 3908 3516 3928 4098 4098 3817 3782 3782 4638 4638 5182 5479 5479 5097 4744 4211 4941 4717 4717 4900 4773
3858 3442 3442 3532 3496 3627 3627 3991 3991 3876 3843 3886 3888 3888 4396 4396 4735 4735 5213 5254 5163 5163 4954 4954 4877 4877 5808 5808 5653 5985 5693 6374 6374 7267 7267 7535 7535 7457 7427 7434 7064 7064 5860 5860 5650 5650 5302 5302 5599 5391 5391 5317 5317 5272 5272 5332 5225 5037 5019 5019 4597 4597 4122 4361 4361 3902 3564 3564 3602 3782 3782 5075 5075 5300 5812 5235 5097 4744 5315 5617 5227 5227 5116 4101
3669 4488 3850 3850 3814 3814 3814 4110 4110 4261 4261 3886 3941 3941 4216 4216 5167 5158 5405 5500 5500 5437 5446 5338 5554 5654 6813 6811 6811 6994 6994 6521 6521 7197 7207 7335 7301 7301 7221 7221 7090 5929 5929 5860 5690 5674 5674 5709 5787 5599 5426 5426 5426 5661 5442 5699 5699 5326 5326 4698 4698 4132 4132 5807 5807 5148 4760 3564 3602 3877 3771 3705 3950 3950 4163 5235 5235 5099 5137 5419 4236 4769 4769 4850
3586 4074 4074 4766 4549 4549 4775 4775 4775 4963 4963 4216 4216 4216 4216 4216 5167 5167 5560 5560 5394 5394 5446 5446 6664 6635 6813 6813 7013 7013 6994 7337 7244 7438 7438 7104 7335 7116 7116 7116 6611 5995 6211 6211 6252 6252 5707 5707 5816 5787 5781 5627 5627 6417 6417 5598 5136 5136 5136 4988 5053 4798 4798 5892 5793 5148 4760 4871 4871 4549 4333 3727 3253 3532 3532 4880 4601 4601 4060 4340 4209 4400 4400 4375
4007 4766 4766 4766 4649 4649 4600 4600 4600 4963 4216 4216 4216 4255 4255 4255 4909 5525 5525 5560 5394 5394 5189 5189 6719 6719 7668 7118 7022 7056 7056 7206 7485 7485 7485 7128 7104 6799 6943 6943 5836 5995 5995 6289 6289 6289 6426 6262 6270 6270 6277 6277 6564 6564 6564 6352 5935 5203 5203 5265 5265 4906 5326 5307 4755 4755 4416 4006 4006 3837 3285 3668 4810 5086 5086 5335 6319 6319 4060 3956 3613 4710 4987 4987
4077 4280 4242 4589 4589 5547 4600 4600 4600 4949 4266 4266 4266 4271 4271 4271 4909 5525 5525 5525 5363 5366 5366 5366 6868 7668 7668 7668 7469 7022 7022 7179 7206 7436 7436 6975 6975 6154 6154 5981 5981 6253 6188 6188 6616 6616 6697 6697 6523 6523 6465 6465 6423 6425 6471 6333 6360 6360 6580 6676 6676 5450 5557 5557 3999 3907 3907 4515 5563 3837 4173 4068 5023 5638 5638 5335 6319 6319 5713 2480 2480 3285 3688 3688
4112 4229 4261 4492 4797 5547 5176 5176 4956 4956 4489 4489 4266 4271 4271 4658 4658 5466 5466 5466 5316 5366 5366 5366 6868 7724 7724 7724 7158 7158 6865 6865 6865 7337 6872 6872 6872 5973 6154 5848 5780 6274 6274 6457 6787 6457 6593 6593 6278 6278 6592 6592 6493 6493 6405 6405 6666 6666 6666 6128 6410 5819 6176 4759 5097 5622 5622 4515 5563 5563 5290 4569 4784 4573 5335 5335 5569 5946 5946 4317 4317 3313 3688 3688
4168 4109 5196 5491 5491 5491 5002 5002 4254 4956 4489 4489 4489 4809 4809 4959 4959 5466 5466 5466 5316 5310 5310 5310 6206 7543 7724 7724 7158 7158 6112 6112 6865 6131 5803 5803 5803 5814 5814 6303 6303 6583 6583 6215 6215 6493 6493 6493 5979 6397 6397 6468 6600 6600 6600 6660 6941 6941 6343 6343 6128 5752 5811 6674 6796 5622 5622 5340 5827 5827 6394 5266 5266 4573 4631 4631 5134 6060 6060 4975 4317 3313 3180 2799
4403 4168 5219 5516 5491 5002 5002 5002 4254 4254 4500 4500 4523 4523 4809 4959 4959 5105 5105 5065 5065 5331 5331 5310 6206 7543 7543 7350 7388 7350 6195 6195 5654 5654 5993 5993 6298 6298 6298 6249 6249 6583 6583 6215 6215 6383 6383 6383 5664 6591 6591 6397 6736 6736 6725 6725 6682 6730 6930 6930 6930 6406 6065 6502 6796 6024 5754 5754 5681 5740 5740 6282 5266 4739 4605 4605 4841 6794 6937 4975 2402 2402 3223 4323
4515 4032 5219 5516 5516 5795 4785 3614 3619 4937 4699 4517 4523 4523 4523 4254 4254 5081 5081 5251 5251 5005 5005 5358 5358 7473 7473 7388 7388 7388 6159 6159 5429 5667 5772 5772 6520 6520 6249 6249 6249 6200 6339 6339 6339 6603 6603 6928 5664 6591 6591 6935 6935 6935 6548 6548 6682 6682 7039 7039 7114 6218 6065 6502 6977 6862 6958 6958 7051 6739 5740 6282 5947 6150 6645 6971 6971 6900 6937 6687 4723 4723 2652 2477
3813 3400 5252 5252 5252 5307 4192 4192 3929 5253 4942 4942 4378 4439 4439 4323 4323 4885 4885 5216 5216 5005 5005 5358 5358 7342 7342 7241 7241 5756 5756 6159 5429 5667 5667 5667 6745 6520 6388 6388 6388 6504 6555 6555 6339 6603 6603 6928 6928 6935 6935 6918 6918 6935 6548 6548 5881 5881 6598 6598 7385 6218 6218 6335 6865 6636 6476 6476 7051 6739 6244 6244 6995 6995 7145 7181 6971 6900 6952 6304 5965 3780 3780 3780
3860 3502 4807 4807 4547 4503 4503 4929 4944 4683 4942 4942 4378 4378 4502 4502 4502 4665 4885 5216 5216 4793 4793 5561 5561 7488 7488 7241 7241 5756 5756 5756 5162 5390 5390 5390 6026 6745 6130 6130 6130 6504 6555 6555 6555 6168 6168 6734 6734 6935 6935 6918 6918 6918 6222 6222 5126 5163 5163 6598 7385 7385 7324 7324 7098 7098 6781 6465 6465 7126 6969 6969 7204 7204 7246 7239 6921 6921 6391 5988 5367 5562 4765 4765
4468 4468 5448 5502 4667 4577 4498 4683 4683 4683 4749 4535 4535 4535 4340 4502 4502 4665 5041 5041 5041 4978 4978 6344 5561 7488 7488 7016 7016 5695 5695 5695 4766 5390 5390 6026 6026 6026 5878 5878 6260 6260 7109 7109 6686 6686 6168 6734 6734 6832 6832 6323 6323 5698 5698 5698 5126 5163 5163 5163 6540 6540 7625 5446 6276 6276 6687 7187 7187 7200 7217 7146 6946 6838 7000 5945 5463 5463 6186 5988 5367 4955 4955 4955
4551 4551 5252 5079 5079 4884 4631 4450 4450 4450 4644 4535 4535 4535 4340 4340 4340 4418 4438 4438 4438 4978 6344 6344 6344 7305 5596 5596 5596 5695 5695 4766 4766 4468 4468 4800 4800 4800 4842 5878 6265 6265 7109 7109 6686 6686 6686 6573 6573 6993 6993 5673 5673 4040 4040 4040 4919 4808 4808 4808 4657 4657 5218 5598 5204 5119 4942 5562 6446 7115 7123 6901 6560 5745 5745 5050 4871 5387 6294 5481 4533 4122 4122 4250
5770 4310 5652 4337 4337 4906 4906 4461 4450 4644 4644 4792 4792 4792 4625 4625 4539 4539 4438 4438 4438 4953 6652 6652 6652 7110 5596 5596 5596 5094 5094 4792 4792 4792 4351 4800 4800 4800 4842 4842 5003 5003 6939 6226 6285 6921 6693 6693 6693 6122 6554 6554 6554 4707 4040 4919 4919 4665 4665 4430 4095 4086 4236 4375 4264 4636 5179 5179 6428 6428 5962 4944 4663 4870 4870 5064 4776 5582 5582 6533 5562 4358 4122 4250
