includes/gis/MODIS_ASCII/mod13q1_ndvi_2010_033.txt
ncols         829
nrows         925
xllcorner     164106.58989296
yllcorner     9637524.0094144
cellsize      264.9945474373
NODATA_value  -9999
[rows 494 to 531 of 925, columns 84 to 167 of 829]
4043 2870 2310 2731 3155 3119 2460 2392 2557 2650 2442 2442 1531 -1891 -1891 -9999 -9999 725 2386 2386 1765 1765 2164 2339 2242 2462 2462 3301 2925 2925 2915 2734 2839 3141 4719 4819 4819 4560 4172 5179 5345 4839 4970 4806 4660 4579 4262 4262 4262 2646 2720 3137 3137 3649 3669 3354 2818 2610 2454 2366 2752 2752 3069 3800 3727 3121 3121 3880 3780 4100 3987 3987 3115 3321 3358 3358 3518 2947 2863 3106 3020 2852 2560 2332
4098 2805 2417 2556 2593 2365 2228 2156 2787 2787 2581 2381 975 -1563 -1563 -1981 -9999 -93 2211 2315 1838 2149 2230 2181 1851 2134 2134 3078 3299 3299 2846 2673 2616 2766 4705 5148 4619 4619 4172 4877 5772 5794 4660 4794 4794 4579 4248 4115 3484 2681 2717 2926 3818 3818 3509 2940 2832 3227 2564 2366 2282 2401 2401 2346 2787 3160 3783 3783 3458 3968 3571 3101 3115 3652 3422 3691 3691 3351 3033 3106 3026 3071 3065 2788
2791 2791 2299 2556 2510 2426 2092 2092 2631 2707 2435 1345 691 -1196 -1855 -1981 -1981 688 2204 2231 2231 2327 2325 2085 1835 2085 2744 2744 2855 2674 2674 2606 2606 3333 3348 3447 3431 3431 3175 3175 4033 4209 4968 5148 4794 4918 4955 4608 4060 2925 2918 2926 3369 3369 3381 2525 2166 2303 2564 2217 2209 2245 2333 2894 2787 2923 3638 3440 3440 3745 3244 3101 2791 3744 4015 4113 3617 3617 3033 3042 2875 2893 2643 2752
3248 2248 2299 2325 2200 2103 2179 2118 2707 2809 2263 355 -324 -1564 -1605 -1605 -1658 668 2112 2103 2103 2289 2313 2313 2355 2302 2601 2601 2852 2568 2568 2628 2628 3235 3235 3165 3177 3304 3099 3517 3517 3463 3463 3920 5182 5182 4781 4142 3722 3184 2918 2968 3277 3317 2809 2809 1872 3373 2961 2961 2711 2732 2444 2894 2894 3105 3646 3881 3881 3238 3244 2961 3326 4528 4720 4347 3728 3617 3616 3738 3172 2812 2888 2953
4197 2248 2248 2294 2035 2103 2179 2179 2785 3059 3059 282 -154 -154 567 899 899 1902 2168 2085 2864 3143 2437 2472 2402 2482 2870 2694 2810 2678 2678 2795 3195 3380 3150 3057 3101 3101 3148 3343 3343 3652 3501 4152 4736 4490 4490 4419 3698 2575 2575 2768 3498 3577 2777 2364 2364 2672 3596 3668 3668 2916 2444 3017 2943 2857 3271 3594 3132 3238 3038 2846 3462 4935 5015 4361 3728 4297 4297 4377 3557 2770 2888 2953
3860 2236 1944 1944 2183 2183 3767 3767 5090 3059 3059 2547 2117 2117 1892 1880 1880 2252 2252 2036 2821 3143 2498 2498 2462 2520 2848 2848 2707 2687 2687 2734 3155 3342 3095 3095 3295 3341 3341 3958 4196 3582 3582 3665 3907 4755 3589 3914 3214 2797 3134 3134 3676 3749 2777 2206 2206 2235 2791 4022 3345 2916 2940 3258 2764 2731 3352 3177 3132 2728 2728 2667 3890 4823 5015 4361 4087 3829 3737 3737 3400 3283 2732 2732
2602 2002 1847 2170 2446 3167 3167 4589 4815 3526 2832 2832 2359 2359 1775 1880 1880 2186 2186 2026 2411 2411 2515 2498 2462 2787 2932 2638 2638 2600 2574 2720 3151 3151 3399 3399 3293 3575 3575 4326 3413 3413 3886 3886 3988 4755 3887 3233 3233 2956 2894 4013 4013 3749 3081 2734 2537 2537 2674 3081 3345 3345 2939 3511 3126 3527 3928 3177 3433 3174 3174 2781 4214 5099 5432 4989 4305 3756 3244 3227 3409 3361 2633 2718
2471 2159 1847 2141 2457 3911 3167 4589 4456 4456 4952 4952 3940 2571 1775 1890 1890 2492 2120 2012 2346 2411 2515 2758 2758 3138 2806 2657 2638 2600 2699 2699 3308 3308 3465 3533 3533 4211 4211 3703 3199 3199 3875 3875 3956 3410 3468 3245 3201 3072 3261 4246 4013 3290 2999 2944 2740 2714 2313 3081 2510 2815 2815 3508 3645 3812 3928 3626 3752 3670 3285 3285 4607 5099 4863 4863 4284 3999 3861 3227 3637 3637 2436 2444
2825 2106 2290 2392 2976 3911 3911 4740 4691 4691 5266 5266 3940 2571 2571 4318 4318 3334 2374 2012 2346 2346 2410 2605 2605 2965 2782 2657 2657 2867 3147 3147 2950 3604 3047 3644 3644 4576 3083 3083 3199 3199 3644 3644 3457 3033 3273 3106 3106 2985 3147 3529 3529 3199 2767 2921 2945 3160 2313 2930 2591 2891 3337 3337 3740 3812 3650 3650 3459 3751 4955 5336 5336 4535 5006 4702 4702 4058 3861 4152 4100 4100 3020 2889
2565 2106 2238 2622 5297 6544 4540 4540 4201 5629 5266 5266 4561 3478 3478 5371 5371 4541 2374 2374 2460 2366 2366 2706 2706 2674 2544 2419 2605 2605 2959 2950 2950 3138 3068 3403 3403 3911 3080 3083 3080 3282 3631 3631 3182 3036 3273 3005 3005 2966 3186 3316 2961 2882 2882 2850 2907 3109 1959 2476 2451 3036 3800 3800 3644 4311 3589 3142 3142 4009 4955 4732 4380 4380 4909 4359 4223 4058 3556 3366 3347 3252 3054 2992
2565 2009 2894 2894 5983 6692 5389 4951 4496 5454 7523 4618 4618 2786 3898 3898 4541 4541 2264 2322 2157 2220 2287 2727 2830 2830 2433 2451 2743 2605 2959 3029 3029 3033 3041 3877 3877 3911 3080 3080 3206 3281 3487 3418 3182 3036 3036 3150 3150 3140 3197 2802 2821 2821 2820 3036 3036 2524 2216 2762 2644 3670 3376 3718 4210 4210 3824 3772 3772 4009 4976 4307 4419 4419 4860 4032 4223 3677 3677 3425 3154 2829 3046 2992
2477 1922 2305 4963 6843 6692 5389 5522 4951 5756 6021 4421 4421 2884 4700 6873 7199 4887 2462 2202 2157 2220 2220 2529 2326 2326 2236 2451 2743 2743 2982 2980 2980 2914 2949 3877 4141 4141 2877 2877 3261 3323 3323 3418 3418 3346 3158 2809 2966 2966 3197 2802 2919 2919 2623 2593 2593 2859 2860 2646 2646 3670 3772 3785 3959 3959 3843 4147 4453 4453 4240 3710 4139 4683 4718 3989 3989 4355 4054 3650 3494 3126 3046 2834
2057 1843 2352 5453 6755 6814 6460 6043 5616 6317 6071 6131 5035 5967 5967 6917 6373 2949 2949 2202 2202 2249 2408 2408 2193 2193 2236 2347 2744 2659 2659 2750 3108 3108 2949 3712 3487 3487 2892 3224 3224 3323 3323 3415 3415 3242 3033 2705 2966 2876 3025 2596 2572 2578 2578 2424 2656 2656 2665 2649 3423 3423 3188 3223 4251 4082 4082 4147 4427 4331 4331 3574 3784 4358 4358 3950 3950 4106 3557 3557 3680 3126 3055 3185
1846 2039 2415 6941 7397 6740 6868 7256 7256 7234 7370 6534 6561 5535 6525 7244 6295 2949 1863 1940 1940 2167 2622 2622 2193 2256 2256 2320 2731 2592 2592 2622 3108 3108 3193 3484 3052 3052 2735 3224 3224 3064 3215 2986 2979 3125 3068 2598 2583 2872 2872 2596 2572 2683 2578 2755 2501 2501 2627 2649 3197 3394 3394 3985 4248 3996 4082 4031 4500 3710 3710 3380 3214 3647 3647 3739 3739 4042 3811 3811 3773 3429 3341 3516
2569 3632 6885 7603 7782 7306 7621 7751 7751 7848 7570 3776 5757 4340 5511 6441 3157 2626 1778 1840 2171 2171 2622 2622 2287 2338 2338 2525 2525 2361 2592 2622 2998 2998 3557 3293 3190 3089 2735 3167 2894 2894 3063 2751 2979 2979 3183 2619 2537 2981 2872 2543 2543 2584 2875 2989 2427 2364 2627 2589 2908 2986 2986 3989 4062 3996 3555 4355 4675 3817 3105 3105 3214 3331 3261 3274 3605 3605 3811 3657 3756 3582 3414 3537
3819 6949 6574 7720 7720 7355 7982 8093 7836 7848 6763 3776 5025 5511 5511 6030 6030 3784 1974 1726 2171 2171 2755 2755 2196 2849 2849 2507 2525 2361 2245 2245 2997 2997 3314 3349 3562 3357 3357 3082 2527 2527 3063 2925 3295 3295 3582 3203 3203 2981 2981 3059 3388 3010 2959 3006 2660 2364 2656 2656 2388 2998 3754 3754 4062 3783 3772 4586 4526 4455 3425 3197 3197 3358 3383 3383 2829 3014 2958 2958 2944 3099 3507 3507
7271 6949 6574 6872 7143 7143 7072 7598 7041 5402 5104 3355 4306 5941 5925 5385 4598 4598 3449 1726 2092 2092 2494 2233 2233 2705 2705 2575 2507 2329 2286 2286 2978 3587 3587 3673 3597 3040 3040 2439 2527 2527 2935 3334 3536 2922 2922 2888 3092 3653 3653 3342 2895 2720 2959 3006 3007 2287 2457 2457 1989 2570 3001 3754 3898 3843 3767 3382 3918 3123 3123 3180 3294 3322 3054 2636 2980 3018 2885 2885 2909 3040 3162 3162
7271 7271 5047 6767 6223 6223 5787 7598 7041 5402 5402 3684 3986 4874 3074 3927 2826 4598 3449 2002 2226 2226 2339 2171 2171 2322 2412 2412 2562 2562 2827 2978 2978 3511 3511 3680 3773 2825 2439 2439 2420 2943 2943 3247 3221 2972 2922 2888 3533 3298 2862 2862 2720 2720 3010 3272 3272 2819 2007 2248 2205 2662 3001 3245 4211 4211 4462 4001 3398 3212 3212 2852 3040 3175 2866 2636 2514 2785 2915 2540 2540 3034 3606 3190
6771 5271 5271 5823 4761 4654 5787 6713 6577 5276 5276 3980 3998 3534 2513 2513 2826 2826 2320 2463 2667 2398 2398 2258 2326 2326 2386 2386 2742 2562 2827 2757 2757 3413 3650 3650 3773 2825 2088 2088 2299 2816 2816 3027 3221 2972 2972 3089 3572 3572 3289 2862 2467 2142 2428 2939 2939 4138 3576 3334 1964 2976 3479 3085 3561 3561 3396 3722 3257 2678 2504 2504 2962 3175 2866 2707 2458 2528 2803 2917 2930 3034 3606 3665
5392 4864 3908 3825 3895 4654 4230 4230 5540 4453 3576 3576 3998 3534 2166 2166 1788 1834 1820 2539 2667 2456 2456 2222 2198 2198 2397 2625 2742 2717 2717 2767 2767 3479 3421 3650 2611 2611 2121 2121 2038 2207 2207 3027 3212 3452 3322 3322 3531 3898 3289 3289 2385 2313 2264 2296 2043 2104 3947 3334 3447 3447 3217 2980 3079 2728 3396 3722 3415 2767 2463 2463 2962 3601 2894 2951 2815 2815 3089 2917 2930 2930 3573 3594
4660 4867 3720 3313 3895 4463 4327 4327 4842 2495 2782 2782 3144 3144 2396 2155 1788 1834 1834 3096 2393 2229 2229 2105 2052 2052 2397 2625 2776 2460 2460 2519 2988 3479 3421 3421 2720 2720 2298 2146 2146 2207 2207 2697 3128 3236 3305 3305 3531 3513 3513 2938 3607 2264 2264 2220 2064 2104 2373 2516 3064 3494 3233 3059 3104 2728 2728 3112 3072 3018 2463 2463 2968 2464 2464 2785 2970 2964 3089 3098 3278 3482 3482 3487
4488 4867 3720 2939 3590 4170 3744 2650 2956 2956 3309 3309 3649 3649 2396 2155 2155 1958 2239 2679 2620 2317 2252 2252 2052 2253 2253 2838 2838 2573 2573 2519 2988 2988 3023 3669 3669 2970 2576 2146 2146 2268 2625 2625 3209 3567 3128 2875 2875 2814 2814 2638 3697 3137 2711 2342 2064 2017 2420 3410 3370 3410 3049 2994 3104 2150 2257 2890 3695 3018 2654 2654 3339 2970 2970 3077 3203 3077 3077 3116 3161 2998 3014 3014
4193 3254 2551 2570 3911 3579 3066 2422 3415 3415 3661 4397 4397 2316 2316 2609 2609 2035 1977 2679 2679 3110 3416 3416 2265 2257 2257 2653 2758 2573 2573 2745 2915 2915 2928 3542 3542 2970 2576 2355 3037 3037 3662 3662 3209 3037 2990 3007 3007 2828 2615 2638 3047 2815 2740 2342 2342 2095 2769 3313 3301 3505 3049 3429 3553 3857 4041 3388 3695 3368 3164 3650 3650 3594 3192 3192 3203 3345 3017 3017 3202 3268 2953 3127
3212 3212 1965 2572 3549 3360 2969 2422 3843 3843 3366 4397 4397 2293 2293 2520 2152 2152 1960 2418 3371 3465 3609 3609 2427 2283 2283 2800 2779 2568 2527 2527 2791 2791 3117 3749 3749 3064 3064 3030 3880 3880 3662 3098 3098 2772 2825 3130 3130 2828 2615 2615 2156 2356 2227 2211 2098 2098 2843 2918 3043 2672 2672 3310 4065 3857 4041 4041 3739 3324 3416 3097 3097 3068 3554 3554 3919 3791 3311 3355 3355 3285 3195 3195
3162 2195 2195 2240 2967 2970 2969 2711 3724 3366 3366 3721 3721 2400 2400 2668 2398 2152 1960 2301 3425 3271 3271 3494 2264 2068 2283 2800 2779 2646 2120 2120 2638 3250 3250 3372 3457 3203 3203 3922 3880 3880 3376 3133 3133 2564 2564 3130 3130 2959 2661 2661 2242 2302 2227 2076 2091 2967 2967 2993 3043 2672 2913 2913 4128 4128 4339 3789 3789 2839 2839 3008 3041 3041 3132 3399 3399 3778 3778 3805 3805 3513 3273 3273
2814 2124 2124 2054 2319 2970 2263 2714 3724 3690 3690 3623 2843 2130 2726 2668 2398 2613 2301 2154 2154 2134 2134 2145 2264 2168 2361 2361 2265 2151 2120 2773 2773 3387 3387 3379 3594 3863 3922 3922 3634 3634 2855 2654 2654 2504 2564 2860 2603 2603 2464 2475 2203 2302 2148 1979 2314 3183 3183 2993 3062 2672 3240 3240 3259 3380 3861 3950 3547 2756 2532 2574 2664 2664 2880 3550 3399 3538 3582 3568 3675 3675 3577 3749
2901 2443 1997 1997 2319 3029 2263 2263 3013 3348 3348 2870 2423 2130 2726 2726 2631 2613 2360 2324 2324 2488 2352 2075 2186 2186 2403 2403 2245 2151 2380 2724 2724 2963 3087 3087 3242 3594 4356 4356 3833 2782 2782 2511 2654 2504 2567 2771 2693 2693 2986 3262 2475 2345 2259 1989 2288 3132 3109 2728 2467 2622 2768 2768 3259 3380 3380 3895 3525 3334 2626 2626 3016 3016 2880 3550 3550 3846 3830 3616 3735 3675 3577 3760
3070 2491 2010 2065 2065 3168 2160 2421 2421 2890 2890 2429 2423 2423 2219 2090 2029 1968 2413 2311 2673 2673 2501 2354 2226 2186 2379 2245 2245 2195 2308 2534 2534 2859 2784 3087 3242 3895 4128 4128 3640 3026 2782 2511 2429 2429 2383 2383 2845 2845 2986 3262 3262 2330 2363 2294 2422 3008 3161 2508 2424 2433 2768 2863 2863 2630 3304 3304 3488 3488 3135 3135 3016 3239 3239 3497 4051 4051 3764 3616 3735 3735 3708 3837
2839 2422 2010 1845 1845 3082 2317 2234 2234 2696 2478 2478 1946 1845 2141 1905 2029 1680 1680 1916 2297 2297 2389 2354 2226 2376 2376 2529 2453 2676 2883 2783 2799 2859 2784 2784 3340 4355 3968 3744 3744 3026 3026 2680 2707 2707 2267 2267 2845 2584 2584 2464 2409 2409 2363 2269 2543 2966 3297 2685 2683 2433 2983 3061 3061 2420 3022 3022 3190 3593 3135 3135 2967 3384 3384 3775 4038 4038 3764 3764 3827 3948 3948 4083
2839 2582 2162 2066 2802 3024 2413 2400 2585 2585 2741 2741 2373 2224 2141 1905 1905 1631 1880 1880 2305 2305 2389 2389 2419 2476 2476 2343 2190 2221 2929 2783 2799 2799 3189 3722 3722 4292 4003 3744 3744 3279 3000 3000 2544 2152 2091 3280 3280 2533 2533 2361 2366 2409 2221 2472 2356 3297 3297 2716 2683 2644 2982 3368 3368 2635 3062 3022 3190 3286 3770 3750 3271 3447 3447 3872 4044 4038 4034 4034 4105 4289 4289 4428
2457 2457 2178 2259 2442 2363 2716 2413 2301 2301 2656 2601 2601 2224 2369 2181 2181 1589 1954 1954 2305 2389 2925 2935 3482 3673 3428 3290 3290 3290 2929 2918 2949 2949 3101 3733 3733 2970 4292 3028 3028 2808 2709 3025 2544 2169 2169 3681 3681 2683 2478 2361 2366 2331 2266 3385 3385 2776 2705 2716 2716 2904 2980 3173 3301 2635 3062 3062 3430 3530 3530 3784 3641 3914 4226 3872 4044 4044 4449 4610 4261 4325 4325 4759
2175 2337 2337 2260 2319 2363 2233 2255 2383 2383 2660 2601 2601 2275 2329 2631 1873 1873 1954 1954 2200 2201 2201 2976 3485 3485 3428 3428 3384 3624 3624 2691 2648 2648 2627 3710 3710 3450 3124 3014 2827 2808 2709 2709 2577 2263 2263 3326 3326 2683 2478 2478 2450 2502 2502 3025 3385 2776 2846 2808 2808 3044 2997 3173 3301 3301 3525 3437 3437 3534 3977 3784 3784 4023 4477 4477 4404 4508 4508 4610 4610 5057 4740 4740
1861 1995 1991 1991 2319 2400 2184 2390 2634 2383 2660 2732 2732 2548 2424 2558 1873 1873 1737 2076 2076 2007 2007 2879 3137 3256 3256 3384 3384 3384 3590 3904 4230 3355 3355 2998 2858 2858 3126 3014 2827 2827 2530 2461 2461 2526 3042 3326 3326 2540 2452 2452 2383 2541 2541 2578 2601 2886 2886 2858 2788 2788 2997 3008 3271 3271 3295 3443 3443 3610 3702 3712 3976 3976 4516 4499 4498 4508 4508 4799 4799 4705 4531 4531
1710 1706 1838 1991 2161 2507 2339 2390 2634 2524 2524 2842 2842 2884 2639 2558 2273 2273 1803 1893 1893 1916 1935 2724 3180 3239 3239 3351 3351 3767 3767 3904 3904 3385 3385 3555 3180 3180 3126 3054 2752 2752 2354 2124 2124 2654 3042 3433 2733 2733 2732 2624 2624 2851 2541 2579 2651 2610 2610 2739 2804 2788 2961 2773 2601 2750 3221 3516 3669 3669 3759 3765 3509 3509 4516 4778 4498 4663 4663 5034 5034 4646 4530 4531
1744 1706 1838 2088 2088 2650 2690 2677 2437 2118 2119 2281 2910 2884 2639 2549 2531 2710 2387 2359 2141 2207 2247 1941 3030 3239 3239 3328 3328 3679 3679 4517 4517 3441 2600 2507 2858 3180 3124 2715 2444 1930 1930 2105 2124 2654 3890 3881 3881 3463 3463 2685 2624 2851 2601 2508 2749 2732 2610 2742 2831 2831 2686 3007 2601 2750 2750 3330 3780 3780 4118 4129 3509 3509 4124 4934 4934 5320 5227 4745 4084 4646 4530 4530
1744 1618 1656 2167 2444 2444 2509 2726 2226 2118 2044 2323 2910 2910 2686 2384 2323 2663 2663 2085 1804 1804 2133 1898 2056 2172 2559 2591 2591 2730 3181 3525 3018 3441 3056 2507 2858 2858 3001 2676 2266 2124 1930 2105 2566 2566 3890 3881 3562 3562 3463 2685 2685 2760 2587 2587 2629 2741 2707 2707 2743 2638 2638 3007 3002 2924 2924 3101 3246 3246 3627 4129 3988 5052 5052 5130 5130 5255 5277 5277 4084 4084 4480 5603
2094 2091 1923 2079 2187 2187 2469 2590 2539 2539 2267 2344 2971 2898 2898 2500 2302 2617 2664 2622 1964 1964 2266 1994 2056 2204 2204 1980 1980 2012 2702 3181 3775 3775 3495 3495 2837 2794 2794 2554 2266 2124 2124 2357 3692 4138 4138 4005 3640 3412 3412 2498 2762 2762 2756 2565 2763 2677 2706 2706 2583 2638 2638 2880 3140 3149 3271 3271 3252 3627 3627 4024 5202 5209 5209 4618 4564 5255 5035 5277 4443 4443 5249 5811
2085 2085 2096 1965 2159 2077 2535 2535 2427 2342 2160 2160 2785 2836 2836 2459 2221 2426 2709 2709 2523 2261 2261 1964 2131 2212 2143 2033 1859 1859 2702 2702 4560 3085 3716 3296 3296 2838 2838 2554 2280 2262 2262 2527 2950 4059 4059 3318 3771 2748 2748 2505 2727 2762 2756 2734 2852 2852 2958 2706 2583 2721 2721 2864 3413 3459 3597 3271 3252 3540 3540 4135 5057 4690 4690 4618 4564 4564 5092 5777 5130 5130 5719 4971
