includes/gis/MODIS_ASCII/mod13q1_ndvi_2006_081.txt
ncols         829
nrows         925
xllcorner     164106.58989296
yllcorner     9637524.0094144
cellsize      264.9945474373
NODATA_value  -9999
[rows 592 to 628 of 925, columns 588 to 671 of 829]
5346 5494 5194 5067 5067 5067 4390 4603 4710 4743 4538 4450 4829 4829 4769 5063 4178 4178 4185 4678 4678 4661 4396 5488 5122 5212 5212 3639 4283 3839 3839 4149 4169 4169 3717 4021 4186 4186 4469 4469 4469 4488 4488 4629 4629 3812 3812 3042 3042 3042 3042 2866 2866 2811 2638 2638 2653 2790 2790 2827 2773 2773 2483 2483 2541 2541 2254 2254 2054 2272 2272 2272 2252 2252 2453 2453 2306 2306 2503 2503 2503 2756 2756 2756
5346 5494 5494 5125 5125 5125 4395 4781 4820 4830 4538 4160 4540 4676 4676 4843 4298 4178 4148 4389 5078 5608 4358 4948 4147 4147 3458 3931 4841 3599 3839 4149 3895 3957 3957 4698 4698 4720 4689 4689 4689 4488 4488 4488 4067 4067 4067 3232 3075 3075 2996 2996 2996 2811 2811 3062 2708 2719 2719 2689 2716 2716 2457 2457 2457 2483 2279 2279 2143 2143 2054 2054 2251 2251 2465 2453 2453 2482 2482 2482 2482 2688 2736 2736
5612 5612 5612 5604 5125 5125 4773 4436 4678 5170 5170 4750 4460 4505 4717 4359 4187 4562 4562 4761 5308 5345 3394 4948 3931 3100 3100 4217 4546 4246 4246 4030 4030 4482 4482 5099 5099 4698 4648 4648 4648 4360 4360 4435 3837 3837 3837 3232 3232 3232 3026 3026 3026 2916 2916 2916 2718 2708 2708 2708 2890 2890 2588 2588 2588 2509 2371 2371 2135 2135 2135 2238 2238 2238 2238 2387 2465 2567 2567 2567 2567 2566 2688 2704
5612 5612 5612 5604 5604 5604 4727 4727 4678 4661 4755 5286 5247 3282 4717 4717 4622 4476 4619 4619 4784 4039 4022 4022 4927 4927 4927 3907 4248 4919 4745 4500 4500 4500 4500 5013 5013 5013 4569 4605 4605 4297 4297 4360 3925 3914 3301 3301 3301 3228 2984 2984 2984 2774 2774 2777 2642 2642 2718 2857 3048 3048 2842 2842 2842 2509 2509 2509 2302 2302 2302 2279 2253 2253 2253 2284 2284 2420 2420 2420 2339 2449 2449 2467
5459 5459 5112 5112 5112 5112 5327 5327 5327 5391 5391 5246 5247 5247 5247 4705 4705 4511 4261 4195 4452 4039 3709 3709 4869 4869 4869 3328 4248 4563 4630 4630 4846 4945 4945 5010 5010 5010 4569 4569 3767 3767 3767 3767 3875 3875 3404 3404 3404 3404 3231 3100 3100 3156 3156 2657 2657 2657 2642 3102 2857 2857 3143 3143 3143 2748 2748 2675 2349 2349 2349 2279 2279 2279 2299 2299 2475 2306 2306 2306 2503 2503 2503 2479
5299 5299 4870 4870 4870 5491 5491 5327 5327 5391 5391 5246 5246 5246 5246 4583 4947 4802 4261 4195 4195 4808 5052 4635 2842 4045 4733 3328 3816 4530 4931 4931 4820 4846 4883 4792 4792 4792 4093 4218 3454 3454 3454 3454 3405 3609 3381 3381 3381 3231 3231 3231 3231 3225 3225 2762 2723 2723 2723 2900 2900 3102 3113 3113 3113 2907 2748 2748 2479 2479 2479 2785 2505 2505 2603 2603 2603 2467 2462 2462 2500 2500 2500 2486
5324 5324 5299 4870 4870 5491 5491 5491 5491 5351 5351 5173 5173 5246 5412 5412 5412 5414 5414 5414 5481 5481 4869 4641 3176 4045 4733 4528 4528 5319 5252 5252 4679 4679 4679 4804 4792 4792 4093 4093 3343 3343 3343 3081 3081 3405 3261 3261 3261 3165 3165 3165 3165 2860 2860 2762 2762 2762 2762 3098 3098 3182 3182 3182 3182 2674 2596 2674 2904 2904 2814 2814 2814 2785 2602 2602 2602 2443 2467 2467 2515 2515 2515 2332
5324 5324 5324 4773 4773 5201 5201 5201 5351 5351 5351 5173 5173 5173 5333 5333 5333 5333 5309 5414 5481 5481 5481 5481 5528 5528 5424 5424 5424 5112 5112 5252 4679 4679 4679 4804 4804 4804 4122 4122 3571 3343 3343 3081 3081 3081 3081 2959 2959 2990 3165 3165 2664 2664 2664 2782 2782 2596 2976 2934 2934 3269 3269 3269 2607 2607 2607 2607 2704 2704 2721 2721 2721 2814 2678 2678 2643 2643 2643 2443 2355 2355 2355 2267
5145 5145 4880 4773 4773 5201 5201 5201 5007 5007 5007 4934 4934 4934 5333 5333 5333 5309 5309 5309 5192 5192 5192 5341 5341 5528 5424 5424 5424 5112 5112 5112 4802 4802 4802 4804 4804 4804 4122 4122 3571 3571 3571 3224 3224 3224 2992 2959 2959 2990 2990 2990 2883 2883 2883 3245 3245 3245 3205 3205 2849 3194 3109 3109 2721 2721 2721 2721 2658 2658 2676 2676 2676 2676 2920 2756 3008 3008 3008 3008 2761 2761 2761 2377
5145 5145 4880 4880 4880 4795 4795 4795 4817 5007 5007 4934 4934 4934 5214 5214 5214 5250 5250 5080 5080 5080 5080 5165 5341 5298 5298 5298 5298 5038 5038 5038 4802 4802 4802 4804 4804 4804 4194 4194 3801 3801 3571 3224 3224 3224 2992 2992 2992 2783 2783 2783 2751 2751 3546 3546 3546 3546 4028 4028 3205 3205 3194 3194 2805 2805 2805 2463 2463 2479 2808 2808 2808 2808 2920 2920 2931 2931 2931 3271 3040 3040 3040 2524
5058 5058 4701 4880 4795 4795 4795 4795 4817 4817 4817 4787 4787 5023 5023 5023 5023 5151 5151 4918 4918 5080 5080 5165 5165 4958 5298 5298 5298 5038 5038 5038 4822 4822 4730 4730 4730 4730 4194 4194 3801 3801 3801 3619 3619 3619 3944 3944 3488 3488 3488 3488 2999 2999 2999 3546 3546 3546 4028 4028 4028 3360 3360 3360 3250 3250 3250 2538 2538 2463 2760 2760 2760 3238 3238 3056 2898 2898 2898 3213 3271 3271 3213 2824
5058 5058 4701 4701 4427 4427 4427 4733 4733 4733 4733 4791 4791 5010 5010 5010 5023 5151 5151 4918 4918 4918 4773 4773 4773 5165 4958 4958 4674 4674 4674 4674 4975 4822 4730 4730 4730 4730 4103 4103 3933 3933 3933 3976 3976 3976 4086 4086 4177 3488 3488 3488 2999 2994 2994 3112 3994 3994 2970 4122 3499 3032 2899 2899 3395 3395 3250 2538 2538 2538 2969 2969 2969 3319 3319 3319 3102 3665 3665 3410 3410 3372 3069 3069
5042 5042 4819 4819 4835 4835 4835 4799 4799 4799 4799 4791 4791 5010 5010 5010 5065 5065 5065 4611 4611 4611 4773 4773 4773 4773 4964 4958 4674 4674 4674 4674 4975 4975 4944 4944 4944 4283 4283 4283 4110 4110 4110 4084 4084 4086 4086 4086 4177 4177 4177 3316 3316 3126 3126 4124 3994 3994 2970 2970 3499 3032 2899 2899 3395 3395 3395 2986 2986 2896 2896 2896 2896 3002 3002 3002 3258 3258 3258 3410 3410 3410 3023 3023
4940 4940 4858 4805 4805 4760 4760 4799 4799 4799 4799 4746 4746 4816 4816 4816 4710 5065 5065 4611 4611 4611 4655 4655 4655 4773 4964 4964 4363 4363 4363 5083 5083 5083 4969 4969 4969 4221 4221 4221 4283 4110 4110 4084 4084 4084 4025 4025 4225 4225 4177 3316 3316 3397 3018 4124 4124 3001 3001 2388 2942 2964 3032 3423 3423 3423 3423 3447 3447 3447 2897 2897 2897 3306 3002 3002 3258 3258 3258 2600 2600 2600 2923 2923
5101 4858 4858 4858 4826 4826 4760 4715 4715 4613 4613 4629 4629 4816 4816 4816 4710 4710 4710 4694 4694 4694 4845 4655 4655 4936 4936 4936 4390 4390 4390 5103 5103 5103 4969 4969 4969 4221 4221 4221 3960 3960 3960 3920 3920 3920 4025 4025 4225 4225 4225 3925 3925 3397 3443 4077 4077 3207 3207 2551 2964 2964 3394 3188 3188 3188 2962 2962 3447 3447 2897 2897 3306 3306 3306 3306 3714 3714 3030 3030 2600 2600 2923 2923
5101 4876 4876 4876 4876 4677 4677 4715 4715 4715 4568 4568 4629 4878 4878 4825 4825 4720 4720 4694 4694 4694 4793 4761 4761 4612 4612 4864 4864 4390 4390 5103 5103 5103 4507 4507 4507 4088 4088 4088 4112 3960 3920 3920 3920 3920 4206 4206 3811 3811 3811 3925 3925 4381 3617 3617 4030 4178 4178 2985 3394 3394 3394 3188 3188 3188 2962 2962 2962 2962 3388 3388 3663 3663 3663 3306 3714 3714 3030 3030 3030 3030 3180 3180
4561 4561 4876 4876 4758 4758 4677 4560 4560 4537 4537 4369 4595 4878 4878 4878 4857 4792 4792 4629 4629 4793 4793 4793 4761 4747 4747 4864 4864 4864 4864 5428 5428 5428 4338 4507 4507 4088 4088 4088 4112 4112 4177 4177 4177 4177 4316 4206 3811 3811 3811 4145 4145 4145 4205 4205 4315 3294 3294 2858 2763 2763 3333 3251 3251 3251 3411 3411 3411 2962 3388 3388 3663 3663 3663 3663 4083 4083 3639 3639 3639 3030 3180 3180
4561 4085 4085 4134 4137 4297 4297 4426 4560 4560 4369 4369 4516 4899 4899 4973 4973 4973 4792 4785 4667 4667 4688 4741 4741 4747 4747 4629 4645 4686 4686 5428 5428 5428 4338 4338 3916 3916 3916 3916 4056 4112 4177 4177 4177 4177 4316 4234 4316 4186 4186 4279 4279 4279 4580 4580 2202 3423 3294 2858 3100 3100 3333 3138 3251 3251 3411 3411 3411 3794 3794 3794 3662 3662 3662 3816 4083 4083 3639 3639 3639 3639 3156 3156
4757 4885 4592 4592 4137 4137 4297 4426 4317 4317 4569 4569 4823 4823 4899 4899 5010 4563 3997 4040 3655 3299 4688 4688 4741 4620 4620 4645 4645 4645 4686 5090 5090 5289 4346 4346 4346 3916 3916 4056 4056 4056 3976 5153 5153 4234 4234 4234 4261 4261 4261 4193 4193 4193 4580 4580 2202 3423 3180 3180 3475 3025 3690 3681 3138 3138 3362 3362 3362 3837 3794 3794 3662 3662 3662 3816 3816 3816 3376 3376 3376 3121 3121 3121
4885 4885 4592 5388 4570 4570 4270 4270 4317 4317 4383 4670 4670 4900 4900 5010 5010 4183 4102 4069 3597 3597 4588 4590 4590 4704 4704 4589 4589 4577 4577 4866 4866 4866 4752 4752 4389 4389 4309 4134 4134 4134 5281 5281 5153 5366 5366 4829 4829 4573 4573 4193 4193 4193 4221 4221 3195 3140 3486 3486 3375 2826 3690 3681 3138 3138 3362 3362 3362 3837 3837 3837 3724 3724 3724 3704 3704 3704 3325 3325 3325 3131 3131 3121
5313 5313 5388 5388 5166 5166 4597 4426 4426 4426 4383 4383 4383 4807 4900 4865 4865 3961 3980 4750 4799 4588 4588 4588 4691 4691 4704 4820 4589 4589 4676 4676 4866 4593 4777 4777 4436 4436 4309 4694 4694 4741 5330 5330 5330 5366 5366 5366 4676 4676 4573 4329 4170 4170 4170 4314 4314 3413 3198 3198 3253 2826 3865 4041 4041 3634 3634 3634 3634 3582 3582 3609 3609 3609 3609 3882 3882 3704 3325 3325 3325 3131 3131 3131
5026 5026 5238 5238 5194 5194 4597 4597 4426 4441 4441 4539 4539 4775 4775 4674 4865 3742 3742 4750 4799 4713 4713 4540 5010 5010 5002 5002 4760 4820 4432 4432 4593 5077 5077 5042 4783 4557 4557 4694 4694 4694 5397 5397 5330 5190 5190 5241 5241 4556 4556 4329 4329 4329 3900 3900 3900 3711 3760 3253 3253 3230 4132 4208 4045 4045 4020 4020 4020 3798 3798 3609 3609 3609 3609 3882 3882 3882 3275 3275 3275 3144 3144 3131
5026 5026 5026 5241 5241 5194 5099 4882 4882 4305 4359 4359 4647 4024 3674 3848 3848 3822 3819 4691 4666 4805 4805 4805 4784 4784 4958 4958 4791 4791 4109 4306 4306 4306 5077 4783 4783 4783 4557 4763 4763 5075 5186 5186 5186 5190 5190 5190 4757 4757 4436 4436 4262 4262 4318 4045 4045 4427 4454 4454 4512 4512 4512 4208 4208 4210 4086 4086 4086 3798 3798 3663 3663 3663 3892 3892 3892 3892 3275 3275 3275 3144 3144 3144
5058 5058 5118 5285 5107 5107 5099 5099 5099 4305 4305 4359 4551 4551 3886 3848 3848 3998 4024 4585 4611 4773 4773 4773 4784 4784 4784 4992 4791 4791 4109 4109 4306 4822 4822 5166 5166 4814 4814 4873 4873 4873 5223 5223 5290 5290 5350 5350 4912 4834 4834 4436 4558 4318 4548 4518 4518 4577 4577 4577 4547 4547 4436 4436 4122 3983 4210 4210 3944 3944 3697 3697 3573 3573 3573 3892 3892 3892 3268 3268 3158 3158 3158 3158
5058 5058 5058 5285 5285 5107 4719 4773 4773 4618 4567 4567 4551 4551 3834 3686 3649 3649 3709 4585 4585 4680 4773 4773 4240 4340 4340 3941 4402 4402 4329 3840 3840 4603 4603 4603 5166 5166 4739 4739 4873 4873 5046 5182 5182 4703 4070 4109 4305 4747 4511 4511 4511 4511 4548 4548 4548 5047 4577 4577 5165 4879 4879 4605 4605 3983 3983 4095 4095 3944 3944 3959 3568 3568 3693 3693 3620 3620 3620 3120 3120 3158 3158 3192
5299 5155 5155 5183 5058 5058 5058 4719 4618 4169 4299 4299 4137 4137 3580 3339 3374 4380 4298 4435 4435 4504 4504 4504 4240 4240 3941 3941 3941 4115 4115 4329 4257 4257 4257 4603 4858 4752 4752 4422 4422 4422 5046 5046 4705 4261 3765 3418 3079 4526 4254 4254 4511 4747 4747 5007 5007 5331 5331 5331 5165 5165 5165 5093 5093 4452 3938 3983 4090 4090 3959 3959 3677 3677 3677 3693 3468 3468 3091 2916 2916 3090 3051 3051
5354 5354 5183 5183 5030 5030 4742 4517 4169 4169 4169 4146 4146 4137 3219 3159 3192 4125 4162 4162 4162 4458 4504 4111 4111 3820 3820 3975 3764 3891 3891 4245 4245 3858 4182 4182 4858 4858 4597 4533 4533 4533 4660 4705 4705 3916 3916 3644 3330 4009 4009 4061 4061 4061 4747 4747 5147 5147 5331 4834 4834 5050 5050 4863 4863 4452 4452 4452 3938 4029 4029 3815 3815 3815 3640 2954 2954 2825 2825 2825 2755 2755 3051 3051
5150 5150 5150 5070 5070 4742 4742 4517 4575 4575 4409 4409 4348 4348 3248 3248 3169 4129 4129 4162 4162 4282 4342 4346 4422 4422 3975 3975 3975 4191 4191 3891 3858 3858 4272 4272 4646 4646 4595 4595 4595 4669 4669 4674 4745 4320 4220 4220 3740 4011 4060 4060 4061 4725 4725 4722 4722 5335 4893 4834 4834 4834 4619 4619 4619 4688 4558 4558 4079 4044 4044 3750 3750 3112 3112 3112 2954 2596 2596 2689 2811 2811 2811 2811
5127 5150 5108 5108 4984 4984 5087 5042 4575 4575 4575 4487 4487 4348 3629 3365 3169 4317 4257 4257 4257 4282 4346 4346 4346 4422 4934 4934 4953 5481 5421 5481 5628 4592 4592 4664 4646 4646 4166 4166 4166 4166 4704 4704 4745 4288 3584 3584 2790 4011 4212 4321 4321 5213 5213 5213 5335 5335 5335 4275 4275 4201 4201 4128 4128 5310 5310 5126 5126 4672 4044 3544 3544 3574 2817 2817 2817 2596 2596 2596 2918 2918 2811 3078
5091 5091 5313 5294 5294 5087 5087 5042 4911 4753 4753 4608 4608 4671 4671 3447 3447 4317 4317 4257 4300 4300 4179 4260 4484 4484 4859 4859 4718 4133 4426 4426 5628 5628 5184 4880 4677 4677 4166 4166 4166 4419 4419 4704 4513 3961 3435 3186 3186 4013 4212 4212 5094 5094 5094 5213 5047 5047 5541 5318 5318 4523 5147 5147 4998 4998 5131 5131 4391 4391 4302 3544 3544 2989 2989 2989 2989 2723 2723 2680 3087 3087 3087 3078
4847 5091 5313 5313 5294 5229 5229 5192 5059 5059 5059 4608 4608 4671 4738 3449 3449 4553 4498 4498 4322 4322 4190 4190 4462 4462 5010 5010 5010 4133 4133 4011 4011 4723 5628 4880 4880 4253 4253 4068 4068 4709 4785 4785 4513 3315 2920 2909 3186 4013 4529 4631 4631 4632 4632 4632 4073 4073 4632 4975 4975 4975 5147 5147 5147 4806 4806 5131 3309 3309 4391 2868 2868 3109 3184 2973 2973 2723 2723 3186 3183 3183 3183 3010
4501 4715 5069 5248 5248 5229 5229 5229 5157 5059 5059 4696 4696 4712 4712 3720 3542 4476 4537 4537 4316 4316 4316 4190 4190 4719 4719 5010 5010 4680 4176 4176 3884 3884 4723 4747 4671 4671 4331 4331 3670 3670 4456 5012 3210 3210 3217 2909 3301 3890 4053 4053 3928 3786 3786 3786 4073 4073 3786 4279 4279 4975 4315 4315 4701 4701 3769 3769 3309 3309 3383 3383 2964 3184 3184 3184 3432 3432 3432 3186 3478 3231 3231 3010
4501 5069 5069 5248 5248 5309 5309 5304 5047 4985 4985 4392 4186 4186 3900 4050 4050 4476 4476 4398 4398 4398 4316 4044 4063 4063 4403 4403 4403 4680 4680 3946 3946 3884 3884 4747 4747 4680 4680 4331 3872 4371 4371 4232 3775 3233 3233 3479 3627 3510 3510 3137 3652 3216 3928 3742 3742 3786 3786 4186 4186 4186 4315 4315 3816 3846 3846 3769 2991 2991 2940 2963 2963 2963 3321 3405 3405 3598 3598 3598 3355 3533 3533 2908
4324 5214 5214 5217 5217 5357 5357 5357 5026 4894 4894 4309 4309 3900 3900 3900 4229 4229 4374 4142 4142 4173 4173 4044 4044 4181 4181 4403 4403 4679 4636 4161 3897 3897 3897 4021 4612 4612 4854 4854 3876 3856 4358 4358 3657 3604 3604 3352 3308 3518 3470 3137 3913 3704 4183 4183 4287 4287 4287 4171 4171 3544 3544 3816 3816 3542 3527 3527 2991 2832 2832 2940 2815 2815 3321 2887 3232 3436 3436 3436 3355 3355 3263 3263
4867 5193 5193 5300 5300 4956 4956 4956 5026 4894 4496 4496 4309 3915 3915 3844 4009 4009 4009 4142 4142 4142 4091 4082 4082 4011 4205 4205 4205 4637 4161 4161 4161 3897 3914 4021 3271 2697 4000 4000 3278 2733 2892 2575 2575 3439 3428 3428 3506 3366 3470 3496 3688 3996 3249 3249 4674 4674 4287 4167 4136 4136 3390 3390 3390 3542 3542 3053 3053 2832 2961 2921 2713 2713 2887 2740 2740 3188 3188 3239 3239 3302 3302 3103
5039 5193 5193 5193 4900 4900 4956 4956 4764 4834 4403 4440 4440 3915 3915 3915 3819 4009 4009 4017 4017 4097 4097 4221 4221 4011 4011 4011 4453 4453 4637 4384 4384 3890 3890 3269 3506 3013 4088 4000 3217 2896 2892 3194 3194 3287 3673 3404 3506 3366 3093 3276 3543 3286 3064 3064 4378 3745 3745 4167 4167 3461 3461 3390 3390 2447 2189 2349 2248 2248 2358 2439 2921 2921 2767 2740 2740 2765 3050 3050 3239 3258 3550 3550
5039 5039 4713 4713 4451 4587 4587 4587 4764 4403 4403 4403 4440 4146 4146 3928 3915 3957 3957 4017 4017 4017 4153 4153 4221 3899 3899 3984 3984 3984 4277 4128 4040 4040 3864 3419 3446 2865 3175 2992 3261 3261 3016 2153 2737 3808 3808 3856 3856 3956 3858 2853 3177 3340 3064 2771 3526 3526 3718 3718 3799 3218 3218 3218 2888 2448 2189 2486 2383 2403 2403 2223 2597 2853 2962 2962 2962 2765 2765 2765 2259 2259 3592 3711
