includes/gis/MODIS_ASCII/mod13q1_ndvi_2014_033.txt
ncols         829
nrows         925
xllcorner     164106.58989296
yllcorner     9637524.0094144
cellsize      264.9945474373
NODATA_value  -9999
[rows 666 to 702 of 925, columns 504 to 587 of 829]
3136 3538 3538 4309 2720 2306 2358 2493 2481 1874 1684 1684 1721 1980 1818 1818 1744 1505 1566 1889 869 2193 3446 1914 1914 1774 1405 1744 1596 1629 1481 1441 1352 1213 2483 2863 2308 1317 1886 2497 3652 4334 4985 4985 4815 4476 4476 4662 3978 4111 3111 3111 3121 2151 1982 1982 1662 2006 2181 2181 2393 2252 3278 3278 3122 3122 3278 2431 2328 2321 2640 2640 1809 1829 2214 2079 1881 2305 2305 2351 2065 1989 2176 2176
2575 2912 2912 3432 2313 1438 2358 2478 2337 1545 1607 1607 1793 1980 2063 2063 1970 1089 1089 1903 869 762 3586 3309 1856 1856 1316 1686 1706 1380 1384 1348 1138 1169 1463 2528 2308 1177 1177 2907 4126 4260 5596 4985 6258 5885 5885 5310 4600 4600 3323 3236 3236 2251 2139 2139 2121 2684 2843 2914 2393 2716 2743 2757 2757 3286 3054 3166 3380 2750 2455 1963 1902 1781 2214 2214 2131 2113 2113 2281 2281 2542 2124 2402
2479 2906 2961 3432 2313 2313 2771 2771 2277 2277 1847 1793 1793 2169 2425 2455 2455 1512 1462 1903 1861 574 2194 3573 2760 2760 2156 1651 1687 1425 1301 1298 1138 1246 1219 2410 2616 2616 2858 4576 4576 4662 4662 4434 6314 6791 6791 6049 5619 4885 3814 2955 2487 2487 2064 1478 2121 2570 2989 2914 2914 3264 2851 3234 3251 3286 3319 3303 3136 3728 3324 3301 2729 1781 1593 1807 1807 1629 1629 2262 2325 2556 2277 2277
3352 2906 2961 2961 2804 2884 2558 2558 2475 2277 1847 2164 2164 2217 2217 2280 2280 1788 1302 1704 1764 664 3374 3374 4540 4540 2132 1721 1687 1576 1428 1564 1417 1417 1126 1126 2449 2449 2641 4576 4576 4934 4934 4023 5259 6584 6872 6049 5619 5619 4795 4795 3768 3768 2064 1478 2957 2697 3320 3623 3216 3216 2796 2862 3251 2116 2466 3233 3456 3136 2962 3414 2729 2279 2128 1812 1812 1629 1851 1851 1929 1991 1971 1971
3352 3352 3118 3118 2723 2742 2558 2558 2475 2258 2258 2308 3101 2629 2147 2280 2280 2436 1755 1755 1667 662 2186 2186 3832 4321 2187 2187 1905 1794 1428 1530 1574 1519 1915 1576 1834 2082 2514 3599 3599 4008 4720 4769 5259 6584 6872 6872 5701 5701 5236 5575 4704 4080 4080 3478 3478 3085 3730 3406 3025 2894 2894 2862 2983 2116 2466 3556 3588 3673 3710 3414 3668 3161 2667 1812 1812 1944 2110 2110 1806 1806 1843 1971
2949 2949 2618 2423 2423 2742 2919 2697 2697 2570 2570 2506 2893 2635 2508 2460 2425 1990 1730 1553 1637 1973 2051 2051 2227 2892 4321 2676 3813 1794 1883 1860 2103 1915 1915 1576 1834 1750 2514 2895 2895 3004 2703 4769 4769 5466 6951 6414 7054 5778 5778 5840 5689 4920 4920 3139 3344 3344 3446 2757 2539 2539 2570 2570 2430 2470 2665 2665 2238 2528 3710 3808 3633 3564 2667 1925 1945 1945 2456 2456 2104 2104 2123 2165
2402 2402 2185 2423 2423 2396 2396 2770 3699 4313 3295 2485 2485 2918 2490 2541 2425 1913 1730 1835 1947 2238 2343 2091 2227 2892 2892 3266 3121 2262 2221 2658 2593 2233 3096 3590 1616 1662 1662 2240 2598 3004 2703 2457 4014 4014 6414 7054 7054 6805 6805 5711 5711 5502 4920 3139 2846 2846 3072 2820 2912 2912 2570 2420 2420 2559 2192 1899 1899 2107 2528 2531 2490 2646 2646 2274 2102 2044 1946 1580 1580 2101 2772 2797
1845 2402 2185 2113 2113 2099 2055 2121 2121 2055 2081 2081 2591 2591 2541 2541 2259 2016 2016 2122 1975 2154 1900 1428 2091 2630 1776 2263 2508 2361 2120 2221 2389 3862 3862 4713 2000 1942 2230 2021 2271 2410 2564 2020 4014 4014 5437 6259 6259 6962 6962 6227 5711 5502 3676 3676 2810 2810 2417 2667 3235 3416 2448 1928 2644 2513 1921 1899 1899 2107 2413 2500 2740 2814 2341 2259 2102 2102 2391 1891 1891 2162 2162 2797
2105 2167 1938 1975 1965 2099 2055 1861 1959 1959 2123 2123 2365 2672 2643 2643 2471 2280 2662 2270 1946 2154 1969 1950 2059 3028 2018 1610 2077 2361 3440 2767 2767 2336 2692 4158 4158 2800 2437 2437 2271 2465 2402 2444 2765 4767 4767 5944 5944 6418 6450 6227 6227 5346 4658 4658 3805 3805 2866 2667 2980 2980 1802 2038 2567 2567 1921 1773 1970 1970 2120 2120 2410 2372 2341 2341 2385 2725 2725 2037 2037 2162 2162 2036
2105 2167 2167 1975 1965 1965 1817 1781 1866 1866 2047 2123 2365 2478 2478 2754 2606 2527 2378 1981 1981 2127 2047 2019 2019 3283 1660 1429 2345 2173 2876 1877 1467 2654 2289 3731 3731 4340 3753 2325 2325 2268 2388 2237 2493 4555 4555 5370 5370 6418 6450 6450 5610 5610 5021 5021 3805 2866 2866 2523 2292 1665 1665 1858 1615 1615 1464 1606 2045 2045 2120 2120 2518 2372 2234 2234 1799 1786 1786 2111 1673 1795 1795 1912
2743 2478 2098 2050 2059 2059 1949 1865 1866 1866 2047 2405 2405 2449 2449 2733 2606 2527 2527 2182 2152 2159 2121 2089 3283 3658 6067 4999 3767 2374 2876 1208 936 2711 2289 3655 4577 4117 4117 4007 3306 2647 2661 2146 2253 3414 4555 5370 5403 5403 6495 6495 5970 5970 5021 5021 4908 3960 4660 1865 1957 1722 1722 1720 1477 1477 1764 1606 2045 2045 2076 2240 2240 2339 2093 1716 1716 1786 1786 2111 2025 1772 1902 1902
2201 2201 2046 2098 2086 2086 1862 1865 1880 1880 1924 2092 2092 2309 2309 2733 2733 2566 2566 2348 2291 2338 2035 2735 4338 4338 6268 4999 2794 2794 2579 1327 950 2711 2252 3806 4577 5397 3519 4060 3736 2534 2500 2374 2554 3414 3414 4831 4404 4404 6064 6349 5970 5812 4847 5040 5040 5013 4136 2741 1865 1812 1931 1931 1657 1657 1764 1911 1902 1902 1826 1774 1774 2352 2378 1716 1716 1589 2142 2142 1991 1991 1890 1902
2159 2159 2046 2046 1969 1862 1862 1755 1839 1806 1806 1788 1788 2309 2212 2957 3485 3258 2405 2405 2176 2501 2585 3522 5133 5124 6268 5737 3826 2683 2241 1669 1023 2606 1856 3806 4058 4058 5397 5844 4222 2556 2495 2374 2554 3461 4865 4865 4787 5085 5085 5223 5508 5309 5309 4945 5040 5013 4136 4136 2060 1837 1880 1880 1657 1747 1747 2412 2031 1788 1788 1595 1774 2142 2378 1802 1802 1473 2050 2050 2259 2259 2426 2426
2068 2159 1992 1915 1969 2010 2010 1942 2056 1919 1806 1834 1736 1736 2039 2039 3258 3258 2226 2226 2348 2560 2950 4426 5816 5124 5673 5838 4700 3794 2808 2747 1023 2314 1813 2704 2930 2930 2764 4581 4682 3087 2117 2117 1898 2152 4926 4926 5611 4412 4412 3939 3939 5330 5309 4945 4850 4850 4702 4702 2121 2121 1880 1880 1861 1675 1675 2828 2723 1911 1788 1595 1751 1751 2194 2190 1974 1974 2547 2547 3207 3261 2732 2384
2068 2282 1998 1963 1963 1884 1884 1939 2006 2002 2002 1940 1760 1760 2028 2039 2305 2305 2029 2029 2093 3389 3389 4790 4790 4615 4615 6323 6695 6695 5179 2271 2238 1028 1230 2166 2003 1800 2764 2764 2824 2478 2003 2003 1639 2152 2436 3806 3806 5358 5358 5912 6247 5330 5330 5359 5493 5493 4045 4045 2121 2121 2266 2122 2122 2066 2066 2299 2723 1911 1911 1885 2112 2000 1927 2165 2594 2594 2595 3111 3111 2668 2163 2384
2191 2497 2497 2039 2039 2136 2030 2030 2073 2114 2158 2158 1760 1760 2028 2238 2157 2157 1997 2152 2093 3389 3389 4261 4261 2582 2582 3550 6695 6695 5179 2681 2266 2213 1668 1897 1897 2081 2003 2025 2314 2342 2342 1639 1639 1807 1894 2020 2020 2944 2944 5912 6247 5999 5999 5628 5869 5869 4172 2193 2134 2134 2171 2034 2034 1923 2066 2299 2189 2123 2060 2060 2000 2000 2044 2080 2339 2339 2757 2773 2773 2908 2163 2192
2268 3363 3363 3659 3163 3163 2097 2097 2167 2207 2158 2158 2085 2085 2413 2275 2221 2229 1997 2152 2152 2993 3718 3718 2572 2302 3550 3550 6419 6419 6363 6131 2283 2283 2100 2095 2095 2161 2229 2356 2025 2071 2342 2144 1773 1839 1772 1759 1759 2944 4509 4509 5477 6135 6032 6032 5869 5869 4172 2211 2211 2120 1933 1889 1889 1871 1964 1964 2169 2169 2060 2060 1780 2049 2049 2021 2231 2374 2374 2255 2773 2908 2339 2103
2268 2268 2650 3177 3105 3105 2990 2485 2353 2207 2372 2372 2280 2688 2688 2620 2221 2229 2229 2413 2413 2328 2350 2350 2572 2302 2257 2537 2540 4683 6630 6131 5091 3838 3838 2872 2872 2319 2229 2356 2356 2071 2297 2297 2365 2162 1772 1759 1759 2005 2697 2697 3258 3258 6032 6032 6030 4893 4893 3704 3704 1867 1867 1830 1984 1984 2124 2124 2169 2169 2171 2171 2113 1957 1957 2109 2331 2133 2374 2255 2261 2261 2872 2832
2117 2117 2565 2565 3105 3105 2990 2485 2353 2434 1993 1993 1856 2134 2688 2620 2620 2221 2221 2659 2527 2527 2305 2305 1927 1927 1855 1855 2540 4683 4683 6586 6872 6543 6543 5706 2319 2319 2142 2033 2000 2000 1920 1920 2137 2118 1984 1966 1965 1965 2025 2025 1918 4395 6096 4014 4014 6250 6250 3704 2167 2218 2218 2331 2472 2472 2124 2124 2060 2060 2290 2471 2471 2336 1957 2109 2331 2133 2133 2053 2112 2112 2320 2832
2122 2041 2565 2565 2454 2454 2450 2530 2602 2530 2128 1905 1856 2134 2134 2730 2296 2104 2406 2406 2702 2702 2880 2504 2129 2129 1855 1890 1890 2372 2372 4528 6280 3711 6543 5706 4712 4712 2757 2152 2058 2058 2158 2158 2137 2118 2118 2308 2443 2443 2462 2534 2534 2746 2924 2763 4014 6250 6250 4991 2542 2647 2925 2925 2472 2472 2712 2657 2657 2305 2487 2686 2471 2336 2095 2095 2156 2314 2314 2668 2423 2423 2320 2658
2009 2041 2065 2065 2150 2197 2197 2189 2189 2330 2128 1905 1905 2177 2493 2493 2176 2117 2184 2184 2399 2399 2669 2737 2737 2129 2101 1855 1855 2117 2117 3055 6280 3711 2584 2584 2743 2743 2348 2152 2058 2058 2040 2158 2275 2211 2414 2526 2678 2678 2734 2789 2789 3026 2924 2763 2763 3243 4003 4003 2765 2765 2925 2925 2925 2925 2555 2430 2430 2384 2487 2686 2686 2607 2327 2327 2403 2626 3011 3011 3048 2830 2830 2765
2064 1840 1921 2008 2122 2159 2159 2189 2127 2140 2171 2065 2065 2384 2493 2493 2176 1693 1665 1665 1995 2515 2669 2737 2737 2513 2513 2700 2700 2355 3055 3055 4523 2805 2179 2179 2045 2045 2348 2246 2046 2046 1909 2036 2080 2184 2565 2739 2739 3050 3050 3033 3033 3026 2840 2596 2596 2790 2896 2896 2778 2568 2717 2717 2580 2531 2531 2589 2589 2384 2384 2477 2681 2681 3028 3028 3135 2863 2888 2888 3241 3328 3328 3086
2010 1845 1790 1943 1955 1962 2041 2104 1952 1988 2034 2025 2384 2384 2331 2331 2177 1759 1740 1740 1995 2515 2515 2641 2641 2702 2702 3256 2700 2355 2577 2577 2342 2342 2064 2064 2045 2176 2176 2088 2002 1938 1909 2036 2080 2184 2332 2521 2521 2796 2796 3033 2941 2941 2662 2544 2623 2623 2885 2896 2778 2582 2542 2542 2641 2791 2531 2589 2456 2721 3073 3275 2733 2733 2703 2940 2940 2785 2916 2957 2957 2971 3328 3086
1917 1920 1911 1896 1909 1972 1935 1974 1952 1952 2067 1966 2197 2235 2161 2166 2186 2076 1740 1931 1931 2510 2510 2822 2496 2599 2702 3256 3054 3054 2543 2543 2430 2449 1905 2241 2241 2361 2361 2150 2002 1938 1938 1982 2193 2154 2416 2594 2535 2535 2796 2846 2697 2697 2514 2335 2623 2623 2885 3327 3327 2834 2830 2930 2641 2752 2949 2949 3231 3231 3275 3275 3436 3436 3490 3066 3066 2959 2817 2908 2957 2971 2779 2779
2056 2056 1993 2028 2028 2039 1935 1935 1753 1841 1909 2007 2065 2081 2109 2220 2179 2076 2024 2495 2566 2489 2489 2456 2496 2599 2599 2766 3558 3558 3303 2874 2874 2481 1903 2175 2175 2367 2361 2150 2003 1919 1919 2074 2439 2193 2458 2458 2535 2535 2278 2525 2535 2535 2450 2335 2423 2423 2935 3044 3044 2877 2939 3213 3213 3058 2942 2942 3082 3231 3364 3364 3426 3251 3251 3112 3112 2959 2959 2908 2908 2979 2885 2885
2235 2207 2120 2088 2148 2148 1989 1899 1832 1829 1824 2129 2138 2138 2118 2220 2210 2385 2431 2712 2726 2906 2456 2540 2387 2448 2160 2160 3647 3647 3681 3240 3155 1974 1974 1837 2175 2367 2247 2247 1893 2089 2339 2339 2439 2439 2458 2569 2542 2542 2364 2540 2279 2535 2450 2349 2587 2884 2884 2696 2696 2600 2937 3199 3285 3285 2992 2942 3082 3056 3019 3019 3338 3441 3251 3112 3112 2947 2947 2903 2978 2932 3483 3483
2183 2183 2161 2078 1997 2077 1986 1993 1826 1897 1856 1941 2117 2078 2078 2234 2264 2442 2390 2627 2822 2793 2716 2834 2830 2590 2363 2363 3216 3557 3564 3354 3354 1892 1892 1828 1828 2148 2275 2275 1904 2014 2339 2339 2631 2472 2579 2721 2601 2601 2438 2519 2519 2413 2634 2989 2845 2884 2884 2555 2718 2718 2747 2726 3285 3285 2992 2992 2809 2779 3273 3383 3338 3441 3441 3296 3218 3218 3347 3453 3043 3043 3483 3483
2183 2183 2100 2067 1805 1802 1897 1939 1816 1897 1856 2196 2193 2138 2000 2122 2409 2370 2430 2483 2559 2556 2393 2393 2975 2618 2339 2389 2997 3412 3412 3150 3289 2922 2194 1857 1952 1952 2106 2106 1875 1989 2233 2246 2123 1954 1954 2225 2124 2444 2444 2563 2578 2578 2781 2989 2690 2571 2571 2601 3078 3078 2886 2726 3003 3003 3023 2711 2711 2799 2799 3383 3383 3311 3311 3396 3311 3311 3453 3453 2998 3106 3656 3820
2190 2132 2085 2007 1808 1808 1900 1939 1939 2023 2001 1911 2226 2170 2122 2122 2268 2339 2294 2339 2269 2269 2452 2344 2460 2379 2284 2622 2622 2847 3401 3070 2691 2691 2371 2094 1927 2035 2027 2027 1775 1907 2374 2129 2129 2203 2203 2380 2516 2822 2822 2604 2578 2578 2781 2781 2530 2385 2480 2480 2770 3078 2886 2486 2797 2797 2948 2615 2615 2799 2956 3174 3174 3155 3085 3085 3125 3691 3796 3796 3105 3676 3473 3415
2024 1962 1962 1940 1844 1940 1930 1996 1996 2026 1873 1873 2222 2170 2064 2044 2203 2225 2274 2304 2269 2257 2267 2418 2428 2409 2409 2529 2659 2861 2861 2722 2620 2620 2058 2056 1902 1902 1904 1894 1894 2002 2007 2239 2239 2052 2125 2125 2553 2757 2667 2632 2648 2648 2760 2689 2574 2646 2473 2480 2770 2770 2802 2547 2418 2748 2748 2615 2615 2896 2982 3244 3047 3047 3148 3148 3026 3713 3894 3465 3105 3676 3473 3415
1879 1943 1943 1929 2004 1961 1961 1886 1853 2026 2050 2050 2181 2181 2057 2064 2164 2313 2274 2323 2244 2187 2182 2304 2304 2314 2374 2516 2516 2594 2645 2645 2690 2690 2017 2264 2217 1892 1892 2247 1848 1826 1875 2288 2288 2285 2219 2155 2646 2659 2732 2732 2772 2727 2500 2426 2565 2637 2517 2517 2858 2997 2997 2951 2418 2748 2748 2683 3060 3060 2813 3244 2919 2919 2916 2837 2837 3528 3528 3465 3465 3896 3896 3340
2248 2068 2068 1951 1884 2050 1961 1886 1853 1853 1896 1896 2170 2170 2164 2164 2164 2313 2328 2352 2337 2189 2189 2245 2281 2360 2479 2496 2463 2582 2377 2377 2329 2311 2321 2321 2172 1992 1919 2236 2236 1910 1946 2372 2321 2231 2248 2248 2686 2730 2741 2741 2936 2778 2778 2384 2384 2571 2527 2527 2845 2956 3052 3112 2926 3050 3050 3150 3118 3118 2702 2706 2429 2429 2467 2436 2436 3528 3528 3990 3990 3665 2945 3158
2203 2115 2086 2086 1990 2050 1961 1961 1893 1893 1710 1862 2170 2170 2179 2164 2246 2269 2269 2184 2259 2232 2209 2216 2258 2209 2318 2370 2405 2405 2231 2231 2218 2359 2359 2146 2146 1982 1982 2121 2122 2122 2128 2442 2327 2327 2341 2341 2348 2707 2750 2750 2941 2749 2749 2698 2698 2865 2997 2780 2713 2730 2736 2874 3193 3072 3118 3118 3153 3153 2756 2756 2606 2452 2359 2373 2373 3032 3625 3579 3579 2751 3007 2945
2275 2147 2131 2086 1990 2111 1955 1955 1822 1822 1710 1862 1862 2016 2114 2203 2203 2359 2359 2336 2259 2268 2268 2186 2105 2105 2318 2411 2432 2432 2299 2284 2284 2574 2389 2353 2353 2265 2265 2305 2347 2347 2202 2449 2429 2414 2467 2533 2533 2725 2814 2787 3027 2878 3144 3211 3104 3004 3004 2715 2576 2683 2837 2837 3267 2904 3000 3000 2793 2950 2950 2941 2589 2524 2524 2427 2427 2552 2946 3286 2702 2702 2982 3007
2255 2147 2131 2131 2156 2091 2082 2082 1822 1799 1799 1807 1807 1970 1970 2077 2303 2324 2442 2442 2466 2346 2272 2272 2105 2105 2254 2446 2497 2497 2537 2284 2284 2574 2473 2468 2468 2425 2410 2314 2338 2338 2461 2643 2671 2671 2571 2570 2594 2803 2713 2906 2906 3129 3154 3132 2989 2920 2861 2861 2581 2581 2922 2922 3803 3253 3084 3084 3081 2861 2957 2933 2792 2699 2699 2385 2533 2533 2946 2841 2929 2783 4570 3772
2255 2255 2062 2062 2181 2145 2082 2082 2065 2063 2063 2265 2265 2078 2078 2205 2443 2346 2462 2462 2505 2346 2272 2272 2010 2289 2289 2516 2573 2537 2537 2480 2480 2531 2629 2580 2580 2425 2410 2410 2434 2434 2551 2652 2665 2490 2490 2700 2700 2796 2841 2936 2936 3039 3071 3071 3145 3145 2799 2799 2834 2737 2987 2987 4025 3887 3472 3472 3110 2836 2836 2972 2957 3063 3063 2392 2491 2686 2954 3275 3396 4083 4528 4022
2284 2284 2064 2169 2169 2145 2129 2296 2366 2241 2311 2427 2315 2230 2230 2377 2695 2443 2514 2514 2505 2404 2353 2353 2157 2286 2286 2529 2573 2562 2562 2561 2561 2605 2718 2718 2445 2445 2402 2402 2418 2497 2497 2232 2232 2544 2544 2769 2818 2796 2821 2978 3066 3066 3014 3014 3079 2898 2618 2804 2853 2782 2782 4006 4006 3857 3581 3191 3191 3021 2879 3150 3173 2986 2865 2850 3032 3032 2824 3110 3070 3219 3219 3596
