includes/gis/MODIS_ASCII/mod13q1_ndvi_2016_145.txt
ncols         829
nrows         925
xllcorner     164106.58989296
yllcorner     9637524.0094144
cellsize      264.9945474373
NODATA_value  -9999
[rows 629 to 665 of 925, columns 336 to 419 of 829]
3578 3408 3189 1586 2334 4204 3833 3561 2447 3438 5052 5164 5164 5197 4615 5917 4207 4249 4027 4229 4339 3894 3894 3406 4199 4223 3851 3950 3659 4555 4555 4555 4166 4166 4166 4190 4190 4108 4108 4108 4499 4775 3976 4776 4367 4188 4373 4373 5026 5514 5514 5514 5430 5430 5250 5250 5250 5021 5021 4989 4567 4567 2995 2748 3580 3580 2913 2779 2736 3400 3328 3328 3328 2788 5771 6603 4895 4895 2929 3570 3560 3655 3764 4285
3393 3083 3620 3782 3665 3665 4425 3460 3417 3438 5145 5145 5843 5843 5105 5784 4207 4416 4416 4356 3220 3111 3698 3593 4257 4387 4673 4455 4002 4716 4716 4357 4357 4076 4076 4130 4130 4163 4163 4163 4039 4138 4138 4768 4575 4237 4694 5273 5273 5920 5920 5636 5636 5430 5134 5134 5134 4956 4956 4956 4401 4573 4296 3105 2216 2216 2913 3082 2958 4058 2766 3179 2525 2788 3232 5503 6142 6142 4883 3983 3856 3826 3902 4285
3952 3561 3620 4631 4084 4173 4116 3427 3417 3946 3927 4474 4370 4873 4941 5784 4130 4479 4018 4018 3264 3357 4831 4060 4294 4519 3251 3251 4946 4633 4633 4952 4952 4375 4507 4507 4507 4692 4260 4260 4322 3811 4795 4768 5070 4844 5049 4984 4327 6041 6041 5902 5902 5902 5055 5055 5055 4772 4772 4772 5058 4624 4094 3659 4207 3931 3931 3987 2938 3025 2897 2283 2125 2946 3784 5010 5939 5939 7646 4872 3893 3851 4209 4267
3807 3561 3062 3665 4389 3847 2701 4405 3745 4333 3016 3016 1726 1726 5027 4941 5010 4508 4508 5579 4831 4831 5424 5424 4884 4884 5568 5568 4635 4635 4633 4952 4952 4952 4416 4416 4416 4621 4621 4621 4298 4104 4795 5252 5252 4871 5201 4719 3792 5385 5385 5891 5832 4838 4838 4838 4711 4711 4711 5097 5097 3781 3781 4642 4512 4512 4512 4158 3162 3030 2609 2083 2125 2492 3033 3514 5932 8100 8100 6209 5216 6581 4209 4416
3624 3624 3599 3644 3166 1931 1814 4772 4944 4794 3298 3298 3210 3018 4694 5022 5022 4743 4743 4628 4203 4242 4672 4672 4597 4323 5568 5568 4365 4182 4351 4268 4005 4045 4259 4648 4648 4829 4829 5266 4072 4104 5175 5439 4768 4367 4457 4970 3982 5330 5330 5541 5541 4967 4967 4967 4696 4696 4696 5089 5089 4725 5150 4914 3152 3412 3496 3800 2808 3205 2609 2359 2274 2695 2750 3352 6104 7613 7653 7653 7984 6581 7284 7657
3465 3979 3979 4376 2600 3012 3942 4102 3221 3761 4816 4816 3397 3333 4315 4685 4847 4847 4432 4432 4760 4760 4675 5007 4450 4457 5503 5503 3111 3081 4609 4108 4005 4295 4295 4172 3887 4829 4829 5203 4072 3665 5363 4594 4909 3757 3854 3819 4015 5405 5405 5247 5294 4810 4810 4810 5109 5036 5036 5014 5014 4086 4725 4914 3893 3283 3384 3469 2808 3205 3833 3833 2413 3009 3821 4776 4623 6043 4607 7555 7987 7987 7896 6893
2986 3911 3550 3550 3629 3480 4917 3515 4439 4705 4705 4366 3132 3032 4026 4610 4610 4425 4425 4236 4139 3024 3397 4589 3847 4457 4201 3858 4119 4119 4241 4108 4158 4425 4698 4698 4402 5032 5032 3780 4009 4009 4258 3887 4345 4904 3743 5539 5539 3916 4426 5247 5247 5366 5366 5366 5421 5421 5109 4790 4790 2871 3291 4651 4293 3282 3364 3469 4057 4057 4360 3641 3030 2910 3006 3812 3137 3097 4607 6114 7256 7784 7784 7343
4019 3033 3913 3997 3909 3909 4594 4657 4439 3969 4180 4096 3262 2969 4159 4221 4221 4279 4485 3921 4280 3964 3269 4589 3847 4150 4027 3614 4131 4788 4788 4131 4028 4347 3488 2355 3462 4093 4102 4481 4248 3938 3938 3597 3778 4904 3940 5539 5539 4493 4214 5984 5984 5751 5751 5366 5421 5421 5421 4577 4577 2727 2763 3342 3647 3664 3344 3495 3562 3797 2846 2515 2334 2516 3006 2579 4172 3550 3607 4142 5706 7059 6598 6598
4707 4019 3885 3885 3885 3678 4569 4410 5274 4507 3166 3496 4096 3888 3888 4279 4612 4056 4056 3814 3814 3964 3586 3894 3894 4723 4845 3938 3739 4974 5232 4466 4500 4123 2889 2800 3462 4160 4473 4657 4047 3777 3831 3831 3778 4771 4606 3179 3749 4302 3754 4001 4058 4058 5174 5174 4096 4011 3226 3586 3927 4368 4368 4368 5091 3218 4143 3683 3491 3376 3119 2682 2334 2703 2731 2473 2735 3237 3885 2985 4012 5246 3540 2644
3265 4707 4157 4157 3547 3027 2803 3640 4900 4900 4148 4698 4244 3789 3901 3674 3674 3932 3932 3783 3901 3901 4171 3822 3934 4091 4091 3863 3532 4561 4439 4314 4314 4283 4343 2800 3325 4019 4029 4358 4221 4142 4624 4932 4932 4933 5375 5426 5108 3849 3264 3622 3663 4098 4987 4676 4011 4088 3552 3858 4060 3485 4713 4713 5091 3788 3919 4111 3626 3206 3490 2682 2315 2751 2928 3153 2583 2638 3885 3635 3737 3907 3346 2393
3265 3265 3791 3791 3547 3547 4017 4017 5030 5030 5346 3664 3664 2903 3410 3314 2669 2799 2963 3053 3709 3102 2812 3573 3540 3966 3950 3737 3532 4141 4130 4809 4676 4676 4343 4457 4022 3806 3502 3997 4220 4503 4624 4374 3687 3687 4642 5268 4921 3892 3387 3592 3777 4954 5072 5091 3897 3759 3771 3843 3827 3504 4853 4943 4943 3788 3814 3638 4481 3398 3490 2958 2675 3374 3863 3911 3202 2638 2741 3920 5478 4366 3015 2345
3100 3100 3555 3791 3928 3928 4575 4575 4657 5030 4213 4430 3623 3379 3367 3524 2864 3386 3003 3009 3208 2825 2627 2713 3189 3273 3950 3737 4418 4552 4383 4952 4622 4081 4427 4529 4639 4391 3917 3569 3776 4503 4335 3898 3492 3724 3724 4700 4921 3500 3288 3576 4033 3614 3890 4120 4248 3840 3625 3625 3826 3966 5077 4937 4943 3409 3996 3698 3739 3979 3455 3049 2742 3138 3816 3862 2674 2752 2752 3559 4625 4085 2901 2341
3248 3979 3979 3209 2682 2682 2474 3515 3618 4657 3420 3331 3607 2977 2763 2782 2602 2602 3698 3503 3880 3818 3331 2704 3189 2821 3233 3243 3878 4795 4563 3987 4622 4081 3925 4188 3602 3836 4188 3531 3776 4259 4413 4138 4026 4535 4086 3863 4569 4836 4166 3696 3663 3665 4036 3759 3766 3840 3659 3635 3790 3790 5077 4937 4937 3287 3579 3656 4152 3425 3437 3018 2707 3208 3774 3047 2674 2760 3226 3349 4352 3683 3683 2578
3549 3549 4210 3150 3179 3227 3227 4060 4060 3349 3184 3400 4061 3115 2762 2815 3390 3325 3975 3592 3817 3272 4085 3953 2844 2647 3150 3150 4011 4618 4472 4284 4136 4058 4035 4008 3551 3587 3966 4266 3416 3241 3354 3900 4111 4462 4086 3385 3385 4304 4008 3096 3587 3471 4041 3875 3766 4120 3750 3521 3747 3977 3756 4437 3551 3206 3483 3692 4115 3425 2764 2712 2873 2873 3420 2686 2390 2388 2950 2754 3574 3519 2098 2098
3743 3730 3625 3668 3130 3044 3625 3946 3968 3352 3184 3142 3875 3089 3261 3440 3275 3580 3580 2653 2574 2651 2756 2657 2899 2749 2881 3258 3258 3649 3924 4284 3956 3910 3910 3865 3674 3695 3973 3412 3026 2980 3036 3692 4109 4462 3881 2930 3117 3906 3472 3329 3587 3365 3365 3444 3716 4003 4191 3498 3306 3826 3921 3423 3423 3150 3246 3416 3744 3658 2620 3392 3688 4490 3111 2556 2556 2466 2099 1537 3137 4127 2195 2327
5533 5238 3741 3516 2615 3184 3926 3641 3620 3352 3037 3037 3870 3127 2515 3218 3163 3656 3656 3627 2835 3579 3882 3882 3710 3445 4073 4289 3884 3884 3924 4273 3652 3571 3598 3549 3848 3642 3915 4002 4131 4131 3309 2883 4109 3911 3356 3356 3079 3801 2875 3329 3223 3449 3391 3464 3550 3463 3842 3485 3154 3646 3908 3572 3222 3300 3300 3799 3634 3713 3265 3376 3482 4064 4095 3266 3027 2984 4492 4327 2977 4095 4997 4172
5906 5863 3843 3843 3221 3628 3078 3955 3275 2615 3143 3859 3516 3516 2979 3023 3163 3656 3656 3618 2828 2470 3244 3605 3605 3849 3787 4445 2987 3787 3228 3228 3530 3609 3391 3549 3549 3475 3438 3955 3670 3796 3309 2883 3714 3750 3430 3404 3520 3521 2875 2065 2283 2781 2781 4102 3563 3563 3949 3782 3205 3347 3385 3688 3681 3490 4054 3997 3487 3176 3176 3448 3546 4064 4094 3580 3703 3208 4651 4651 3485 4323 4575 4172
5906 5863 3781 3417 3950 3535 3535 3653 4057 2117 3900 4206 4574 4612 4319 3023 3321 3994 3994 4211 3779 4066 3244 3355 3604 3857 3645 3893 2987 4083 3639 3194 3194 3482 3391 3242 3318 3230 3230 3073 3477 3796 3529 3529 3476 3114 2680 3187 3578 3521 2713 2425 2530 2677 2695 2695 3250 3411 3184 3728 4155 3148 3410 3711 3805 3580 4073 3997 2966 2859 2908 3316 3546 3912 4090 3809 3488 3240 3138 4779 4651 4651 2454 3184
2856 5240 3042 3345 3526 3860 4341 4177 4057 2830 3892 3824 3143 3201 3151 3622 3141 3141 3621 4416 4416 4404 4404 3367 3589 3833 3833 3893 3827 3752 5204 5506 4873 3482 3395 3287 3178 3035 3035 2763 2868 3905 3852 3409 3409 3121 3030 3373 3755 3755 2942 2891 2581 2349 2802 2904 2814 3086 3104 3200 4155 3689 3689 2991 3857 3985 4073 4105 2801 2732 3360 3825 3770 3983 4316 3919 3408 3232 2992 2271 1903 4779 2045 2849
2856 3086 3446 3534 3626 4027 4286 4177 4361 4168 3825 4010 4226 4259 3151 3434 3620 3726 4873 4600 4600 3465 4404 3188 3302 3844 4052 4052 4245 4758 5227 5730 6479 3886 4517 5042 4478 3657 3002 2962 2868 3844 4012 3300 3881 3568 3395 3169 3312 3500 3182 3182 3025 3162 2802 3471 2894 2921 2951 3200 3787 4083 3582 2879 3521 4208 4165 4408 4128 3611 3331 3379 4143 4234 4234 3710 3454 3236 2992 2705 2116 2454 3053 2801
3935 4328 4156 4822 4870 6139 5217 5922 5922 5899 5307 5129 4958 4564 4564 4866 4257 3793 3801 4600 4600 3465 3465 2983 3097 3381 3555 3260 3260 3154 3138 3476 4558 6012 6012 5949 5907 4568 3759 2962 2962 3138 3800 3823 3412 4128 3820 3355 3353 2493 2590 3254 3254 3162 3458 3702 3817 3582 3582 3235 2462 3307 2866 2180 4636 5777 5777 4388 4150 3997 3541 3717 3393 4068 3471 3272 3272 2792 3103 2454 2360 2570 2612 2920
4362 4370 4370 4503 4867 6322 6059 6041 6041 6041 5732 5362 4129 4129 4129 3870 3690 3151 3801 3801 3801 3554 3554 3006 3053 3381 3898 3364 3259 3259 3128 3115 4558 5349 5513 5513 4304 4542 3759 3158 3962 3237 3119 3216 3412 4014 4476 3820 3291 2493 2538 2999 3807 3807 4381 4355 4219 3948 3948 3585 2470 3059 2854 2227 4301 5651 5777 5115 3817 3638 3402 4038 3567 3662 3571 3341 3261 3311 2688 2579 2543 2716 2529 2526
4148 3833 3711 3942 4404 5960 6059 6416 6185 6185 5926 5480 4129 4129 4129 3870 3870 3815 3315 3086 3107 3991 3554 3078 3053 3587 3921 3466 3312 3328 3328 3115 3297 3792 4460 4903 3946 3768 3918 3891 3414 3554 3113 3216 3184 3081 4405 4157 3695 2576 2596 2999 3401 4182 4182 4292 4308 4009 4006 4006 2871 3426 3716 2590 4301 5651 5651 4367 3897 3221 3721 3721 3611 3612 3428 2929 3545 3196 2537 2631 3451 3451 2529 2972
3744 3661 3678 3908 3962 5860 5860 6082 6082 5926 5926 5480 4299 4299 4425 4425 4425 4039 3315 3241 3351 3991 3991 3078 2750 2750 3896 3739 3852 3811 3031 3453 3453 3291 5045 5739 3946 4098 4098 4610 4563 4124 4145 3254 4239 4239 4239 4247 3570 2806 2596 2587 3031 4184 4524 4524 4748 3710 3710 4226 3113 3462 3884 3322 4523 5629 5629 4181 3937 3349 3353 3792 3633 3770 3670 2929 2406 2187 2584 3376 3109 2993 3383 3635
3597 3455 3340 3534 3852 5757 6055 6055 6082 5769 5769 5369 4725 4725 4639 4425 3588 3397 3397 3376 3341 4228 3859 3153 3518 3653 3250 3980 3787 3361 3469 3425 3196 3196 4739 5739 5640 4287 3570 3570 3281 3313 4145 4448 4851 4851 4518 4518 4228 2801 2770 2858 3786 4375 4387 4231 4231 3419 3283 3529 3514 3727 3822 4114 3453 5954 5658 4423 4101 3349 3083 3557 3631 3670 3493 3426 3277 3210 3544 3500 3389 2993 3206 3861
3462 3600 3423 3534 3871 5196 5058 5058 5602 5989 5369 5369 4552 4725 4639 4639 4015 3194 3115 3241 3106 4228 4215 3930 3677 2767 3082 3980 4356 3680 3410 3166 2968 2747 2747 5415 4881 4696 3939 3353 3353 3313 4839 4501 3102 3102 3571 4196 4518 3670 2335 2518 3137 4154 4082 3880 3867 3773 3236 2833 3536 3921 3822 4089 4253 4416 4408 4358 4101 3444 2776 3098 3209 3519 4925 4925 5190 3691 3846 3678 3389 3366 3024 3625
3867 3807 3423 3561 4281 5058 5058 5058 5602 5602 5364 5364 4835 4552 4868 4868 4015 3291 3777 4433 4357 4357 4146 3854 2881 2069 2745 4077 4077 4632 3609 2901 3040 2644 3243 4551 4550 4344 4398 3690 3234 3260 3174 3396 3444 3655 3276 4196 4636 4636 2814 2301 2497 3679 4215 3917 4027 3778 3278 3297 3423 3921 3754 3583 3112 3928 4173 4358 4058 3824 2849 2642 3265 3854 5291 5303 5303 3678 3987 3755 3653 3285 2978 3524
3925 4053 3893 3893 4421 5656 5656 5656 5954 5954 5805 5805 4835 5134 5134 5137 4608 3900 3745 3560 4357 4210 3944 3944 4010 3748 2745 4129 4338 4338 3065 2654 2709 2644 2502 3045 3738 3987 4079 4279 3234 3136 3136 3649 3827 3564 4024 4026 4626 4626 3492 3494 3494 4572 4572 4572 4725 4725 3075 3130 3423 3960 4124 3457 2632 2640 3746 4168 4168 3882 2926 2582 3144 3854 5135 5135 5090 5090 5437 5437 5437 4718 4718 4094
3937 4053 4029 4161 4416 6065 6065 6067 5954 6067 5557 5557 5411 5569 5134 4763 4742 3703 3790 3794 4460 4467 3757 3796 3796 3748 3507 3934 3478 2763 2763 2617 2709 2699 2529 3457 3457 3563 3374 4279 3298 2744 3032 3556 3323 3096 2939 2906 3178 4613 4368 3705 3492 4304 4304 4304 4640 4640 2917 2758 3246 3667 3751 3266 2686 2766 3746 4208 3868 3300 3051 3051 3231 3561 4983 4913 4913 4342 4845 4845 4883 4883 4883 4008
3937 3960 4160 3953 4752 5565 5565 5913 5913 5827 5827 5557 5411 5569 5569 4765 3772 3666 3666 3673 4660 4414 3617 3448 3623 3623 3696 3493 2986 2755 2540 2617 2572 2353 2381 3264 3400 3400 3319 3570 3539 4059 4262 3838 3543 3158 3054 2943 2896 2765 4116 4149 3705 4094 4290 4290 4670 4670 3142 2758 2797 2797 2769 3139 3235 2965 3454 3647 3612 3378 2798 2753 3524 5174 5174 4539 4539 4539 4960 4960 4845 4386 4386 3872
4198 4182 4281 4243 4230 4112 4282 4250 4662 5827 5827 5933 5933 6090 6090 5363 3534 3869 3865 3670 4660 4435 3664 3448 3591 3698 3698 3337 2959 2853 2540 2502 2502 2290 2307 2254 3565 2689 2901 3528 3709 3804 3819 3371 3268 3158 3064 3206 3113 2602 2172 3810 2293 4094 4094 4094 4667 4667 4670 3103 2880 2529 2814 2814 2619 2534 3166 3272 3173 2991 3222 3054 3357 4942 4942 5296 5202 5202 4923 4187 4187 4483 4166 4166
3382 3382 3438 3532 3783 4112 4434 4628 4639 5637 5637 5428 5428 6090 6090 5363 4393 4048 3872 3670 4591 4194 4194 4094 4094 3681 3639 3639 3119 2931 2584 2473 2376 2342 2342 2195 2609 2448 2901 3760 3760 3749 3672 3105 3268 3111 3181 2991 3032 2543 2081 4199 2603 3500 3914 3914 4563 4563 4563 4054 4597 4133 2807 2983 2392 3051 3520 3309 3151 3132 3127 3054 3053 4443 4443 5296 5296 5296 4839 3663 4403 4403 5000 4323
3932 3711 3629 3629 3781 4183 4267 4427 4405 4349 3887 3918 4170 4130 3967 4306 4202 4188 4255 3981 4474 4189 4194 4094 4094 4442 4295 3314 2941 2814 2371 2469 2467 2277 2370 2408 2572 2448 2952 3185 3429 3506 3386 3195 2879 2819 2819 2882 2860 2895 2647 3271 2387 3749 3500 4142 4142 4142 4064 3596 2977 2267 3036 3614 3760 3760 2938 2884 2884 2952 3127 3069 2811 4296 5058 5058 5058 5184 4995 4736 3604 3842 4775 4775
3804 3984 3918 3728 3954 3627 4058 4330 4488 4358 4024 3918 3915 4332 4285 4454 4454 4188 4017 3510 3455 4739 4739 4523 4523 4505 4268 3314 2894 2697 2371 2313 2444 2371 2257 2296 2496 2574 2780 2990 3426 3625 3723 3528 2603 2612 2620 2792 2749 2749 2647 2088 2157 3573 4004 3227 3227 3227 3560 3124 3151 2267 2809 3479 3728 3636 3012 2776 2709 2879 2914 3092 3150 4424 4412 4554 4554 4554 4995 4995 3020 3842 4723 4634
4204 3972 3918 3728 3954 3945 3937 4139 4155 4430 4024 4040 3873 3966 3958 4043 4515 3924 3591 3591 3928 3161 3676 3621 4210 4143 3549 3099 2678 2577 2577 2577 2488 2386 2375 2365 2131 2837 2875 2875 3172 3444 3579 3528 2581 2858 3205 3101 2715 2515 2712 2690 2346 3505 3505 3184 3139 2919 3119 3052 3151 2439 2778 3433 3398 3417 2839 2736 2708 2879 2830 2978 2978 4424 4424 4043 4043 3936 3936 4350 3279 3298 4723 4723
4251 3972 3656 3622 4049 3908 4093 3939 4155 4430 4320 4866 3901 3734 3987 3711 3506 4414 4501 3437 3367 2472 3676 4054 4021 3801 3367 2890 2726 2925 2939 2939 2698 2450 1791 2136 2131 2371 2684 2848 3327 3327 3446 3642 3263 3317 2772 2990 3276 2859 2809 2937 2430 3399 3399 3678 3678 3184 3119 2425 3016 3016 2904 2959 2919 2879 2541 2446 2708 2545 2516 2694 2825 3826 4078 3430 3430 3430 3537 2933 3867 3392 2560 3340
4251 3800 3883 3997 4209 4060 4220 4178 4138 4266 4266 4165 3929 3734 3591 3748 3795 3866 4489 4493 3471 3431 2877 3782 3573 3520 3340 2869 2593 2774 2701 2625 2625 2294 2739 2615 2539 1958 2681 2820 2991 3618 3795 3450 3079 2784 2029 1907 3497 3402 3127 2632 2574 3219 3219 3548 3548 3184 2949 2425 2582 2709 3070 3475 3475 3475 3189 3189 3451 3196 3469 2425 2306 3221 3221 2993 2993 3090 2797 2933 3371 3371 2876 3206
