includes/gis/MODIS_ASCII/mod13q1_ndvi_2016_145.txt
ncols         829
nrows         925
xllcorner     164106.58989296
yllcorner     9637524.0094144
cellsize      264.9945474373
NODATA_value  -9999
[rows 444 to 480 of 925, columns 0 to 83 of 829]
-9999 -9999 -9999 -9999 -9999 -9999 -9999 932 906 888 362 -13 -453 -220 506 174 317 896 670 354 691 943 1160 761 982 2116 3213 5821 6874 6964 6964 5687 4921 3913 3450 3252 3252 3755 3755 4470 4470 4470 4058 4648 4889 5222 5549 5717 6340 6783 7042 7042 6642 6642 6912 6401 6401 6405 6405 6067 5438 5183 4971 4971 4022 3708 3241 2824 2924 2309 1848 2482 2827 2840 2668 2444 2148 2375 2839 2932 3175 3175 3326 2991
-9999 -9999 -9999 -9999 -9999 -9999 -9999 989 1070 899 786 -13 -539 -852 -691 106 526 925 670 -31 904 904 795 970 858 1595 3213 5927 7192 5450 4885 2542 2484 2586 3088 3088 3088 3764 3764 4863 4863 4058 4648 4648 4648 5064 5404 6472 7083 8090 7042 6642 6642 6642 6912 6912 6912 6567 6567 6471 5864 5461 5153 4074 4074 4021 3265 2824 2824 2312 1994 2205 2596 2697 3029 2646 2235 2315 2839 2895 3202 3272 3193 2532
-9999 -9999 -9999 -9999 -9999 -9999 -9999 897 879 437 96 96 -378 -900 -843 902 703 1239 -436 -417 987 798 1032 1032 951 807 2085 4264 5608 5241 3112 2667 2152 2563 3333 3333 3333 3764 3764 4863 4863 5282 5383 4145 4793 5024 6086 7468 7543 8090 8090 7513 7513 7513 7323 7323 7323 7050 6471 6471 6373 6096 5239 4333 3817 3817 3265 2792 3486 2701 2701 2701 3165 3165 3165 3103 3103 3087 2255 2481 2981 3327 3350 2656
-9999 -9999 -9999 -9999 -9999 -9999 -9999 1555 854 437 -89 -152 -152 -406 -847 1343 1822 1822 13 -311 -142 324 790 728 1007 1379 2438 3469 4984 5435 2992 2059 2093 2899 3333 3333 4021 4021 4021 4433 4433 5354 5383 5567 5567 6146 7394 7470 7350 8265 8265 7631 7631 7513 7323 7323 7323 7050 6837 6837 6301 6065 5842 5236 4317 3325 3325 2679 3461 2390 2390 2390 2956 3165 3165 3103 2854 2854 2255 2255 3013 3507 3237 2887
-9999 -9999 -9999 -9999 -9999 -9999 -9999 1362 1252 1756 950 15 -414 -122 -122 -159 -774 -889 102 15 -593 123 866 1018 773 933 3625 3625 4852 5226 2992 3161 2858 2581 2824 2602 3208 3483 5331 4433 4629 5567 5648 6813 7310 7622 7622 7384 7109 8265 8265 7631 7631 7631 7407 7407 7407 7252 7252 6889 6472 6281 5594 5401 4881 3688 2622 2434 2412 1927 1716 1716 2378 2956 2956 2984 3052 3052 2408 2933 2933 3448 3128 3024
-9999 -9999 -9999 -9999 -9999 -9999 -9999 1219 922 1376 2150 -67 -431 -861 -713 -577 -577 17 824 443 -251 123 1128 944 977 1063 2857 3773 4366 4366 3870 3161 3078 2711 3267 3252 3821 3912 5331 5331 4629 5558 5763 6192 7177 7457 6823 6167 6167 7456 7456 6781 6781 7325 7325 7325 7059 7059 7059 6778 6422 6281 5820 5306 5083 4077 2693 2394 2412 2180 1881 2044 2044 2642 2969 2984 3052 3052 2776 3010 3010 3337 3166 3024
-9999 -9999 -9999 -9999 -9999 -9999 -9999 1145 1168 1168 2411 94 -1177 -918 -713 -181 514 554 1301 752 -251 263 761 1218 866 1103 1457 2020 3426 3758 3758 2913 2880 2569 2569 3267 3092 3308 5069 5069 4880 5652 5763 5387 7041 7620 7010 5786 4829 7005 7005 5142 6385 6385 6778 6778 6798 6798 7059 6778 6422 5480 5480 5048 4799 3563 2686 2587 2587 2515 1849 1927 1978 2153 2233 2357 2357 2801 3021 2881 3180 3180 3166 2742
-9999 -9999 -9999 -9999 -9999 -9999 -9999 1290 2291 2210 2394 0 588 2688 2887 2094 2153 1054 1460 1460 328 -236 -239 289 1117 1336 1676 2020 2978 2718 1994 2152 2152 2307 2800 3111 3352 3484 4335 5069 5413 5413 5810 5988 6464 6119 6585 7520 7520 4552 4460 4813 6331 6778 5793 4806 6798 6798 5018 6442 5380 4918 3755 3755 3358 2757 2686 2709 2709 2470 1897 1809 1909 2121 2233 2463 3559 3559 3533 3664 3529 2811 2811 2256
-9999 -9999 -9999 -9999 -9999 -9999 -9999 663 2241 2295 2456 -355 588 2971 1622 1622 2227 741 1295 719 719 225 -573 -875 -585 987 1676 1976 2833 2202 1790 1912 2350 3100 3100 3053 3053 2765 2820 3381 4671 5561 5832 6143 6143 5943 5454 6681 6681 4831 4746 4566 6331 6331 5793 5601 6499 6499 5633 6442 5126 4637 3493 2756 2756 2757 2858 2603 2317 2317 2026 1936 1909 2418 2420 2995 3753 3753 3974 3989 3580 3173 3368 3368
-9999 -9999 -9999 -9999 -9999 -9999 -9999 401 2373 2590 2477 -392 -699 2971 2010 2162 2144 2144 2371 2617 2437 2019 774 -168 -209 -1320 1494 1159 1526 2143 2452 2354 2607 1992 2066 2371 2331 2525 2820 3411 4142 4734 5146 5457 5607 5262 5262 6518 6518 6296 6296 4723 4993 5171 5215 5209 6194 5991 5991 6104 5429 4847 3548 2562 2385 2385 2283 2004 1900 1692 1692 1936 1807 2435 4117 4117 3641 3542 3591 3761 3492 3365 2890 2179
-9999 -9999 -9999 -9999 -9999 -9999 -9999 108 2762 2762 2485 -392 570 2750 1948 1978 2084 2187 2506 2617 2596 2373 1141 1141 553 -1320 -721 -1273 -937 -645 -441 3266 2112 2168 1887 2081 2208 2376 2966 3797 3797 4335 4676 5300 5607 5103 4334 5958 5958 5990 5990 4580 4437 4650 4540 4659 5840 5840 5840 5735 5532 4835 3491 2562 2103 1939 1939 1809 1528 1592 1823 1823 2074 2517 4028 4074 3683 3542 3675 3675 3376 2935 2780 2992
-9999 -9999 -9999 -9999 -9999 -9999 -9999 1083 1955 1490 1250 1770 3107 3221 1708 1830 2417 2408 2428 2648 2127 2393 1568 1226 1483 1407 1407 -119 -394 -1701 -1488 142 2112 1483 2119 2398 2167 2376 2835 3620 3949 3949 4569 5166 5499 5277 5009 5902 5902 5769 5807 4073 4093 4093 4512 4643 4460 4312 4312 4700 3865 3865 3491 2622 1906 1816 1751 1756 1602 1593 1702 2105 2105 2322 3547 4074 3794 3800 3227 2741 2741 2584 2816 2992
-9999 -9999 -9999 -9999 -9999 -9999 -9999 1416 1522 1619 1462 1770 2278 1871 1818 2446 2544 1682 1705 1478 2344 1283 1497 1576 1694 1417 1795 1576 2508 -9999 -9999 -1724 -1724 -122 586 1500 2167 2244 2589 3085 3361 3545 4033 4033 5410 5188 4930 5779 5779 5452 5452 3937 3584 3886 3886 4643 4409 4009 4726 4423 3458 2469 2377 2377 1924 1820 1726 1593 1837 1837 1792 2043 2043 2233 3547 4351 4156 3892 3545 2661 2661 2335 2816 2555
-9999 -9999 -9999 -9999 -9999 -9999 -9999 1711 1601 2115 1729 2307 2256 1806 2871 2871 2941 2081 1755 1816 1737 2337 1497 1649 2322 2454 1752 1277 2508 -1913 -9999 -1971 -9999 -1614 -1614 -1313 1808 2083 2088 2373 2605 2939 3339 4521 4405 4299 4354 4869 4803 4595 3729 3634 2793 2142 2405 2918 2800 2924 4252 4122 3263 2201 2010 1742 1763 1444 1814 1578 1586 1877 1877 2096 2207 2233 3026 3968 4329 3974 3687 2809 2324 2335 3059 3052
-9999 -9999 -9999 -9999 -9999 -9999 -9999 1265 1911 1519 1836 2031 2429 1767 3086 2923 2941 1976 1721 1637 1875 2337 1572 1774 2148 2170 1905 1854 2299 1496 1496 1485 1804 -9999 -9999 -1642 2166 2166 2062 1975 2345 2910 3339 3372 3504 3504 3800 4331 4559 4335 3624 3073 2557 2131 1919 2420 2370 2370 3631 3312 3632 2711 2007 1992 1526 1559 1624 1416 1438 1568 1533 1531 2207 2116 2116 2619 3599 3526 3526 2809 2398 2852 2685 2818
-9999 -9999 -9999 -9999 -9999 -9999 -9999 2039 1674 1519 1444 2596 2506 2182 3586 3037 2552 1813 1471 1214 1875 1680 1680 1777 1965 1762 2008 2192 2509 1776 1690 1690 1589 -1772 -1109 -1811 1785 2097 2055 2153 2044 2448 2727 2534 3308 2931 3337 3926 3926 4335 3757 3100 2737 2053 1919 1871 1926 2234 3251 2761 2761 2665 1821 1460 1460 1360 1513 1658 1521 1603 1603 1531 1897 2110 2110 2107 2416 3327 3526 2867 2525 2883 3594 3739
-9999 -9999 -9999 -9999 -9999 -9999 -9999 1381 1900 1840 3555 1887 1889 1706 1706 1551 2237 1964 1717 1505 1630 1558 1267 1722 1722 1772 1565 2192 2041 1742 2057 1659 2190 -1146 -1411 -1811 -1947 1359 251 1458 2015 1817 2563 2859 3290 3010 3348 3331 3775 3417 3578 3000 2425 2053 1808 1697 1804 1933 2936 2177 2177 2330 1782 1435 1399 1399 1331 1641 1521 1749 1603 1560 1839 1943 1949 1949 1911 3327 3192 3192 2749 2363 3574 2381
-9999 -9999 -9999 -9999 -9999 -9999 -9999 2164 1979 2040 2357 2357 2786 1762 1499 1512 1512 1891 1863 1517 1870 1626 1406 1692 1607 1607 1565 1536 1862 1827 1560 1565 1776 1581 1983 1677 1677 -9999 -1445 1202 1623 1817 2348 2451 2368 3033 3075 2592 2881 2881 2851 2580 2099 1817 1693 1776 1758 1731 2499 1950 1950 1965 1689 1641 1438 1423 1682 1641 1501 1749 1623 1623 1674 1920 1872 1868 1868 2374 3204 3341 2539 2844 3575 2560
-9999 -9999 -9999 -9999 -9999 -9999 -9999 2101 1979 2134 2176 1896 2207 1688 1449 1713 1573 1809 1809 1517 1873 1801 1543 2495 1548 1880 1822 1504 2317 1876 1178 1458 1762 1656 1600 1913 1957 -1534 -1903 -722 1875 1853 2118 2372 2181 2581 2712 2592 2079 2020 2025 2025 1916 1940 1831 1853 1741 1575 1419 1323 1387 1292 1394 1444 1405 1502 1682 1721 1721 1388 1702 2388 2388 2212 1730 1892 2455 2455 3204 2965 2698 2398 2247 2352
-9999 -9999 -9999 -9999 -9999 -9999 -9999 2101 1806 1750 1398 1761 2132 1454 1605 1460 1685 1685 1730 1669 1673 1673 1570 1283 1625 1695 1354 1611 1674 2108 1404 1591 1463 1642 1772 2008 1914 286 -1509 -722 1306 2058 2143 2143 2063 2025 2712 1938 1707 1744 1794 1689 1689 1858 1792 1585 1484 1329 1524 1190 1135 1090 1401 1401 1625 1655 1675 1578 1548 1068 2054 3379 2557 2212 1992 2481 2721 2377 2592 2211 2211 1870 2144 2257
-9999 -9999 -9999 -9999 -9999 -9999 -9999 1581 1692 2010 1260 1810 1289 1465 1639 1553 1616 1333 1578 1434 1434 1482 1673 1422 1572 1464 1460 1035 1567 1459 1404 1554 1382 1729 1736 1764 1826 257 -1509 -9999 -1345 1308 1915 2023 1945 1626 1374 1665 1646 1625 1940 1764 1657 1713 1652 1477 1267 1267 1187 1361 1164 1174 1386 1420 1625 1926 1564 1633 1363 1336 1951 2206 2557 2466 2466 2575 2652 2188 2360 1951 2170 2170 2036 2057
-9999 -9999 -9999 -9999 -9999 -9999 -9999 1712 1712 1865 1010 1978 1443 1289 1559 1352 1545 1333 1339 1452 1440 1528 1279 1422 1517 1323 1283 1222 1330 1333 1392 -44 103 29 105 163 489 257 -593 -1394 -1962 -812 -45 829 1750 1850 1601 1779 1607 1663 1945 1907 1657 1699 1441 1294 1200 1019 1160 1107 1107 1124 1290 1375 1684 1681 1586 1539 1343 1543 1951 2206 2078 2219 2219 2392 2607 2311 2117 2032 1794 1892 1935 2015
-9999 -9999 -9999 -9999 -9999 -9999 -9999 1449 1206 1289 1376 2020 1535 1272 1377 1407 1545 1220 1434 1215 1360 1351 1279 1434 1608 1269 1185 1269 1321 1333 1515 680 -218 565 363 579 -131 441 255 -170 -979 -1206 -1784 -1680 1756 1727 1198 1536 1547 1633 1906 1852 1733 1685 1238 1294 1046 991 1082 1157 1114 1114 1290 1737 1696 1557 1557 1503 1579 1423 2516 2494 2288 2385 2519 2519 2487 2250 2052 2183 1943 1892 1771 1822
-9999 -9999 -9999 -9999 -9999 -9999 -9999 1449 1550 1443 2442 2009 1383 1482 1847 1407 1471 1281 1085 1311 1310 1315 956 956 1101 1252 1448 945 1222 1280 1365 367 2105 686 396 93 1915 441 385 -415 -415 -405 -906 -1680 -1266 -900 1717 -910 639 639 1906 1884 1742 1569 1464 1381 1059 949 933 1255 1343 1299 1256 1382 1702 1639 1639 1639 1704 1423 1906 3037 3001 2262 2255 2425 1911 2012 1948 1929 1929 1904 2072 2364
-9999 -9999 -9999 -9999 -9999 -9999 -9999 1540 1902 1450 2442 1831 1170 1957 1979 1558 1558 1136 1176 1149 1409 1314 1025 1241 1072 1072 1364 1275 1222 1151 1234 655 655 344 1717 969 1915 283 -34 562 87 104 -821 -821 819 -310 -641 739 -1248 1290 1386 1386 1388 1689 1464 1266 1337 1097 1192 1307 1364 1299 1269 1726 1896 1791 1745 1561 1584 1410 2079 2326 2867 2081 2118 2034 1625 1925 1925 1887 1994 2015 2022 2149
-9999 -9999 -9999 -9999 -9999 -9999 -9999 1734 1625 1536 2559 1510 1263 2455 1873 1353 1046 1046 1017 1210 1238 1314 1491 1268 1135 1505 1017 1017 1052 1176 1106 1292 392 392 1493 1203 848 83 594 415 110 104 81 97 498 498 152 -308 -1055 -358 421 510 510 1630 2028 1477 1605 1331 1132 1186 1301 1212 1345 1901 1754 1780 1546 1437 1584 2404 2404 2801 2936 2012 2118 1875 1754 1676 1790 2077 1994 1961 1968 2002
-9999 -9999 -9999 -9999 -9999 -9999 -9999 1566 1828 1536 2222 1345 1638 2052 1600 1471 1189 890 933 933 1238 1280 913 1150 1210 1095 715 1221 1221 1192 1162 1328 1455 1328 1201 541 541 2021 1011 1554 1639 1752 463 114 47 32 32 -308 549 -381 -268 416 1057 1150 1401 1509 1360 1336 1682 1920 1301 1554 2099 2006 1655 1726 1653 1437 1430 1825 1434 3307 3025 2437 1908 1783 1783 1727 1868 2077 2033 1816 1816 1965
-9999 -9999 -9999 -9999 -9999 -9999 -9999 1366 1828 1612 935 1494 1485 1680 1587 1948 2802 967 1180 1244 1233 1169 428 1176 997 1034 854 1142 1111 1205 922 1105 1455 1200 960 970 877 1297 1297 1081 1465 1614 280 -350 363 310 467 30 -217 295 596 271 1466 1150 1016 1459 1459 1805 2117 1920 1666 1961 2291 1914 1914 1762 1686 1479 1561 2263 1430 3038 2637 1864 1864 1816 1816 1866 1868 1969 2056 1892 1991 1991
-9999 -9999 -9999 -9999 -9999 -9999 -9999 1366 1662 1522 1522 1390 1609 1498 1521 1596 2044 887 1105 2000 2176 2256 1155 1155 1015 1126 1284 1031 804 505 833 1310 1310 1360 821 590 560 417 463 1061 1298 1298 222 0 -282 320 467 -191 -191 280 640 784 1080 1698 806 2295 2341 1752 2117 1947 1635 1470 1449 1750 1666 1870 1870 1513 1634 2207 1750 1782 2432 1994 2086 2154 2154 1889 1706 1964 2131 2258 2168 1912
-9999 -9999 -9999 -9999 -9999 -9999 -9999 1573 1293 1363 1200 1503 1503 1397 1680 1564 1810 2506 1745 2000 2327 2037 2037 1044 1015 954 1871 1086 1070 1026 1797 1218 1258 1258 1101 741 357 212 320 1101 1371 1038 177 -98 -102 691 217 -208 62 443 443 888 1080 2006 1323 1204 891 1397 1708 1529 1352 1352 1381 1462 1603 1685 1642 1706 1706 2098 1648 1960 2671 2248 2044 2109 1622 1622 1706 1797 1950 1793 1998 1890
-9999 -9999 -9999 -9999 -9999 -9999 -9999 1338 1421 1457 1629 1081 1233 1578 1528 1444 1707 1596 1745 1950 2025 2173 2123 1044 985 985 913 1032 1034 1059 1841 1382 1238 1298 2200 2200 1612 1221 877 1040 1434 754 -84 -235 0 691 302 -47 591 248 679 1106 1254 1576 1672 1672 891 1138 1524 1420 1559 1559 1610 1464 1603 1615 1649 1772 2297 1768 1768 1960 2270 2425 1993 1794 1683 1831 1831 1791 1895 1998 1731 1915
-9999 -9999 -9999 -9999 -9999 -9999 -9999 1240 1442 1586 1788 1619 1291 1302 1711 1833 1397 1596 1648 1702 1926 1950 2396 990 1023 824 1207 1207 1255 866 1841 1272 1415 1324 1556 1583 1612 959 1072 1198 1210 1075 -638 -203 0 757 1644 1644 1673 387 679 1106 1878 1538 1779 1573 1714 1401 1703 1504 1563 1515 1515 1437 1869 1858 1491 1973 2692 1808 1756 1756 2109 2440 2061 1708 2015 1580 1690 1968 1787 1898 1825 1915
-9999 -9999 -9999 -9999 -9999 -9999 -9999 1166 1641 1731 1788 1568 1594 1671 1774 1570 1397 1648 1671 1380 1287 1313 741 884 839 512 925 850 804 866 835 1284 1447 1717 1592 1391 1063 1334 1334 1604 940 1017 2057 1361 1545 1300 1614 1757 1529 387 740 1252 1434 1454 1569 1573 1151 1151 1495 1593 1714 1619 1923 2337 1532 1985 1648 2072 3738 1808 1748 2195 2571 2571 2061 1888 2015 1814 1698 1751 1872 2135 1892 1913
-9999 -9999 -9999 -9999 -9999 -9999 -9999 1921 1775 1480 1232 1275 1196 1578 1859 1444 1396 1900 1745 1269 977 977 741 963 854 681 818 1063 804 791 791 943 1183 1925 1447 -70 -71 29 -374 1175 940 843 1796 1240 1196 1333 1630 1497 1066 355 460 1167 1216 1381 1569 1675 1456 1245 1512 1763 1650 1610 1901 2337 1547 1695 1704 2009 3665 1715 1533 1761 2234 2044 2044 1888 2459 1852 1853 1862 2013 2135 2315 2008
-9999 -9999 -9999 -9999 -9999 -9999 -9999 1866 1777 1571 1252 1404 1247 1972 2553 1444 1890 1890 1722 1228 1240 657 657 917 849 620 821 841 858 845 1121 1111 805 1081 1371 74 409 -222 -222 1176 983 983 1614 1232 1337 1328 1586 1497 1143 387 72 1255 1630 1396 1555 1538 1296 1580 1374 1679 1593 1428 1764 1955 1592 1593 1630 1684 3070 1978 1730 2140 2262 1793 2341 3069 3069 2023 2073 1975 2042 2253 2868 2171
-9999 -9999 -9999 -9999 -9999 -9999 -9999 1866 1741 1407 1136 1345 1081 739 963 1191 1988 1638 1929 870 729 913 880 909 635 1716 2277 1843 666 831 1148 1196 1269 963 1216 596 432 58 334 1171 1048 1507 1411 1411 1507 1324 0 -89 1412 1567 1629 1548 1548 1396 1610 1594 1491 1571 1311 1679 1523 1399 1653 2104 1581 1457 1565 3723 3072 1821 1821 2033 2262 1792 2294 2427 1941 1938 1932 1752 1689 1912 3109 2385
-9999 -9999 -9999 -9999 -9999 -9999 -9999 -9999 1863 1863 2252 1219 1043 1258 746 633 1590 1193 1161 1085 1098 741 741 979 1012 1038 1118 1843 1603 1037 1126 1306 1269 1161 1557 428 1002 876 754 1171 1375 1495 1511 1532 1509 1509 247 -89 1407 1642 1465 1534 1318 1470 1470 1594 1433 1675 1500 1567 1571 1531 1510 1521 1534 1388 1389 1813 3060 1800 2125 2033 2083 2001 2833 3962 2212 1927 1932 1439 1798 1822 2903 2400
