includes/gis/MODIS_ASCII/mod13q1_ndvi_2000_273.txt
ncols         829
nrows         925
xllcorner     164106.58989296
yllcorner     9637524.0094144
cellsize      264.9945474373
NODATA_value  -9999
[rows 629 to 665 of 925, columns 85 to 169 of 829]
2083 2097 2454 2379 1974 1458 1586 1635 1605 1706 1523 1561 2003 1683 2006 2006 1737 1179 1437 1648 1802 1853 1853 1810 2025 2229 2108 1955 1843 2037 2037 1859 1756 1691 1629 1609 1732 1789 1843 1900 1790 1739 1781 1962 2047 2091 2169 2169 2090 2003 2019 2043 2469 2798 2562 2405 2452 2389 2289 2373 2135 2135 1827 1829 1829 1862 1961 2306 2207 2412 2614 2614 2333 2333 2285 2247 2346 2435 2576 2634 2646 2646 2729 2838 3056
2340 2389 2407 2377 1840 1501 1586 1687 1646 1646 1505 1491 2003 2082 1930 1686 1401 1401 1382 1553 1693 1506 1951 1951 2071 1991 1908 1955 1807 1758 1707 1701 1747 1759 1726 1705 1662 1697 1757 1690 1690 1706 1811 1841 1985 2091 2015 2007 1953 1953 2022 2104 2267 2616 2301 2462 2483 2483 2692 2661 2256 2166 2023 1894 1894 1862 1961 2421 2214 2331 2448 2446 2304 2289 2289 2285 2262 2458 2559 2689 2820 2848 2698 2624 2624
2394 2604 2604 2595 1591 1501 1603 1788 1630 1635 1635 1598 1736 1876 1852 1848 1445 1476 1476 1504 1719 1418 1606 1774 1757 1757 1908 1913 2089 1927 2053 2034 1710 1737 1697 1662 1569 1578 1757 1741 1718 1812 1812 1849 1938 1893 1980 2070 1976 1928 1928 1984 2267 2588 2452 2684 2782 2772 2772 2794 2337 1966 1856 2028 1967 1967 1954 2402 2201 2283 2284 2311 2304 2236 2370 2292 2292 2571 2686 2686 2814 2827 2736 2945 3091
2368 2448 2464 2315 2315 1509 1661 1721 1724 1740 1737 1549 1701 2037 2135 1988 1477 1391 1456 1456 1705 1450 1501 1604 1858 1860 1921 2003 2003 2094 2218 2034 1757 1778 1631 1631 1617 1578 1668 1656 1776 1758 1751 1751 1785 1729 1860 1977 1980 2005 2005 2262 2262 2293 2339 2629 2793 2968 2825 2476 2452 2117 2052 2082 2025 2025 2044 3874 2190 2238 2534 2311 2211 2151 2183 2249 2242 2476 2641 2716 2953 2827 2725 3082 3086
2504 2417 2377 2381 1695 1648 1725 1699 1596 1748 1774 1549 1591 1862 1804 1826 1632 1577 1452 1516 1565 1662 1642 1809 1858 1934 1987 2015 1952 2053 2054 2292 1997 1738 1630 1630 1630 1598 1630 1688 1720 1646 1647 1769 1810 1765 1927 1879 1957 1953 2044 2193 2308 2300 2376 2300 2594 2773 2540 2474 2346 2033 1980 2137 2110 2110 2148 4126 2299 2280 2534 2208 2241 2148 2197 2245 2329 2470 2601 2706 2953 2704 2704 2964 2976
2301 2253 2259 2335 1782 1713 1761 1701 1620 1863 1774 1866 1817 1958 2038 1977 1667 1497 1523 1604 1629 1524 1735 1809 1898 1886 1876 1780 1766 2063 2054 2202 2023 1661 1579 1572 1620 1638 1673 1632 1618 1624 1605 1769 1843 1802 1932 1964 1916 1924 2027 2181 2223 2391 2355 2300 2426 2488 2350 2382 2507 2332 2073 2073 2161 2148 2148 2395 2395 2395 2504 2202 2244 2339 5023 2272 2325 2373 2606 2706 2978 2916 2849 2903 2976
2325 2276 2306 2335 2085 1903 1903 1884 1739 1863 1889 1808 1888 2102 1972 1561 1561 1386 1474 1482 1450 1481 1583 1703 1706 1771 1687 1681 1742 1866 1693 1693 1908 1997 1569 1558 1620 1619 1635 1580 1687 1734 1605 1618 1698 1700 1950 2030 2078 2051 2036 2157 2108 2200 2300 2357 2357 2360 2238 2362 2369 2212 2168 2073 2161 2191 2191 2404 2404 2321 2151 2366 2366 2429 2379 2409 2409 2421 2585 2694 2909 2921 2944 3023 2838
2337 2146 2306 2490 2363 1943 1883 1753 1660 1660 1559 1668 1919 1921 1972 1640 1478 1572 1572 1525 1422 1351 1626 1518 1604 1600 1633 1655 1637 1637 1591 1601 1738 1971 1535 1558 1573 1580 1516 1543 1543 1734 1741 1716 1723 1818 1995 2030 2136 2136 2131 2076 2160 2241 2300 2311 2405 2576 2354 2354 2371 2212 2012 2116 2116 2159 2099 2099 2066 2154 2310 2310 2368 2368 2422 2447 2377 2421 2603 2631 2623 2736 2974 3036 2931
2147 2136 2277 2277 2298 2063 2012 1753 1666 1776 1870 1870 1768 1836 1887 1788 1530 1448 1437 1437 1316 1351 1568 1603 1615 1572 1558 1592 1632 1641 1574 1722 1738 1842 1719 1526 1558 1463 1423 1491 1496 1617 1617 1680 1887 1841 1995 2088 2038 2030 2124 2124 2190 2189 2380 2365 2530 2574 2305 2214 2371 2332 2247 2247 2247 2195 2059 2059 2066 2154 2488 2346 2279 2267 2247 2352 2352 2392 2511 2666 2666 2712 2754 2820 2931
2195 2281 2319 2432 2432 2181 2012 1736 1745 1857 1845 1726 1734 1734 1774 2028 1638 1582 1682 1693 1316 1287 1586 1523 1514 1694 1548 1493 1544 1555 1376 1450 1556 1567 1738 1781 1537 1460 1452 1491 1450 1512 1617 1716 1716 1736 1995 2021 1983 2049 2089 2186 2186 2189 2331 2301 2393 2502 2305 2214 2178 2178 2241 2172 2205 2058 1968 1912 1926 2117 2313 2304 2287 2287 2274 2248 2256 2305 2381 2528 2502 2634 2634 2820 2928
2449 2352 2339 2450 2213 1957 1938 1851 1951 2057 2161 1988 1741 1860 2121 2131 1689 1432 1501 1689 1663 1560 1624 1658 1479 1890 1756 1595 1449 1349 1358 1459 1616 1658 1741 1575 1534 1433 1403 1389 1453 1495 1567 1704 1774 1774 1847 2032 1976 1994 1910 1947 2101 2256 2230 2305 2366 2396 2223 2125 2058 2189 2189 2048 1904 2127 2127 2043 1889 2125 2279 2304 2342 2342 2333 2338 2236 2255 2240 2532 2460 2587 2491 2728 2583
2328 2328 2379 2682 2369 1864 1969 2001 2072 2147 2079 1933 1741 1897 2064 1926 1620 1575 1640 1689 1775 1680 1475 1564 1467 1792 2105 1944 1726 1506 1378 1406 1581 1776 1859 1582 1511 1412 1403 1459 1444 1580 1646 1750 1848 1836 1836 1918 1950 1850 1778 1957 2101 2135 2218 2276 2317 2407 2153 2078 2049 2025 2110 1961 1762 1876 1887 1887 1876 2125 2279 2298 2329 2329 2333 2404 2419 2543 2523 2250 2375 2543 2491 2440 2695
2270 2239 2249 2370 2356 1864 1943 2062 1972 2020 2109 1933 1970 2135 2054 1991 1656 1595 1640 1638 1283 1315 1342 1441 1703 1703 2090 2019 1859 1508 1410 1485 1655 1879 1845 1553 1494 1429 1398 1497 1479 1606 1676 1727 1848 1932 1922 1912 1896 1962 1982 1957 2107 2289 2370 2264 2204 2237 1959 1959 1934 2095 2110 2059 1794 1837 1948 1930 1930 2209 2182 2129 2350 2416 2320 2371 2371 2483 2523 2448 2619 2619 2687 2573 2671
2210 2210 2236 2108 2356 1918 2000 2102 2000 2000 1930 2020 1978 2036 1934 1532 1617 1454 1454 1405 1527 1742 1877 1441 1632 2050 2050 2219 2126 1678 1778 1895 2136 1988 1899 1672 1621 1587 1416 1552 1552 1584 1645 1727 1749 1824 1836 1788 1950 1950 2112 2233 2181 2191 2102 2139 1968 1900 1881 1881 1944 2095 2147 1937 1937 2007 2139 2088 1930 2209 2190 2148 2334 2416 2416 2348 2408 2408 2458 2444 2533 2628 2638 2090 2746
2244 2199 2289 2108 2363 1981 1989 2035 1990 1797 1930 1837 1837 1884 1902 1608 1699 1595 1642 1795 1795 1979 2012 1680 1944 2171 2197 2453 2453 1847 1672 2220 2023 1704 1704 1667 1749 1587 1413 1573 1660 1677 1677 1809 1835 1844 2006 1928 1839 1871 2015 2015 2128 2062 2175 2273 1996 1854 1968 2021 1944 2184 2211 2138 2195 2195 2139 2088 2071 2173 2087 2051 2163 2066 2173 2104 2288 2409 2572 2415 2539 2478 2519 2527 2412
2132 2242 2216 2289 2376 2071 1932 1969 1997 1788 2030 2011 2001 2001 1848 1608 1678 1809 1725 1776 1876 1876 2012 1964 2011 2010 2110 2365 1757 1847 1635 1839 1797 1714 1910 2094 1749 1623 1407 1246 1604 1767 1776 1693 1693 1816 2076 2037 1915 1953 1997 2035 2005 2005 2090 2273 1915 1870 1939 2021 1954 1954 1970 2020 2243 2195 2015 2008 2044 2147 2126 2110 2083 2066 2066 2110 2541 2527 2527 2545 2613 2641 2519 2422 2440
2038 2313 2216 2387 2261 2144 2144 2066 1957 1987 2085 2199 2168 1742 1742 1823 1699 1940 2100 1658 1517 1550 1964 2007 1947 1757 1590 2047 1757 1448 1448 1556 1597 1782 2049 2094 1767 1722 1665 1232 1534 1991 2129 2052 1931 2019 2019 2122 1694 1807 1791 1814 1889 1847 2090 2121 1980 2002 1939 1940 2078 2059 2059 1982 2243 2121 2121 2249 2332 2207 2195 2205 2126 2114 2130 2201 2627 2549 2758 2732 2715 2641 2489 2426 2520
1905 1782 2019 2153 2085 2013 1979 1957 1852 1904 1981 2040 1947 1785 1718 1718 1731 1706 1948 1691 1535 1550 2082 1810 1803 1789 1844 2047 2216 1735 1492 1725 1674 1958 2281 2196 1991 1767 1775 1361 1502 1708 2055 2144 1944 2041 2221 2122 2142 2081 2099 1957 1727 1714 1819 1819 2076 2271 2384 2402 2218 2168 2168 2019 2189 2169 2178 2178 2207 2228 2211 2187 2266 2304 2241 2294 2648 2530 2605 2531 2715 2612 2497 2625 2508
1655 1753 2043 2205 2113 1929 1881 1957 1995 1925 1851 2034 1818 1785 1712 1888 1856 1807 1810 1679 1535 1710 1762 1677 1768 1966 1903 1986 2225 2168 1652 1409 1555 1555 1940 2255 1830 1856 1357 1351 1545 1609 1716 1773 1745 1765 2221 2213 2102 2041 1964 1797 1826 1714 1847 2010 2149 2234 2222 2402 2059 2142 2148 2229 2194 2174 2155 2189 2189 2228 2323 2428 2186 2195 2203 2257 2600 2441 2533 2385 2628 2628 2617 2721 2381
1788 2194 2194 2135 2179 2020 1881 1894 2024 2037 2037 2106 1893 1794 1763 1895 2012 1868 1868 1679 1439 1477 1545 1798 1926 2088 2117 2117 2232 1904 1417 1296 1264 1579 1566 1566 1878 1748 1357 1187 1249 1547 1767 2032 2052 1765 1847 1840 1807 1820 1845 1892 1826 1977 2057 2178 2184 2259 2259 2272 2119 2090 2157 2166 2167 2084 2201 2199 2234 2234 2257 2287 2275 2299 2291 2246 2452 2324 2304 2385 2396 2529 2557 2721 2443
1937 1967 2078 2078 2181 2020 1950 1894 2003 2147 2045 1835 1835 1798 1762 1891 1995 1751 1670 1670 1602 1585 1736 1832 1610 1925 1921 2101 2101 1944 1432 1245 1264 1451 1364 1376 1376 1698 1452 1266 1386 1653 1653 1904 1995 1936 1927 1821 1823 2034 2075 1892 2028 2019 2108 2103 2252 2403 2437 2368 2119 2156 2169 2122 2155 2074 2203 2199 2231 2309 2309 2353 2331 2471 2291 2246 2833 2384 2220 2261 2386 2371 2452 2524 2322
1929 1626 1880 2093 2181 1962 1849 1896 1887 2022 1931 1908 1885 1874 1859 1873 1864 1763 1641 1626 1691 1781 1781 1884 1610 1879 2050 2032 1757 1782 1782 1245 1258 1361 1499 1474 1642 1667 1410 1280 1565 1609 1657 1980 1995 2067 1866 1907 1918 1990 2075 1982 2217 2217 2164 2180 2174 2372 2357 2382 2194 2194 2190 2178 2117 1910 2203 2172 2189 2240 2297 2297 2327 2471 2348 2284 2472 2472 2220 2190 2204 2480 2492 2519 2345
1938 1822 1756 1745 1778 1778 1711 1786 2007 2022 1938 1926 2015 1882 1781 1781 1895 1807 1490 1551 1645 1621 1843 1843 1512 1616 2006 1909 1592 1828 1631 1631 1362 1370 1510 1663 1725 1667 1330 1323 1594 1608 1831 1980 1913 1913 2023 2000 2038 2037 2032 2032 2101 2129 2133 2133 2174 2288 2317 2280 2191 2218 2218 2179 2052 2038 2038 2213 2230 2258 2294 2411 2327 2391 2359 2337 2535 2472 2472 2260 2247 2573 2492 2463 2485
1947 1705 1672 1745 1777 1737 1759 1759 2009 1926 1951 2038 2005 1985 1964 1898 1895 1741 1558 1440 1499 1793 1703 1814 1814 1938 2096 1600 1512 1828 1587 1355 1355 1291 1567 1735 1725 1623 1481 1434 1538 1554 1834 1959 1977 1980 1921 1975 1975 2050 2122 2109 2083 2124 2152 2232 2269 2357 2352 2289 2171 2214 2214 2141 2052 2051 2188 2188 2168 2164 2197 2411 2411 2468 2521 2574 2887 2807 2578 2589 2648 2387 2492 2445 2282
1661 1889 1672 2111 2063 1937 2014 2029 2057 1991 2074 2034 2095 1976 1944 1836 1977 1869 1803 1627 1682 1976 1703 1623 1944 2228 2114 1764 1733 1439 1439 1329 1281 1433 1682 1735 1561 1553 1566 1511 1732 1933 1915 1995 2050 1993 1928 1931 1927 1927 2094 2223 2220 2153 2128 2232 2327 2291 2203 2243 2056 2055 2107 2141 2153 2046 2125 2163 2163 2175 2197 2287 2125 2189 2310 2428 2822 2735 2768 2765 2467 2424 2435 2535 2475
1796 1796 2048 2053 1898 1935 1945 1945 1893 2078 2003 1958 1970 1921 1832 1836 1747 1718 1731 1670 1726 1976 1849 1865 1978 2179 1805 1586 1733 1479 1485 1484 1467 1642 1622 1490 1605 1438 1436 1571 1515 1933 1931 1997 1964 1918 1926 1931 1910 1964 2123 2159 2238 2133 2128 2114 2169 2179 2246 2257 1951 1908 2107 2058 2058 2107 2181 2134 2103 2103 2013 2137 2307 2279 4088 2838 2838 2777 2720 2667 2591 2424 2577 2276 2659
1875 1984 1938 1997 2007 2047 1992 1902 1811 1926 1883 1913 1897 1874 1790 1710 1647 1644 1621 1668 1726 1911 1837 1693 1818 1889 1648 1770 1770 1559 1459 1628 1836 1570 1730 1730 1802 1527 1518 1571 1515 1832 2035 2035 1948 1896 1921 2003 1968 1997 2123 2123 2074 2133 2181 2205 2137 2066 2017 2025 2071 2070 1978 2169 1867 1867 2257 2221 2299 2167 2167 2249 2394 2368 4000 2749 2800 2876 2876 2825 2591 2544 2540 2734 2521
1991 1835 1802 1952 1910 1880 2022 1876 1811 1915 1943 1912 1894 1842 1815 1762 1639 1737 1715 1750 1789 1791 1868 1882 2000 1448 1738 1695 1570 1665 1543 1624 1691 1458 1837 1738 1558 1558 1518 1529 1678 1765 1896 1844 1844 1947 1921 1916 1969 2035 2134 1931 2074 2008 2106 2121 1879 1882 1892 1984 2089 2178 1913 1891 1869 1969 1969 2322 2331 2258 2305 2305 2384 2391 2305 2347 2365 2391 2437 2419 2357 2905 2769 2501 2456
2087 2045 1834 1789 1789 1868 1943 1876 1861 1954 2015 2027 1928 1905 1815 1820 1749 1859 1748 1634 1724 1802 1913 1884 1677 1597 1463 1549 1660 1517 1386 1624 1613 1437 1574 1751 1612 1597 1282 1480 1687 1699 1885 1930 1982 1947 1953 1982 2077 2061 1961 2112 2122 2005 2005 1799 1923 1894 1901 2094 2163 2410 2168 2133 1992 2093 2245 2475 2461 2297 2323 2323 2252 2391 2312 2364 2364 2382 2349 2419 2357 2357 2676 2396 2412
2365 2211 1919 1852 1946 1946 1943 1972 1976 1997 2017 2078 2078 1905 1847 1907 1790 1802 1738 1615 1782 1782 1913 1818 1737 1791 1839 1601 1514 1514 1319 1575 1852 1465 1533 1734 1612 1597 1671 1595 1679 1679 1813 1930 2042 2013 2145 2145 2208 2207 2108 2140 1988 1931 1934 1950 1953 1894 1886 2182 2430 2605 2655 2840 2279 2279 2470 2482 2297 2255 2306 2304 2252 2300 2288 2385 2395 2395 2349 2280 2227 2207 2207 2439 2439
2126 1951 1858 1835 1828 1877 1877 1919 2050 2004 1936 2016 2022 1941 1941 1886 1773 1751 1688 1968 1960 1969 1969 1687 1742 1711 1839 1514 1526 1327 1327 1291 1819 1676 1643 1595 1712 1538 1549 1549 1590 1693 1817 1868 2044 2074 1985 2018 2158 2135 2079 1940 1922 1889 1942 1916 1925 1961 1961 2141 2452 2502 2796 2840 2475 2363 2489 2359 2324 2295 2306 2304 2308 2308 2331 2380 2429 2395 2302 2245 2257 2413 2261 2368 2322
2023 2023 1858 1783 1828 1691 1585 1804 1923 1923 1943 2003 2026 1917 1772 1704 1704 1613 1635 1665 1554 1784 1695 1645 1645 1711 1797 1541 1513 1457 1260 1507 1819 1608 1512 1475 1574 1598 1610 1474 1553 1553 1774 1805 1757 1905 1919 2022 2135 2099 2050 1882 1831 1807 1888 1907 1925 1903 2090 2097 2202 2310 2796 2724 2395 2311 2091 2075 2146 2295 2301 2227 2332 2334 2334 2329 2382 2462 2474 2474 2429 2293 2195 2150 2184
1959 1565 1777 1783 1762 1777 1849 1801 1866 1951 1943 1759 1902 1866 1920 1831 1804 1804 1635 1514 1706 1786 1603 1585 1586 1586 1747 1764 1687 1454 1506 1507 1866 1866 1458 1636 1561 1802 1653 1578 1808 1721 1774 1725 1826 1904 1866 1992 1951 2104 1957 1929 1849 1830 1979 2033 2043 2107 2161 2132 2199 2199 2450 2353 2373 2377 2067 2103 2262 2262 2394 2313 2344 2324 2325 2415 2521 2462 2335 2218 2218 2287 2195 2121 2150
1957 1720 1594 1569 1714 1700 1737 1827 1777 1675 1614 1896 1720 1677 1697 1727 1608 1796 1796 1620 1784 1664 1751 1537 1670 1790 1843 1843 1621 1455 1506 1484 1644 1664 1455 1404 1372 1492 1330 1310 1808 1869 1707 1796 1827 1785 1788 1867 1844 1930 1957 1871 1879 1887 1922 2005 2419 2161 2161 2122 2170 2195 2359 2370 1992 1992 2155 2152 2327 2364 2364 2354 2348 2163 2325 2250 2357 2379 2256 2278 2379 2287 2200 2188 2323
1940 1847 1594 1600 1691 1713 1785 1866 1887 1675 1369 1375 1580 1931 1661 1866 1608 1703 1828 1815 1695 1568 1713 1537 1532 1638 1722 1724 1487 1455 1502 1490 1444 1601 1638 1544 1685 1685 1507 1310 1398 1830 1775 1870 1895 1790 1725 1789 1697 1796 1915 1915 1995 1958 1902 1969 2419 2102 1996 2105 2115 2168 2322 2369 2003 1975 2248 2248 2411 2500 2470 2470 2345 2163 2231 2146 2281 2260 2425 2239 2379 2379 2311 2217 2260
1883 1847 1757 1699 1688 1688 1726 1760 1887 1587 1339 1449 1460 1552 1534 1866 1913 1963 1986 1959 1945 1752 1713 1882 1582 1502 1508 1533 1750 1750 1748 1568 1491 1665 1687 1544 1598 1442 1359 1281 1417 1826 1803 1693 1839 1772 1751 1635 1697 1756 1896 1955 1937 1938 1948 1969 2173 2166 1982 2078 2162 2162 2187 2261 1964 1975 2122 2477 2396 2438 2543 2468 2345 2300 2238 2300 2310 2324 2349 2239 2214 2271 2271 2237 2209
1764 1815 1768 1531 1838 1719 1806 1760 1752 1662 1402 1379 1573 1600 1534 1761 1822 1873 2082 2089 1727 1760 1741 1741 1819 1839 1661 1557 1836 1723 1625 1625 1538 1733 1487 1596 1616 1423 1359 1615 1615 1864 1751 1676 1931 1969 1780 1635 1703 1798 1822 1840 1875 1880 1948 1989 1973 1935 1989 2075 2118 2178 1928 1928 1964 1988 2175 2296 2296 2433 2588 2468 2384 2384 2268 2255 2267 2293 2349 2382 2316 2253 2236 2236 2211
