includes/gis/MODIS_ASCII/mod13q1_ndvi_2005_001.txt
ncols         829
nrows         925
xllcorner     164106.58989296
yllcorner     9637524.0094144
cellsize      264.9945474373
NODATA_value  -9999
[rows 608 to 645 of 925, columns 588 to 671 of 829]
2283 2380 2531 2513 2552 2672 2835 2707 3013 2952 2984 2984 2699 2774 2784 2805 2652 2606 2635 2613 2615 2524 2501 2493 2505 2447 2267 2320 2420 2435 2497 2468 2508 2555 2369 2400 2399 2385 2364 2852 3168 2857 2836 3190 3372 3372 3425 3545 3288 2983 3122 3270 3134 2765 2721 3003 3493 3486 2840 2807 2634 2876 2746 2850 2904 2484 2390 2390 2687 2945 2831 2930 3204 3229 3229 3612 3829 3799 3799 3833 3926 3807 3943 3943
2390 2403 2326 2302 2306 2581 3037 2998 2998 2917 2940 2940 2611 2701 2736 2578 2609 2691 2655 2655 2615 2518 2513 2520 2508 2397 2380 2915 2866 2083 2372 2448 2469 2492 2369 2288 2288 2019 2126 2811 3371 3372 3502 3684 3726 3088 2442 3438 3438 3157 3129 3153 3318 3120 3206 3190 3502 3541 3031 2807 2890 2525 2249 2434 2446 2446 2778 2778 2958 3295 2959 2678 2678 3402 3957 4835 3763 3657 3847 3833 3878 3811 3761 3715
2391 2403 2349 2416 2529 2538 2870 2861 2594 2471 2619 2619 2774 2701 2681 2573 2634 2582 2533 2502 2640 2581 2508 2623 2593 2423 2395 3017 2980 2454 2585 2404 2480 2461 2568 2111 2050 2351 3189 3189 3616 3327 3331 4359 5193 5051 3218 3780 3406 3075 3100 3178 3171 3357 3153 2990 3354 2854 3031 2982 3153 2869 2638 2678 2462 2462 2764 2908 2908 3419 3550 3349 3349 3402 3957 4225 3894 3857 3825 3746 3746 3909 4019 3942
2391 2479 2401 2434 2491 2601 2548 2641 2638 2605 2524 2572 2668 2631 2603 2578 2641 2635 2590 2638 2518 2518 2509 2477 2442 2423 2395 2555 2649 2514 2514 2344 2381 2461 2683 2432 2229 2359 3050 3236 3092 3092 4946 5032 4087 4037 4411 3888 3520 2992 3178 3178 3171 3197 3078 3109 3256 3004 2891 3155 3155 2762 2642 2553 2773 2675 2981 2837 2837 3305 3422 2879 3760 3909 3909 4132 4008 4008 3937 3881 3881 3880 4026 3942
2681 2633 2549 2725 2725 2865 2594 2606 2701 2694 2670 2598 2538 2578 2576 2544 2566 2568 2574 2638 2551 2431 2433 2433 2433 2423 2599 2006 2574 2603 2472 2413 2413 2485 2728 2607 2772 3090 3078 3078 3626 4848 4480 4480 3960 4037 3987 4187 3997 3485 3074 3044 3044 3117 3019 2966 2945 3004 2907 2696 2654 2654 2815 3031 3195 2887 2838 2680 2802 2943 3069 2393 3755 4003 4003 4708 4397 4397 4079 3880 3859 3859 4026 3983
2564 2569 2675 2818 2842 2834 2684 2691 2758 2754 2719 2693 2538 2619 2548 2548 2617 2532 2574 2587 2495 2428 2416 2534 2491 2395 2468 2468 2469 2600 2616 2495 2377 2625 2946 2783 2766 3245 3078 3078 4004 4308 4157 3722 3881 3881 3333 3481 3930 3589 2839 2938 2972 2957 2957 2917 2872 2941 2935 2901 2984 3007 3010 2710 3793 3184 2997 3151 3024 2996 3069 3195 3621 3836 4409 4409 4547 4525 4246 3955 3899 4010 4010 4140
2650 2611 2722 2862 2853 2834 2812 2891 2962 2682 2665 2693 2542 2654 2563 2639 2545 2545 2538 2542 2544 2479 2453 2371 2367 2326 2263 2426 2427 2479 2445 2494 2360 2542 2859 2738 2738 3245 3373 3134 3826 4227 3646 3511 3777 3759 3759 3955 4158 4134 2839 2891 3025 2857 2881 2786 2786 3062 3168 2972 3103 2892 2692 2734 3793 3818 3167 3233 3105 2996 3122 4031 3627 3866 3933 4889 4754 4385 4126 3955 3899 3942 3942 3946
2776 2803 2777 2823 2853 2866 2740 3023 3023 2933 2665 2589 2510 2575 2610 2618 2476 2512 2512 2425 2425 2298 2260 2078 2301 2306 2280 2520 2566 2479 2445 2282 2188 2475 2759 2843 3093 3093 3373 3000 3826 4227 3677 3511 3616 3471 3559 4227 4227 3959 3120 2795 2854 2673 2611 2607 2884 3118 3118 2918 3060 3250 3378 2548 1765 2856 3348 3211 3112 2999 3055 3860 3226 3203 3933 4889 4690 4034 4041 3934 3701 3755 3855 3855
2902 2711 2670 2823 2991 2964 2647 2895 2857 2719 2665 2569 2553 2587 2661 2563 2480 2500 2507 2435 2381 2346 2260 2345 2406 2240 2117 2441 2566 2498 2388 2286 2236 2425 2581 2918 3055 3488 3582 3521 3521 3627 3384 3327 3262 2962 3138 3474 3794 3282 3067 2872 2990 2788 2725 2607 2847 3188 3358 3363 3363 3700 3626 4051 3748 2856 3247 3660 3660 2774 2774 3832 3260 3203 3651 4659 4266 4216 4041 3940 3621 3685 3848 3676
2717 2779 2779 2910 3046 3114 2935 2813 2757 2821 2710 2774 2786 2675 2631 2563 2486 2475 2446 2358 2296 2407 2407 2549 2523 2190 2036 2290 2433 2475 2609 2556 2576 2499 2477 2708 3267 3348 3331 3230 3148 3313 3384 3316 3352 3433 3258 3049 3302 3753 2818 2623 2623 2327 2706 2753 4081 4081 4019 4188 4099 4099 3663 3569 3863 3423 3011 3423 3310 2701 2701 3447 3181 3181 3458 4259 4226 4216 3979 3902 3902 3700 3820 3676
2969 2906 3135 3135 2858 3644 3338 2867 3269 2821 2667 2775 2793 2735 2631 2560 2476 2461 2510 2416 2341 2520 2613 2610 2610 2473 2459 2396 2433 2347 2435 2545 2486 2495 2495 3416 3979 3790 3357 3129 3111 3287 3054 3401 3401 3532 3581 3049 2846 2916 2813 2592 2563 2787 2706 2805 3893 3823 3846 4149 4019 3900 3900 4094 4193 4132 3798 3490 3090 3244 3244 3310 3452 3545 3648 3871 3891 3891 3598 3527 3608 3700 3501 3493
2886 2736 2646 2781 2619 3277 3411 2867 3269 3265 3448 3465 2622 2698 2569 2552 2552 2559 2517 2435 2471 2404 2579 2597 2628 2697 2697 2396 2481 2549 2614 2748 2422 3170 3577 3637 3803 3929 3892 3513 3513 3376 3489 3888 3951 4092 3970 3906 3439 3192 2992 2828 2901 2787 2909 2909 4196 3823 3768 4030 3882 3212 3400 3400 4193 4112 3990 3920 3655 3717 3303 3303 3129 3882 3599 3448 3204 3272 3272 3366 3608 3508 3508 3449
2886 3225 2975 2933 2722 3392 3411 3504 3417 3360 3622 3561 2580 2965 2860 2672 2551 2756 2756 2699 2471 2480 2207 2604 2940 2854 2976 2819 2778 2864 3047 3107 3077 3837 3670 3637 3674 3484 3437 3125 2972 2972 3489 3892 4198 4198 3913 3586 3470 2600 2699 2885 2901 3006 3100 3183 4196 4242 3580 3230 3327 3267 3132 3400 3685 4757 5035 4567 4402 3717 3742 3244 3244 1867 3735 3658 3072 2837 2837 3168 3644 3441 3441 3344
2755 2912 3163 3003 2997 3392 3483 3492 3731 3701 3071 2784 2718 2965 3137 2818 2686 2666 2828 2699 2688 2647 2486 2462 2805 3165 3082 2955 2761 2630 2690 2690 3207 4184 3670 3716 3771 3791 3624 3024 3196 2972 3463 4097 4029 3682 3682 2968 2874 2874 2911 3358 3087 3244 3473 3684 4423 4149 3003 4812 3735 3951 3715 3528 4079 4079 4807 4567 4479 4490 4331 3445 3445 2350 3315 3455 2993 3031 3228 3168 3658 3448 3251 3251
2714 2608 2906 3176 3274 3698 3698 3725 3827 3757 2905 2905 2718 3075 3230 3075 2980 2854 2815 2949 2869 2863 3133 3246 3142 2955 3178 3091 2878 2681 2354 3169 3466 3674 4163 3936 3761 3732 3715 3025 3196 3639 3639 4232 3793 3188 2791 2568 2756 2916 3259 3358 3907 3556 3799 3169 3687 3334 4086 4812 4594 4594 4126 3308 3367 3495 4807 4198 3803 3654 4158 3423 3381 2350 3269 3269 3215 3031 3228 3468 3613 3535 3082 3071
2664 2934 2934 2969 2179 3741 3741 3741 3713 3750 3684 3700 3392 3335 3335 3625 3625 2976 2874 2895 3060 3139 3072 3050 3173 2824 2834 2930 2968 2782 2354 3169 3237 3443 3859 3962 3823 3770 3496 3025 3365 3931 3698 4151 3883 3188 2791 2570 2785 3267 3491 3153 3257 3257 2580 2496 3101 3102 3770 3900 4352 4352 3997 3654 3821 3677 3551 3435 3235 3417 3654 3425 3331 3487 3677 3440 3215 3467 3382 3459 3459 3478 3202 3071
2531 2991 3122 3064 2179 3788 3788 3741 3607 3750 3684 3482 3134 3019 3176 3397 3397 2981 3104 2930 3160 3196 2954 3050 2837 2837 2658 2609 2752 2964 2573 2519 2589 3289 3522 3783 3972 3893 3496 3474 3555 3819 3560 3746 3937 3616 3778 3820 3124 3088 3491 3228 3741 3225 2901 3072 3072 3102 3850 4372 3854 3801 3801 3624 3744 3677 3385 3295 3328 3017 2875 3238 3222 3477 3585 3440 3440 3377 3521 3568 3499 3549 3336 3223
2479 2907 2890 2814 3178 3294 2850 3588 3379 3386 3355 3415 3134 2945 3166 3166 3226 3226 3178 2845 3074 2827 2797 2971 2971 2835 2725 2725 2645 2841 2670 2686 2661 3497 3180 3602 3336 3972 3674 3953 3647 3708 3301 3640 3570 4046 3846 4018 3042 3088 2987 2926 3667 3871 3337 3072 3207 3207 3850 4560 3641 3256 3268 3261 3744 3841 3609 3294 2750 2381 2875 3238 3222 3222 3654 3263 3418 3742 3355 3101 3101 3093 3305 3327
2614 2507 2767 2870 2898 2878 2740 2346 2032 3258 3121 3110 3480 3542 3478 3478 3110 3116 3028 3028 3158 2832 2932 2953 3052 2864 2648 2785 3095 2841 2728 2632 2612 2674 2696 3005 3000 3449 3105 3105 2815 3260 3301 3301 3265 3268 3206 3166 3042 3002 2919 2947 3389 4079 3903 3510 3768 3925 4325 4844 3636 3174 3167 3261 3516 3849 3654 3047 2666 2381 2532 2603 2731 2731 3126 2843 3411 3876 3469 3292 3205 3328 3328 3427
2642 2654 2915 2913 2698 2541 2488 2492 2572 3500 3183 3143 3544 3542 3316 3365 2902 3059 3032 3160 2914 2914 2932 3003 3062 2957 2648 2855 3095 3315 3315 2739 2739 2780 2818 3537 3263 3149 3188 3188 2815 2815 3190 3107 3107 3044 3215 3043 3052 2893 2893 2767 3394 3108 3822 3510 3547 3547 4378 4638 3289 3174 3646 3570 3655 3339 3299 3057 2977 2876 2770 3076 2911 2719 3285 3144 3745 3745 3619 3217 3448 3461 3450 3420
3020 3092 3036 2993 3028 2610 2578 2494 2572 3111 3111 3161 3544 3660 3535 3593 2942 2994 3149 3359 3156 3057 3057 3011 2939 2953 2716 2810 2924 2737 2872 2840 2846 2780 2946 3544 3544 3023 2994 2994 2634 2870 3033 2598 4008 2915 3215 3043 2916 2907 3167 2998 2998 3108 2944 2995 3311 4131 4131 4198 3997 3739 3182 3182 3140 3368 3127 3184 3104 3046 3071 2963 2551 2704 3285 3155 3331 3341 3341 3160 3069 3241 3555 3752
3082 3181 2933 3055 2867 2529 2561 2494 2555 2942 2942 2986 3424 3693 3813 3824 3244 3255 3163 3303 3156 3069 2882 3046 2946 2946 2716 2762 2809 2691 2637 2953 3087 2858 2856 2856 2819 3023 2780 2780 2781 3102 3259 3029 2819 3129 2961 3284 3397 3255 3108 2804 3450 3624 2952 3044 3262 3292 3099 2951 3059 3952 3463 3065 3065 3376 3537 3289 3289 3319 2980 2964 2551 2704 2930 2981 3255 3374 3076 3076 3069 3023 3814 4100
3007 3082 3311 3055 2867 2892 2892 2749 2967 2580 2624 2692 1880 2920 3640 3736 3554 2929 2979 2975 3013 3076 2943 3123 2897 3026 2895 2891 2764 2847 2763 2853 3087 3003 3017 2992 3041 3041 2888 2874 2975 3028 3313 3481 3705 3420 3372 3173 3732 3457 3038 2987 3536 3221 3220 3792 3792 3213 3210 2976 3035 4194 4097 3585 3585 3276 3537 3763 3234 2849 2892 2993 2635 2626 2788 2866 2904 2934 3035 3076 3067 2976 3528 3419
3007 3007 3122 2817 2742 2827 2827 2798 2780 2850 2680 2698 2804 2853 3117 2976 2689 2929 2979 2766 2958 3734 3734 3843 3501 3567 3436 3436 2686 2710 2416 2853 3171 3405 3319 3073 3063 3113 3076 2829 2793 2800 3051 3602 3800 3247 3030 3030 3985 3796 3035 2987 3596 3088 3230 3650 3029 3029 3210 3159 3004 4063 3767 3916 3276 3276 3677 3195 2767 2767 2980 2976 2733 2775 2692 2646 2600 2837 3035 3049 3049 3271 3259 3293
2944 2901 2735 2735 2645 2687 2687 3322 3367 2375 2762 2628 2598 2633 2799 2992 3044 2554 2707 2718 2891 3734 3404 3404 3476 3476 3321 3194 2491 2341 2386 2847 3021 3363 3401 3095 2880 2815 2968 2817 2763 2864 3044 3149 3341 3111 2531 3037 3227 3227 2649 2883 3559 3277 3149 3505 2854 2951 3118 3118 3214 4275 4242 3916 3174 2829 2829 2767 3163 2969 2980 2976 2772 2772 2396 2430 2643 2434 2733 3010 3094 3182 3259 3336
2706 2725 2553 2621 2530 2333 2417 2657 2687 2539 2543 2508 2564 2495 2670 2736 2893 2821 2972 3795 3795 3692 3799 3799 3509 3569 3680 3194 3611 3613 3613 3243 3463 3201 3294 2887 2577 2723 2917 2803 2873 2873 3211 3717 3193 3030 2944 3080 3526 3214 2628 2628 3121 2984 3314 3530 3826 3826 2727 3155 3290 4245 4242 3046 2484 2847 2847 2858 3254 2969 2969 2812 2744 2855 2601 2607 2643 2655 2954 2954 2944 3037 3182 3060
2781 2586 2695 2391 2332 2313 2458 2728 2586 2575 2451 2451 2440 2510 2703 2759 2893 3081 2943 3753 3753 3764 3615 3615 3477 3569 3680 3647 3998 3957 3957 3346 3558 3763 3419 2994 2911 2967 3030 3023 2993 2993 3153 3717 3714 3371 3214 3714 4002 3214 2994 3579 3221 3221 3266 3506 3785 3552 2183 2846 2959 4312 4312 3135 2772 2866 2665 2680 2775 2671 2671 2535 2549 2855 2885 2763 2608 2724 2928 2795 2795 3037 2910 3077
2519 2416 2695 2524 2565 2231 2459 2775 2502 2575 2510 2541 2561 2561 2655 2759 2934 3116 2862 3798 4064 3539 3486 3606 3477 3103 3103 3621 3838 3434 3419 3164 3482 3296 3540 2935 2925 2966 2938 2988 3121 3014 3153 3591 3591 3209 3068 3591 4002 3160 3453 3819 3004 2692 2943 3506 3063 2331 2374 2891 2945 3123 3122 3240 3146 2923 2882 2882 2613 2591 2401 2535 2549 2607 2715 2715 2907 2840 2969 2985 2739 2960 3092 3165
2360 2416 2514 2315 2648 2243 2356 2528 2502 2631 2629 2427 2402 2544 2542 2677 2816 3058 2919 3408 3723 3638 3486 3842 3999 4038 4227 4227 4122 3807 3176 2448 3453 2894 3320 2826 2745 2873 2850 2917 3070 3014 3353 3556 3556 3239 2999 3591 2885 2763 3353 3352 2785 2726 3449 3449 3463 3163 3835 3674 3674 3739 3140 3240 3146 2946 2875 2875 2746 2666 2401 2401 2381 2451 2530 2726 2834 2669 2831 2792 2609 2923 3030 3103
2360 2414 2448 2404 1983 2263 2263 2429 2563 2653 2686 2404 2363 2353 2542 2617 2617 2843 2791 3754 3615 3420 3777 3556 3556 3930 4019 3973 3973 3807 3744 3032 3243 1631 3230 2827 2802 2802 2810 2844 3070 3040 3203 3321 3102 3006 3006 3149 2695 2863 3360 3093 2915 3015 2869 2493 2493 2509 3540 3220 3650 3650 3140 3140 3052 2921 2740 2699 2699 2666 2435 2411 2411 2432 2478 2607 2895 2624 2286 2730 2609 2838 2939 2984
1725 2235 2520 2480 2359 2310 2409 2470 2470 2534 2633 2556 2576 2558 2582 2606 2681 2764 2807 3482 3492 3420 3253 3478 3589 3589 3400 3370 3828 3828 3591 3564 3161 3107 3032 2809 2846 2809 2798 2844 2974 2990 3373 3408 3069 2857 3365 3455 2973 2625 2627 2898 2867 3349 3091 2411 1656 1629 2654 2205 3435 3435 2898 2889 2889 2746 2822 2647 2528 2729 2574 2502 2448 2448 2275 2326 2458 2613 2497 2738 2832 3000 3075 3059
2283 2283 2446 2329 2160 2224 2409 2442 2413 2179 2271 2385 2358 2461 2498 2562 2592 2754 2797 3355 3492 3195 2981 3110 3201 3290 3382 3370 3769 3595 3595 3550 3193 3098 2910 2783 2800 2760 2750 2830 2781 2970 3246 3183 3147 2976 3380 3434 2657 2856 2856 2798 2867 3226 2809 2432 1908 1745 3195 3266 3277 3130 2739 2699 2643 2643 2774 2842 2528 2635 2549 2385 2367 2367 2169 2233 2322 2790 2641 2641 2865 3162 3162 3030
2318 2675 2675 2665 2406 2431 2296 2267 2213 2294 2345 2328 2355 2468 2429 2318 2439 2630 2670 3041 2813 2755 2701 2914 2914 2916 2999 2438 2438 2162 2863 2863 3649 3793 3604 2768 2766 2809 2727 2669 2663 2774 2752 2908 3356 3004 3314 3260 2933 2989 2464 2798 2734 2914 2436 2290 2107 2135 3140 3192 3096 2906 2652 2568 2618 2618 2774 2842 2754 2455 2311 2209 2158 2172 2154 2145 2212 2727 2727 2759 3104 3140 3209 2681
2044 2154 2244 2244 2340 2340 2403 2146 2248 2468 2460 2328 2337 2292 2292 2311 2347 2489 2670 2779 2779 2631 2690 2972 2914 3117 3217 3219 3219 2763 3324 3324 3673 4001 3112 3478 3478 3490 3313 2751 2773 3113 2834 2834 3356 3333 3292 2906 2834 2892 2464 2547 2922 2922 2346 2016 2347 2135 2887 2887 2797 2906 2645 2458 2373 2777 2777 2679 2360 2166 2200 2289 2368 2368 2035 2127 2237 2306 2524 2759 2925 2964 2909 2544
2152 2218 2327 2171 1941 1906 1949 2413 2431 2340 2108 2215 2492 2469 2511 2426 2426 2489 2522 2823 2810 2810 2879 2972 3117 3117 3238 3007 2970 2970 3219 3501 3324 3324 2598 2816 2816 3490 3247 2706 2801 3014 3040 2707 2707 2844 3584 3356 2915 2865 2310 2525 2690 2451 2248 2248 2347 2359 2641 2887 2797 2525 2448 2442 2330 2263 2269 2269 2144 1942 2200 2200 2380 2267 2146 2146 2237 2306 2524 2524 2610 2542 2411 2544
1909 1976 1961 2337 2044 1926 1959 1949 1948 2008 2108 1940 2326 2460 2549 2530 2671 2572 2574 2839 2863 2810 2879 2926 2751 2755 2737 2967 2854 3187 3424 3055 3099 2868 2979 2971 2854 2730 2730 2679 2706 2601 2887 2743 2380 2543 2776 2801 2647 2865 2577 2844 2657 2418 2481 2354 2489 2392 2633 2373 2373 2112 2255 2335 2335 2192 2180 2173 2173 1942 2098 1988 1988 2426 2528 2218 2242 2242 2290 2454 2454 2573 2522 2473
2044 2044 1961 1931 1917 1850 1873 1887 1964 2008 2048 2072 2415 2415 2563 2408 2608 2657 2506 2506 2433 2440 2489 2550 2661 2654 2650 2848 2854 2915 2915 2853 2967 2770 2938 2944 2734 2721 2692 2812 2812 2768 2670 3108 2975 2664 2353 2452 2452 2460 2325 2764 2521 2222 2382 2240 2331 2385 2415 2170 1957 1957 2255 2186 2186 2195 2169 2148 2045 2045 1929 2010 2067 2067 2417 2218 2128 2179 2195 2309 2383 2383 2465 2473
1992 1970 1989 1973 1868 1834 1891 1929 1914 2022 2022 2081 2070 2494 2643 2448 2428 2452 2469 2395 2418 2434 2434 2506 2662 2589 2639 2848 2755 2767 2763 2766 2766 2725 2695 2733 2689 2655 2656 2649 2820 2768 2573 2423 3032 3180 2700 2412 2462 2586 2586 2682 2218 2213 2382 2177 2296 2359 2479 2306 2320 2320 2255 2223 2203 2076 2038 2148 2104 2104 1917 1930 1917 1917 2417 2431 2480 2220 2123 2197 2240 2240 2465 2266
