includes/gis/MODIS_ASCII/mod13q1_ndvi_2017_305.txt
ncols         829
nrows         925
xllcorner     164106.58989296
yllcorner     9637524.0094144
cellsize      264.9945474373
NODATA_value  -9999
[rows 76 to 113 of 925, columns 170 to 254 of 829]
2814 3170 4786 2993 2097 2097 1234 1234 5659 3282 1829 207 437 2039 1860 1702 1681 1456 1762 1762 685 500 751 751 1524 1524 1283 1283 3211 3211 1530 1530 253 253 1714 1714 1714 1683 1349 1446 1446 1542 1499 1499 382 382 1675 1811 3005 5594 5594 1693 1693 1693 1865 869 1060 2263 802 1034 1034 1064 1272 3838 3450 4085 3512 3512 3512 6007 6007 4277 5478 5170 5170 5337 5063 1845 2857 2857 3659 2134 3455 3986 3986
1837 1900 1491 5041 2250 2250 3477 3477 1621 1621 1388 1637 1637 2456 2495 1732 1646 1491 1101 1192 410 461 1585 1491 1386 1386 1089 1089 1406 1406 1406 1668 1668 1725 1694 1694 1694 783 656 1349 1349 1325 1692 1748 1612 1612 1612 1612 1811 4306 4306 4306 7917 9685 9685 9685 714 2405 6429 2658 2263 3097 1064 3478 3478 4085 4085 3512 4492 4492 4188 5478 5439 5314 5314 5384 5384 4797 4797 4985 4985 5663 6428 6428 6209
1547 1481 1491 1894 2375 2375 1894 3477 1283 1283 1388 1388 1251 2252 2548 2165 2441 1472 1349 1188 469 461 1792 1491 1491 1491 1089 1089 1494 1494 1494 1494 1668 1668 1683 1683 1683 783 749 1513 1513 1484 1484 1484 1496 1496 1496 1646 1646 4306 636 636 7917 7917 558 3804 3804 2187 914 2658 2405 3007 2814 5512 5512 4133 3381 3381 4373 5579 4068 5224 5224 5314 5476 5476 5384 5514 5514 5467 5467 5938 5938 6209 6209
1893 1665 2059 2685 2375 1943 1943 3269 3269 2408 544 731 610 194 202 1529 1175 2891 1349 1545 1308 1451 1833 1833 1614 802 2051 2337 2337 820 820 510 1870 1692 637 1740 1740 1626 1626 1626 1626 1586 1586 1484 1430 1466 584 584 1511 1511 1387 1387 1387 1387 1477 2559 2559 590 1411 3656 5347 3998 3998 3931 3931 3250 3364 3364 3587 5579 4068 5224 5224 5334 5334 5342 5342 5514 5514 5467 5467 4770 4043 2072 2842
2283 2091 2059 2685 2685 1748 1748 2771 2771 2755 544 605 612 415 355 1529 3176 2446 1898 1810 1784 2102 1974 1833 2483 793 2051 2337 2337 850 850 628 1893 1893 731 1746 1746 2032 2032 1841 1841 1624 1624 1624 1430 1379 1379 1386 3594 1450 1865 1388 1388 1282 1428 1428 1469 3679 837 837 3656 4705 4705 3882 3882 3566 3564 3587 3587 3978 3978 4910 4910 4884 4833 4762 4762 5336 5336 5488 5488 4214 4043 948 993
4373 3421 1680 609 2851 3907 2923 2771 3626 1385 2061 2061 2469 2469 5975 4514 4514 4514 1750 1896 1712 1977 1871 1871 2483 2235 2535 2350 2204 2204 1075 718 2291 1893 642 1914 2265 2265 2265 2226 2226 1910 1910 1910 1444 1444 1444 1392 3594 2108 1063 1770 1770 1238 1398 1398 1398 3635 1066 837 5204 5204 5204 4088 3882 3566 3901 3809 3809 4287 4287 4287 4910 4833 4833 4762 4762 5000 5336 5488 5741 5330 5330 4529 4529
4122 4067 2608 1041 3907 3907 2923 2273 2824 1385 1385 1906 1906 1906 1906 7792 7792 9379 1750 1948 958 1579 3896 3896 2257 1861 759 2859 2123 1674 1674 1031 2416 2416 894 1860 1860 2585 2585 2585 2220 2220 2220 1564 1564 1430 1430 1407 1407 1407 1056 1231 1231 732 270 3714 3714 3714 1803 1803 1999 2551 4088 4088 3998 3998 3680 3809 3809 4994 4994 5225 5395 5121 5121 4733 4733 4858 5000 5357 5541 5883 5883 4529 4529
3881 3669 3792 1767 2156 2317 2317 2228 4144 2307 2307 2595 1986 1986 1243 1875 1857 1211 410 509 1040 1040 1970 3167 548 839 759 2894 1357 1543 1543 1309 1686 1686 853 1356 2431 2431 2431 2431 3000 3000 2427 1505 1505 1505 1505 1379 1379 1379 1056 1364 1314 482 270 1966 202 2968 2968 3001 2449 2449 4363 4363 3644 3644 3680 3797 3797 4561 4561 5587 6206 6206 5121 4733 4733 4858 5339 5339 5662 992 1091 4014 4370
3994 3929 3312 1373 3252 1003 1003 1851 1522 1522 2847 3315 6315 1385 638 2127 2272 698 1182 2301 766 490 1894 1894 548 839 2664 2169 2169 2169 1827 1827 1827 1355 1355 1356 1356 2593 2593 2593 3000 3000 1917 1917 1917 1505 2141 2141 1339 1339 979 3443 3443 3650 3650 3650 1166 2968 2127 2127 2790 2790 3848 3848 3644 3644 2687 3797 3797 4452 5587 5587 6206 6206 5399 5399 5414 5405 5928 5662 6307 6336 1349 4715 4494
3135 4177 3941 2467 3056 1028 1028 1028 1028 1522 1492 2111 2111 168 168 2217 2217 282 282 2352 490 490 1019 728 736 736 2783 2211 2211 2169 1981 1553 1553 1553 1467 1467 2015 2015 2015 2990 2990 2990 3006 1901 1901 1901 1240 884 1369 1369 893 3517 3517 3517 3650 3739 3739 3405 3861 3861 4050 2790 3848 3848 4040 4040 3207 3552 4187 4187 5348 5348 5945 5945 5360 5360 4123 4123 5631 5631 5444 5444 4493 4237 4237
3069 4184 3740 2748 3056 1028 1028 1028 1028 849 928 819 2022 122 122 2136 2028 2028 2028 2079 2079 2591 2591 2591 2290 2290 2290 2646 2646 2646 1981 1981 507 439 1752 1467 2303 2320 2320 2320 2990 2866 2442 2442 2442 2442 1699 1699 1423 1423 1609 753 3562 1582 1582 1582 1582 4847 4847 2949 4050 5709 3558 3558 3307 3814 3748 4817 3792 3792 4007 5143 5143 5143 4115 4115 3903 3903 5631 5631 5444 5444 4937 4937 4237
2361 4123 3829 2421 2272 2291 2236 2168 2083 2232 2232 7187 2022 159 122 2136 2136 2136 1896 1896 2079 2129 2227 2227 2227 2290 2089 2699 2699 2867 2867 2382 641 565 2239 2239 2303 2303 2303 2905 2905 2905 2866 3268 2817 2817 2817 1699 1699 1699 1668 3562 2374 2062 2062 2062 2601 989 5416 3255 6296 4546 3558 3307 3307 4061 3263 4152 3548 4007 4007 4007 5143 4361 5092 5092 3376 3376 5178 5178 3574 3574 5259 4443 4443
3906 3800 3800 3224 2272 2021 1859 1813 2083 2232 2232 1647 1647 8972 3190 1788 1794 393 393 838 1659 2129 2129 2129 484 499 2341 780 653 445 2867 2805 2805 2259 2259 2542 2542 2861 2861 2861 3179 3179 3179 3796 3779 3779 3849 3849 3849 3849 529 2706 2374 2680 2680 2616 2616 1144 5857 3398 6296 4546 4546 3711 3711 4190 5485 5397 3548 3560 3270 3429 3429 3429 6147 4253 3376 4264 5178 5014 4219 1356 5259 5259 5259
624 624 1229 444 3154 2756 2418 2026 2292 3004 4024 6257 566 1647 1076 1788 1788 393 393 479 1897 1897 2169 2169 427 427 2901 527 555 404 3235 3235 2805 2204 2450 2777 2777 2761 2761 3245 3155 3155 3155 3796 3796 4362 4362 4362 1669 1669 3465 3155 3155 845 1022 1022 1380 760 1729 3398 3084 4054 4054 3141 3141 2707 5164 1480 1480 3270 3270 3270 3429 3212 3653 3653 4253 3545 4945 5173 2423 2423 5079 3200 3970
447 447 472 628 4016 2756 2986 2453 2061 2196 4024 3563 4160 3253 2611 2611 2611 1076 1024 1355 1355 1897 659 648 427 507 2744 831 3453 3067 3067 3067 1841 1741 2751 3057 3057 3057 3057 3245 3245 3245 3902 3902 4033 4033 4975 4975 4532 2289 3465 3465 2905 508 1022 1022 1380 951 1729 2382 2290 3669 3669 3141 3141 2707 5291 2261 1480 1480 767 976 976 976 1400 3525 4282 2683 4588 5019 1179 1179 5079 2650 3970
3248 3155 2819 505 3266 3266 2911 2575 2049 1833 2718 2115 683 683 403 2611 2611 595 1598 1195 1076 1602 499 447 2193 2193 2193 3068 1614 2002 2713 2713 964 1038 2708 2876 2876 2876 3057 3532 3565 3565 3565 492 4286 4410 4410 4410 4410 4658 2289 4148 4148 3747 3747 3747 3023 2344 2029 3226 2290 3669 3669 3569 3569 3435 3435 5291 5107 5107 5107 1691 1441 1441 4584 4543 2719 2683 4978 4978 887 840 4925 4653 4653
3458 2965 2243 613 2956 3307 3089 3089 2569 1989 1981 2096 2503 2615 2104 1951 924 3576 3576 3576 2316 1246 470 464 2325 2325 2325 3068 2767 1783 2761 2761 964 1038 2551 3019 3019 3019 3019 3532 3532 3532 4250 492 4286 4286 4953 4953 4953 4658 2425 4658 4055 4055 3747 3747 4003 2344 1234 3226 3427 3427 2551 2551 2525 2525 4576 5403 5403 5080 5080 1691 1441 1441 1441 5141 2719 630 4617 4617 4617 4611 1255 794 794
2863 2775 1906 1821 3686 3686 495 417 2613 2613 1905 1703 2767 3085 2104 1667 925 3130 3130 3576 2316 2316 2316 2316 1118 1118 1118 2766 2767 2399 7498 7498 7498 2436 2436 3184 2372 1595 923 923 706 3714 3714 4108 4108 4424 4424 4424 2425 2425 2425 3037 3037 1785 1785 959 959 4003 4003 3891 3891 3444 2260 2551 2998 1454 3951 4864 5091 1271 1196 3719 4545 4545 4545 5126 5126 5238 5020 5020 4841 4841 1255 794 794
1009 3626 3992 3992 1851 2592 2982 2801 2715 2182 2102 2102 2211 3085 2545 420 417 3130 3130 3130 2221 2221 2221 1581 1720 1720 1720 762 2461 2546 7498 7498 7498 3083 3083 3184 2372 2372 2146 2146 3000 3554 3903 3903 4108 4192 4957 4957 2466 2466 2842 2842 3037 1785 1785 594 594 3896 3896 3204 1322 2464 2344 2344 3260 3260 1461 3272 3734 3734 3734 3457 3457 3139 3139 3689 2046 2046 5020 5020 3972 3320 5063 4896 4609
664 3408 3916 3916 1675 2228 2982 2808 2944 2564 2535 2051 2131 2592 2584 394 375 2831 2831 2831 2221 2221 2221 1581 1581 1581 1465 1738 2461 2581 2581 2581 2652 2652 3083 3507 2975 2975 2939 304 249 122 285 1739 3575 4192 4192 4192 2466 2466 4797 2426 958 4919 4919 861 946 4401 4401 3522 2814 2814 3235 3235 3252 3346 1446 3272 3131 2986 2986 2986 4129 3139 3139 3389 3581 3581 4226 4226 3708 4613 4651 4651 4609
2518 2612 2809 3796 3854 3854 3660 3660 2724 2592 2964 2718 2488 440 219 2057 1387 2831 2831 2831 2312 2312 2312 2193 2193 2193 1581 2195 1738 2389 2389 2389 2831 2652 2995 3366 3171 3171 2939 560 395 339 3524 3479 671 671 3583 3583 1393 1393 4265 5021 5021 4735 4735 4292 4292 4292 4318 4318 4318 3453 3235 3235 3235 2074 2074 2853 3131 1205 1205 2861 2861 2605 2605 3572 1611 1611 3873 4080 6179 6695 3772 1812 1812
2698 2590 2873 3541 3401 3401 3660 3660 3033 2686 2870 3050 3012 307 251 3284 2677 2874 2874 2874 2312 2312 2312 2193 2193 2193 2193 2252 2195 755 2194 2194 2574 2574 1422 2242 2342 3254 3254 3091 2744 2954 3464 3479 671 671 4182 4182 1967 1967 4623 4623 5021 5021 4502 4502 4502 4292 4171 3609 3609 3609 3939 3939 3939 3726 2074 2176 2176 1086 1285 2677 2677 2880 2880 3572 2104 3892 3873 3873 6527 5728 3717 5001 1596
2916 3671 3773 3773 3374 3374 3374 3379 3141 2955 3562 3050 3354 3354 3351 3351 3351 2874 2874 2560 2346 2346 2346 2429 2429 2413 2375 2375 2375 2603 2603 2403 1352 1352 1422 2088 2018 2655 2948 2173 2173 2450 2450 1292 4541 4541 4541 4541 1626 1967 3574 3574 3018 4919 4919 4211 4211 4211 4171 4171 1888 1368 3283 3131 3131 2961 413 3820 3820 2176 2176 3086 3086 3086 4507 3923 4790 4790 4292 4292 6319 3872 2255 443 443
2731 3671 3671 3671 3588 3588 3588 3627 3588 3384 3846 4019 4003 3460 3460 3460 3565 3080 2777 2777 2993 2993 2781 2781 2781 2413 2413 2450 2450 2603 2746 2746 2403 2403 1662 2060 2018 2655 2948 2173 2173 589 589 520 4738 4541 4541 4541 1626 1626 3901 3901 4258 4751 3926 3926 4211 4211 3454 3454 1667 1608 3217 3217 3217 2961 5616 1640 3820 2408 2408 3670 4268 4268 4268 3923 4490 4153 4153 3844 3526 3526 2247 998 998
2278 3395 3395 3701 3701 2969 3583 3714 3372 3473 3650 3650 3838 3968 3968 4157 3291 3291 3291 3291 3275 3275 3275 2781 2841 2841 2643 2643 2643 3159 2746 2746 2887 2887 2887 2811 2535 2760 2760 2092 2092 1780 1780 3686 4738 4738 4738 4738 4941 4941 4941 4751 544 4751 3926 3926 3926 3926 3694 3694 3694 3226 3217 3217 3217 3395 3680 3152 4891 1618 1491 4381 4381 3670 3692 4591 3896 4090 4090 4090 4090 5118 1875 4545 4735
2285 3645 3645 3615 3615 2341 2766 3253 2759 2749 3340 4291 3559 3751 3751 2334 2407 2407 668 691 3006 3183 2995 2995 2995 2995 2589 2740 2740 421 421 1040 865 474 5533 5533 2535 2760 2760 2092 2092 1780 1780 3488 4712 4712 4738 4941 4941 4941 4941 4527 505 4527 3860 3860 3860 3926 3694 3694 3694 3226 3226 3226 2981 2981 3170 558 4783 4278 3783 3783 3783 4381 4593 4593 4071 3480 3480 3330 4090 5118 4584 4709 2813
2440 3766 3766 3766 3892 2339 2730 2754 2759 2483 2683 3272 3549 3751 3751 2199 2407 1824 1824 1470 1029 3183 3183 2943 2943 2943 2589 2589 2172 957 421 824 570 348 3781 5533 2576 2611 1445 2686 2686 3488 3488 615 4712 4712 1065 1065 4573 4573 4573 4416 4527 4527 3860 5833 5833 5833 7020 7020 3349 3349 1233 1233 3308 3308 9477 9477 4783 4278 3783 3783 3783 4217 4217 4217 4076 3480 3480 3330 3330 5200 4584 4709 4709
3782 3722 4628 3982 3783 2915 3028 2754 2690 2607 2813 3489 3292 2648 2648 3688 2584 570 528 2584 3386 3440 2574 2574 2574 812 812 812 1990 957 699 420 2166 2166 5546 5546 2364 2489 2489 2686 2686 3151 3151 1106 3688 3688 1296 1028 4573 4573 3712 3849 3691 3547 3547 4352 4352 5966 7742 2967 2870 2870 2576 2576 4087 6151 6151 4477 3207 2845 1923 2023 2023 1714 4217 3086 4302 4302 3523 3523 4148 4148 4039 4067 4067
3814 3682 4628 3982 3783 3289 3191 3344 3231 2909 2800 3132 3143 2648 2432 2432 3196 511 456 3350 3350 3440 2111 2111 2111 2111 812 672 2096 1491 917 293 1736 1736 3613 3705 1746 2489 2489 3977 5515 2048 2048 2638 3101 1504 3101 3712 3712 3712 3849 3849 7647 3111 3111 3499 5966 5966 5966 2967 2870 2870 4964 4964 4087 6399 4304 4304 2911 2845 1923 1478 662 1714 1714 3007 3443 3443 2953 2953 4429 4148 4039 4067 4067
3814 3389 3389 3861 3861 3289 3191 3481 2896 2879 2596 3008 2500 3251 2667 3223 3223 1315 1461 1525 1525 2998 2902 2902 2658 2542 817 817 2096 1494 1038 5513 5030 3424 3633 3633 3633 1493 1493 4178 5854 2048 2048 3361 3273 3534 3701 3701 2760 1509 3826 2338 2338 3111 3111 3499 3499 2756 2756 2756 4005 4005 8371 8371 3931 3931 4498 6395 2460 2460 3670 3232 3232 3514 3514 3007 944 1260 1288 5552 4429 4429 3906 3761 5324
3618 3472 3472 3716 2109 2702 2899 3621 3432 2990 2759 3398 2500 2523 2301 3223 3223 1063 1089 985 1604 1624 1816 2479 2820 1300 1300 1300 4164 1771 1771 1771 936 1402 966 1306 1002 1252 1252 3316 4174 1827 1827 3668 3668 3534 3825 3825 1514 1514 3826 3995 3821 3225 3225 3458 3458 2550 2550 2756 8711 4005 4005 7558 3968 6349 6773 6773 1915 6772 2674 3562 3562 5222 4142 2848 1199 2363 2009 2009 4248 9100 3761 3761 4889
3960 3960 3960 3716 2109 1753 2842 3556 3457 3561 4064 3398 2728 2703 2741 3785 3785 3244 3244 3598 3598 2844 2844 2820 2820 1563 1563 1563 4020 3857 3857 4471 791 1292 1272 1282 881 1417 1417 2547 2547 1827 1827 3499 3499 3716 3757 3757 1061 691 3474 3474 3474 3231 3225 3225 2550 6232 3375 2550 2241 3732 3732 7558 2985 3874 3874 5605 6117 6117 5758 5758 5618 446 813 3027 3629 4639 2716 7475 3205 3205 4404 4404 4372
3282 4299 4299 900 393 658 3609 3643 3798 3709 4138 4824 5040 2397 1905 989 1037 3826 3244 3412 3412 2844 2844 2856 490 359 1229 1432 2007 4099 4142 5282 5282 5282 1706 1667 5915 5256 5256 1178 2207 2207 1957 3499 3499 3716 3716 4247 897 693 3474 3474 3474 3231 3231 3231 2322 6232 7820 2322 2241 3732 7765 7765 2427 2427 3125 4419 4419 6117 5758 5618 5618 575 575 2726 3056 3056 4966 4172 4172 5104 4599 4599 5217
1948 1213 1213 1250 1667 2983 3111 3111 3149 3709 3614 3614 3615 2745 2004 989 922 2812 2812 3353 3353 3232 3232 2856 340 270 803 734 812 4099 4099 4746 4746 4746 1822 1027 5915 5256 6298 1178 1249 1453 1194 4378 4378 4066 4066 4247 3073 3211 3255 3255 3255 375 3296 3296 6613 6613 2199 2322 2409 2940 2515 2515 2427 3125 2547 2547 4693 3824 6053 4984 4984 2726 2726 2726 2285 2285 5066 4445 4445 4445 4599 4599 5547
1948 1174 1174 1027 1027 2410 2129 2767 3149 3310 3214 3137 3137 3534 2172 2062 1551 3460 3231 3499 3499 3499 3160 3160 335 270 579 380 2874 2874 4153 5241 1953 1134 504 502 1509 4994 4994 5745 5745 5236 5236 4468 4468 4066 4066 4112 4050 4050 4050 3211 3211 4797 2414 2414 2414 4589 3240 1454 1454 2327 1359 1587 2941 4026 2132 2435 3794 3824 3824 5665 5665 4307 3809 3809 3805 4091 4312 4312 5243 5592 5592 5359 5823
2978 2978 1174 673 673 2671 2129 2195 2915 2687 2626 2641 2953 2737 2172 1958 1366 3693 3231 3231 4210 3231 3229 3229 335 308 524 331 3969 2874 2874 4511 4511 1134 448 496 1089 5700 5700 5745 5745 5210 5210 4531 4531 3518 3518 4112 4112 3625 3625 4672 4672 4470 3515 4018 4018 4018 4589 1454 1454 1559 2834 2834 4022 4022 1081 2187 4186 4048 4147 4290 5617 5617 4669 4541 5130 4091 5010 5408 5408 6389 5481 5311 5379
1266 1451 1451 439 439 2807 3099 4387 3014 2677 2258 2145 3111 3111 2169 3407 3407 3407 4337 4337 4210 4210 4237 4237 2362 2362 371 371 2086 2086 2086 5142 5142 5093 516 516 5571 4436 4436 5749 5749 5114 5114 4196 4196 1153 3740 3489 3972 3972 3972 4672 4672 4249 2743 2664 2664 2664 2664 3857 3857 3857 3389 3389 3389 3485 3990 4732 3485 3287 2555 5606 5594 5106 4816 6202 7399 5454 5454 4295 5363 5858 3632 3632 6006
1563 3276 729 611 611 2531 3099 3757 2365 2071 1844 1691 2987 2987 1969 4227 4227 4227 4337 4337 4312 4247 4247 4247 4555 4555 371 371 2659 2659 2086 4545 4328 4518 4518 4518 4518 5177 3642 1720 1720 5813 4328 4138 4138 4138 3740 3842 3855 3855 4101 5378 5378 5354 5357 3090 3090 2617 2617 2974 2976 2781 2781 2781 3389 3673 2864 2864 3673 2267 2833 2833 5432 5432 5137 6901 7399 4608 5042 5045 5045 5854 5266 5266 6006
