includes/gis/MODIS_ASCII/mod13q1_ndvi_2008_337.txt
ncols         829
nrows         925
xllcorner     164106.58989296
yllcorner     9637524.0094144
cellsize      264.9945474373
NODATA_value  -9999
[rows 185 to 221 of 925, columns 504 to 587 of 829]
4935 5072 5190 5223 6263 6263 5107 4881 4170 4268 4187 4324 4324 4069 3875 4301 4381 4941 5114 5122 5713 5868 5143 5160 5138 5238 5906 6356 6101 5826 5517 5300 5570 6402 5956 5956 5162 6142 6654 6654 6174 6174 6039 6187 6187 6497 6720 6513 6500 6176 6144 5950 5950 6346 6511 7126 6856 6856 7222 6867 6459 6415 6207 6592 6546 6693 6701 6701 6515 5713 5134 5001 4318 4603 5588 5546 5058 5155 4957 4802 5243 4905 3908 3953
5149 5557 5179 5441 5284 5215 5215 4571 3835 4066 4066 3889 3997 4074 4073 4195 4195 4151 4945 4945 5385 5234 4864 4984 5289 5404 5937 6291 5989 6101 5498 5304 5947 6710 5956 5614 5614 6106 6316 6305 6305 5978 5978 6304 6197 6197 6391 6462 6500 6735 6261 6020 6020 5908 6353 7107 7116 7019 7222 6865 6429 6209 5246 5961 6546 6697 6512 6374 6374 5898 4938 5001 5001 5329 5859 5728 4748 4299 4957 4755 4599 4787 4058 4058
5023 5023 5179 5613 5539 5270 5270 4870 3835 3663 3663 4109 4030 4030 4306 4124 4048 4048 4796 5624 5515 5166 5158 5158 5429 5337 5926 6310 5939 5586 5510 5290 5845 7162 6613 6229 6052 6052 6291 6295 6288 6543 6467 6467 6216 6285 6285 6462 6201 6201 5988 5954 6112 6112 6353 6826 6793 7019 6946 6946 6299 5940 5843 5961 6637 6704 6312 6820 6820 6912 4938 5721 5869 5869 5627 5699 4453 4299 4299 4429 3799 4301 4637 4928
4720 4568 4934 4827 5163 5273 4870 4870 3902 3307 4576 4251 3616 4306 4306 3862 3787 4054 4486 5229 5628 5105 4901 4825 5046 5046 5843 5843 5329 5360 5078 5078 5334 6622 6526 6311 6151 6166 6166 6520 6360 6116 6073 6073 6189 6063 6252 6268 6238 6238 7134 6684 6703 6795 6857 6693 6793 6556 6311 6311 6176 6207 6080 5843 6237 6120 6015 6371 6115 6115 5866 5896 5574 5609 5609 4075 4295 5641 6099 6099 5823 6649 5289 5019
4517 4568 4568 4654 5159 5273 4753 4753 3886 3740 4179 3958 3616 3961 3961 3940 3933 3855 4222 4658 5157 5090 5123 4966 4988 4988 5738 5283 5283 4738 4646 4870 5725 5810 5810 6345 6256 5586 5892 6209 6398 6416 5809 5962 5962 5684 6063 6437 6070 6372 7484 6108 6143 6474 6425 6693 6913 6383 6512 6055 6055 6444 6670 5877 5877 5810 6155 7416 7375 6166 6308 5065 4560 5924 5996 5091 5091 5288 5846 6011 5899 5899 6175 5019
4666 4407 4171 4171 5402 4917 4221 3762 3748 3748 4245 3956 3314 3388 4027 4027 4112 3855 4222 4209 4540 4424 4936 4411 4524 4468 5726 5154 5154 4265 4322 5027 5027 5294 4595 4595 3858 3120 4629 5780 6014 6552 5873 5768 5914 5598 6147 6147 6223 5950 5339 6185 5922 5847 6537 6231 6372 6568 6435 6766 6766 6525 6670 6237 6258 6276 5234 5622 4549 4458 5494 5535 5751 5577 5996 5486 5486 5636 4839 5184 5268 5899 6163 5940
4006 3897 3577 4085 3875 3777 3645 4360 3809 3748 3834 3527 3527 3475 3584 3709 4112 3174 3347 3817 3932 4401 4424 3873 4524 4468 4982 4752 4759 4759 5528 5027 5770 5770 3976 2635 2635 2141 5170 5170 5906 5762 5762 5675 5675 5386 6198 6148 6118 6030 4412 4412 6141 6298 6537 6345 6303 6111 5600 5992 6314 5889 5889 5976 5097 5113 5234 5232 5293 5500 5280 5280 5497 5577 6043 5548 5274 5274 5629 5470 4745 4948 5345 5345
4006 3812 3100 3298 4085 3777 4931 4931 3809 3809 3670 3464 3464 3102 3584 3709 3709 3167 3226 3835 3969 4401 4442 3873 4116 4770 5232 5310 4822 4822 5528 5376 5868 5868 4818 3979 3979 2141 3580 5473 5473 5266 5266 4872 5122 6023 6023 6162 6109 5876 6114 5863 5925 6191 6393 6135 6271 6271 6350 5992 6381 6783 6783 4851 5081 5995 5376 5376 5056 5135 5361 5135 5497 5832 5619 5085 5163 5333 5664 5470 5007 4306 5040 5345
3417 3391 3434 3804 4079 3253 4688 4805 4496 4030 4406 3975 3793 3102 2881 3504 3777 3777 3233 3744 3969 3954 4213 4241 4438 4575 5366 4951 4822 5000 5000 5046 4835 4663 4143 3979 3979 3662 4407 5574 5574 5734 5177 5467 5467 5847 5627 5627 5402 5959 6017 5863 5692 5692 5978 5623 5847 5992 6350 7294 7741 7301 6053 4643 5081 5995 5322 5129 5129 5563 5297 5135 4711 4711 4586 4705 4860 4963 5664 6172 4844 4398 5131 5363
3862 3277 3086 3483 3889 3253 3883 4291 4003 4030 4019 3697 3964 3606 3373 3426 3413 3413 3176 3744 3744 3753 4175 4772 4772 4305 5052 4951 4087 4431 4431 5043 4749 5311 3351 3818 4690 4690 5127 4978 5772 5798 5201 5774 5774 5678 5098 4785 5402 5910 6017 5851 5699 5699 5705 5660 5656 5992 5992 6554 6591 5787 5033 4643 5093 5882 6013 5785 5785 5101 6164 4694 4521 4833 4833 4983 4540 4284 4387 4387 4251 4400 5009 5742
4046 4046 4447 4148 3825 3542 3352 3403 3417 3491 3729 3977 4121 4121 3959 3635 3827 3085 3176 3751 3425 3425 4027 4310 3842 4876 3822 3984 3679 4122 4554 4554 4916 5311 4102 3564 3860 4982 5670 5773 5674 4898 5377 5350 4512 5492 5495 5140 5339 6482 5976 5882 5556 5253 5253 5595 5656 5836 6386 6386 6643 5991 5079 4658 5527 5371 5355 5393 5097 5097 6164 5204 4923 5304 5304 5765 5084 4284 3717 4057 4221 4416 4576 5265
3408 3877 4455 4455 4126 4004 3518 3274 3417 3530 4186 3847 4168 3804 3959 4059 3817 3085 3883 3587 3379 3784 4505 4404 3717 3717 3796 3847 3847 4061 4453 4791 4791 5672 4641 4351 4848 4848 5645 5468 5661 5811 4898 5051 5378 5110 5143 5442 5368 6016 6023 5798 5506 5454 5398 5398 5976 5909 6240 6240 5886 5195 6042 5386 6356 5756 5422 5533 5522 5606 5606 4776 4697 5455 5589 5589 5051 5709 4755 4587 4441 4287 4287 4359
4473 3846 4218 3767 3364 3260 3517 3605 3777 3759 3981 3988 3779 3788 3492 3492 3414 2887 3690 3690 2914 3784 3784 3799 3384 3592 3592 3587 3879 4556 5092 4877 6025 6025 5078 5059 6031 6280 6280 5613 5521 5811 5649 5649 5668 5454 5221 5307 5368 5638 5642 5710 5141 5027 5267 5398 5712 5348 5004 5065 5065 5229 6042 5879 6163 6163 5792 5369 5504 6213 5206 4218 4312 5245 5938 5253 5538 5538 5242 5242 5894 4995 5415 5415
3932 4283 3763 3715 2946 3678 3464 2798 3706 3669 3551 3591 3091 3292 3262 3230 3230 3447 3812 3297 2914 3834 3583 3583 3029 3136 3136 4487 4487 4521 4488 4934 5175 4405 4545 5348 5537 5504 5395 5053 5521 5494 6305 6166 6166 5776 5470 5307 5187 5410 5700 5285 5315 5183 5267 4907 4907 5412 5544 5217 5608 5608 5645 6657 5427 4767 5178 5257 4874 5775 4702 5261 5261 5245 5955 5331 6062 5932 5932 5249 4938 4753 4955 5415
3920 3821 3763 3733 3465 3834 3925 3890 3558 3542 3891 3785 3246 3339 3292 3355 3355 3285 3716 3297 2472 2828 3083 3083 3228 3244 3364 4196 4196 3666 4447 5660 4645 4405 5025 5216 5177 5648 5530 5053 5788 5788 6131 5929 5650 5650 5470 5132 5008 4625 4625 4913 5513 5530 5444 4938 4598 4622 5021 5237 5300 6080 6080 6432 5036 4767 4930 4930 5069 4514 4308 5189 5214 5214 6158 5686 5879 4961 3778 4803 4736 4266 4955 4955
4430 4042 4156 3213 3814 4216 4041 4070 3558 3436 3543 3543 3197 3132 3556 3554 3245 3285 3716 3143 2288 1711 2872 2872 3228 3244 3400 4573 4265 4265 3758 4506 4645 4441 4632 4618 5213 5585 5530 5271 5521 6476 6666 6515 5558 5370 5676 5676 5744 6297 5146 5351 5689 5743 5246 5113 4970 4329 5021 5721 5436 5563 5230 5230 5036 5374 5100 5073 5073 4100 4474 5189 5466 5466 5451 5075 5365 5259 4405 4524 5229 5065 4238 4287
3623 3623 3967 1695 2829 4544 4390 4335 3602 3371 3168 3242 3163 3224 3271 3460 3245 3245 3898 3733 1795 1835 2983 3381 3381 3449 3914 4033 3771 4201 4255 4506 4363 4289 4562 5213 5623 6038 6038 5983 5849 5912 6930 7110 6377 5860 6081 6081 6363 6290 5146 5454 5454 6678 6147 5454 4662 4611 4611 6009 5163 4994 5533 6139 5107 6287 5699 4843 4185 4185 4379 5047 5550 4753 4753 4860 5511 5225 4405 4874 4874 5403 4071 3972
3209 3918 3967 3431 3431 4087 3722 3871 3331 3162 3300 3349 3267 3652 3271 3460 3341 4017 4017 4072 2938 2938 2983 3378 3378 3388 4204 3882 3416 3499 4602 4816 4816 4699 4617 5564 6022 6337 6169 6169 6853 6742 6930 6930 7261 6957 6363 6030 6030 5572 5759 5103 5590 5590 7058 6730 5455 5425 5425 5348 5275 5212 4762 5288 5755 5360 5702 5188 4752 5592 4379 5378 5634 5412 5438 5438 5574 5225 5600 5249 5249 5183 3779 3554
3366 3918 3892 3668 3868 4262 3722 3315 3445 3219 3421 3528 3274 3652 3652 3613 3445 3366 3366 3913 2938 3387 3538 3378 3185 3185 3747 3881 3491 3963 4715 5138 4492 4492 4916 5459 5687 5797 6315 6315 6075 6375 5530 5718 5718 5846 6386 5685 4937 5572 5858 5930 5673 5819 5819 6575 5455 5778 5787 5787 5689 4659 4762 5288 5487 5398 5356 4740 5122 5592 4846 4846 5630 5579 5413 5161 5574 5260 4866 5424 5506 5206 4602 5228
3125 3125 3612 4067 3809 3868 4078 3700 4001 3621 3731 3981 3443 3249 3352 3352 3306 3517 3697 3697 3443 3608 3608 3432 3325 3413 3747 3764 3735 4329 4358 4390 4167 4364 4735 5622 5582 5756 6454 5798 5798 6375 6143 6662 5902 5902 5670 5224 4937 5000 5114 5460 5100 5185 6681 6575 6614 5343 5158 5319 5319 4659 4527 5234 5647 6369 6258 5097 5122 4966 4895 5400 4765 4993 5139 4957 4320 4351 4351 5726 5819 5206 5062 5062
3158 3338 3338 3946 3809 4074 3860 3830 3653 3653 3442 3637 3868 3448 3445 3226 3226 3517 3454 3817 3817 4149 4149 3621 3325 3413 3413 3831 3823 4849 4972 4494 4446 4364 4663 4291 4597 5438 6281 6004 6164 6164 6403 6502 6053 6053 5581 5224 5515 4780 4794 6005 5864 5223 6681 6681 7026 5723 5628 6091 5308 4598 4966 5419 5001 5488 4964 4964 4414 4708 4957 5364 5219 4993 5348 5149 4950 4670 4718 4756 5819 5148 5115 4766
3539 3457 3684 3684 3772 3928 3947 3697 3653 3653 3486 3406 4029 3595 3445 3226 3226 3756 3543 3633 3633 4524 4479 3621 3614 3306 3604 3604 3709 3709 4100 4273 4446 4221 4686 4291 4264 4824 5374 6004 5794 5794 6476 5914 5503 5242 5581 5705 5233 5424 5663 5549 5549 5223 5229 6160 5903 5903 5842 5639 5818 5905 5778 5778 5391 5488 4665 4538 4538 5009 5233 5210 5196 5196 4901 5048 4860 4503 4254 4254 4816 4910 5211 5577
3539 3733 3402 3402 3342 3653 3281 3697 3391 3564 3564 3426 3507 3835 3445 3661 4004 3992 4339 4539 4314 5061 4838 4342 4047 3898 3652 3652 3970 3231 3231 4273 4214 4402 4743 5175 4519 5181 5374 5560 6248 6248 6838 5424 5137 5242 5242 4887 5225 5216 5847 5418 5418 5475 5780 5608 5248 5323 5842 6219 5783 5782 5495 5362 5362 5334 4433 4702 5003 5003 4964 5823 5356 4887 4887 4523 4803 4316 4012 3932 4221 5273 4854 3890
3322 3557 3503 3133 3133 3447 3420 3420 3449 3282 3282 3089 3237 3835 3913 3742 3761 3628 3968 4204 4314 4425 4820 5045 4218 3842 3437 3361 4624 3795 3231 3689 4305 4436 4636 4389 4897 5209 5223 5583 5882 6491 6491 4614 5279 5420 5152 5152 5200 5995 5847 5648 4898 4898 5105 4877 4853 5201 5614 5153 5028 5379 5242 4958 5187 4432 4688 4952 5238 5771 5771 5823 5125 5382 5450 5450 4522 4180 4012 4237 4323 4341 4073 3830
2931 3391 3819 3274 3274 3447 3556 3556 3426 3711 3466 3466 3237 3450 4141 3917 3754 3425 3864 3586 3964 5128 4748 5019 5019 4607 3437 3361 4302 3795 4460 4149 4149 3892 4742 5443 5402 5402 5632 5946 5566 5680 5159 5247 5096 5333 5819 6737 6737 6503 6338 6536 5777 5653 5653 5299 4469 5201 5335 5335 5081 6067 6389 4958 5108 4660 4588 4817 5381 6154 5144 5144 5372 5972 5352 4528 4528 4180 4287 4289 4559 4559 3969 3707
2965 2965 3535 3274 3156 3156 3455 3455 3580 3527 3397 3466 3348 3560 3931 3857 3227 2792 3636 3586 3403 4414 4182 4383 4326 4326 5333 5648 4758 4189 4217 4571 4427 4427 5312 5443 5382 5643 5643 5416 5133 5287 5159 5314 6183 5912 7086 7147 7173 6503 5951 6139 5302 4958 4900 4900 4469 4886 5365 4940 4940 6301 6389 5614 4938 4293 4833 4768 4356 6154 5230 5230 4333 4775 4885 4641 4528 4638 4523 4633 4097 4378 4264 4459
3193 3193 3535 3689 3530 3530 3580 3624 3624 3527 3397 3709 3709 3779 4053 3063 4168 4495 4054 4846 4400 4163 4163 4393 4169 4355 5279 5648 5648 4039 4118 4588 4826 4827 5312 5301 4928 4788 5001 5001 5686 5287 5181 4758 4758 5528 6496 5956 7173 5867 5867 5680 5134 5526 5293 4900 4667 5924 5207 5233 5108 6301 5820 4585 4156 4531 4555 4840 4356 4464 4448 4363 4363 4608 4639 4676 4915 4681 4316 5117 5269 4378 5096 5096
3193 3577 3577 3331 3354 3347 3347 3473 3624 4098 3765 3708 3592 3592 3509 4164 4654 4495 5152 5343 4871 4177 4699 4489 4753 5210 5774 5688 4695 4161 4186 4443 4489 4827 4502 4502 4370 4322 4796 5185 5053 6115 4922 5004 5527 5527 5242 5956 5179 5533 5903 4936 5072 5567 5293 5949 5949 6354 4811 4380 5108 4467 4467 4606 4895 4671 4932 4942 4942 4565 4001 4257 4751 4608 4237 4086 4344 4699 4316 3997 5269 4506 5035 4469
3755 3439 3322 3322 3259 3350 3959 3928 3755 3755 3603 3762 3885 3592 3645 4484 4654 5242 5237 5343 5539 4968 5894 4961 5336 5545 5397 4934 4461 4240 4573 4371 4489 4443 4620 4659 4612 4257 4757 5185 5195 5195 4922 4988 5061 4860 5242 5070 4836 5561 5618 5402 5786 5567 5804 5942 6260 6245 5396 4620 4512 4360 4740 4740 4676 4683 5861 4871 4861 4861 4789 4488 4197 4204 4204 4514 5117 4699 4046 3653 4005 5065 5381 4810
2916 3289 3191 3191 3259 3350 3652 3465 3620 3491 3491 3762 4697 4770 4605 4605 4416 4871 4903 4829 4659 4609 5894 6035 5136 5185 5185 4876 4986 4831 4831 4371 4286 4509 4708 4645 4832 4819 4757 4884 5156 4860 4860 4958 5193 4860 5320 5320 5056 4881 5636 5199 5301 5301 4859 4917 5528 5431 5396 5158 5271 5323 4653 5221 5221 4683 5866 5449 4055 4055 3955 3984 4197 4433 4719 4719 5129 4441 3930 3829 3920 4882 4927 5335
2887 2959 3071 3225 3225 3356 3416 3567 3540 3359 3491 3542 4346 4656 4424 4568 4766 4871 4419 4596 4367 5064 5277 5277 5294 5660 4967 5194 5497 4652 4640 4623 4618 4674 4574 4482 4863 4819 4974 4882 5053 4659 4655 4671 4971 4838 5124 4892 4892 4754 4910 5371 5084 4792 4792 4668 4564 5295 5396 5379 5258 5943 5187 4511 4634 4634 4893 4565 4591 4408 4408 3984 4631 4572 4985 4985 4722 4210 3886 3662 3576 4612 5023 4450
3045 2959 3071 3341 3341 3441 3499 3843 3763 3886 3962 3883 3883 4308 4718 4631 4766 4766 4425 4676 4596 5158 5000 4886 5160 5771 5771 6426 5497 4636 4807 4511 4540 4872 3911 3832 3583 4524 4296 4490 4549 4795 4877 4519 4689 5446 5525 4871 4941 4941 4910 4596 4770 5532 5532 5451 5304 5295 5235 4504 4504 5239 5296 4511 4792 4827 5070 5153 4953 4777 4344 4344 4457 4204 4412 4399 4399 4720 4776 4202 3892 4136 4499 4450
3323 3323 3446 3424 3424 3547 3527 3754 3773 3886 4212 4498 4663 4663 4264 4631 4712 4892 4892 5108 4996 5084 5148 5115 4819 4959 5333 5458 5060 5060 4321 4309 3923 4249 4170 4211 4059 4644 4453 4755 5095 5288 4970 5021 5365 5404 5476 4614 4417 4812 4812 4556 5294 5213 5497 5497 5304 5628 4916 4309 4309 4647 5296 4643 4436 4782 4861 5179 4392 4777 4709 4486 4486 4579 3872 4207 4260 4260 4881 4510 4661 5659 4499 5281
3188 3188 3690 4345 3909 3909 3527 3630 3773 3713 3864 4198 4705 4570 4570 4490 4675 4887 5059 4401 4401 4766 5391 4965 4692 4914 5623 5098 4533 4918 4174 4174 4139 4015 3800 4211 4441 5286 5742 5292 4792 4913 5524 5524 4936 4463 4104 4308 4625 4387 4143 4143 5214 4800 4804 5421 5421 4807 4978 4211 4242 4647 4737 4532 4375 4413 5386 5386 4392 5063 5385 5206 4506 4506 4034 4131 4266 4495 4756 4756 5339 5775 5050 4643
3228 3665 3665 3870 3871 3909 3632 3521 3787 3810 4090 4225 4163 4355 4623 4295 4709 5066 5412 5897 5925 5510 5856 5011 4724 4914 5789 5908 4254 4611 4550 4110 4110 4017 3800 4095 4751 4927 5070 4745 4124 4913 4960 4702 3098 3743 4505 4308 4732 4725 4427 3988 5282 5282 4804 5198 4950 4950 4454 4280 4242 4196 4196 4274 4580 4516 4928 5170 5529 5529 5422 5277 5110 4784 4635 4450 4445 4479 4581 5007 5339 4602 5200 4953
3410 3538 3634 3870 3787 3958 3958 3696 3948 4055 4055 4102 4226 4355 4331 4039 5084 5945 5481 5293 5925 5476 5061 5268 5107 5250 5789 5789 4456 4672 4003 4246 4562 4017 4136 4712 4790 4284 4284 4465 4124 4639 5227 4525 4244 4339 4339 4864 4177 4177 4576 5171 5179 5300 5409 5543 4692 4245 4099 4280 4033 5254 4842 4160 4284 5062 6132 6575 6813 6393 6393 6264 5658 4784 4683 4768 4735 4742 5060 5007 5007 4794 4754 4597
3462 3555 3555 3694 3553 4034 4397 4242 4187 4433 4486 4200 4485 4485 4460 4083 4718 5374 5435 5407 4838 5022 5337 6579 6446 5143 5122 4120 4120 4467 4282 3933 4562 4432 4432 3585 3473 4281 4543 4465 4794 4486 4991 4695 4540 4053 4055 4339 4490 4243 4243 4537 4507 4721 4841 4206 4206 4084 3809 3971 4532 4532 4610 4433 4398 5069 5540 7469 8055 7351 7203 6288 5658 5209 5764 5764 4873 4428 5060 5102 4650 4842 4657 5262
