includes/gis/MODIS_ASCII/mod13q1_ndvi_2010_273.txt
ncols         829
nrows         925
xllcorner     164106.58989296
yllcorner     9637524.0094144
cellsize      264.9945474373
NODATA_value  -9999
[rows 190 to 227 of 925, columns 504 to 587 of 829]
3709 3709 3489 3360 3330 2545 2545 3076 2909 3111 3185 3192 2814 2231 2632 2913 2655 2607 2634 2557 2999 2999 2820 2820 2584 2537 3276 3264 2772 2661 2979 3113 3597 3554 3308 3308 3109 2460 2985 3772 4132 4636 3962 3951 4060 4162 4711 4566 4719 4696 4733 4092 3584 3584 4257 4027 3848 4090 3912 3756 3634 4027 3418 3032 3194 3037 3186 2938 2533 2525 3336 3121 3107 3448 3331 3331 3247 3442 3211 3398 3398 3433 3645 3657
3881 3314 3314 3253 3023 2501 2723 2677 2983 3488 3146 2836 2836 2231 1823 2314 2734 2172 2360 2375 2527 2446 2513 2513 2318 2296 3448 3266 2771 2995 3249 3720 3720 3732 2444 2024 2024 1555 2042 3234 4028 4052 4139 4139 4134 4131 4530 4566 4753 4347 4276 4032 4113 4161 4161 4216 3781 3612 3265 3429 3412 3266 3021 2984 3337 3180 3180 3438 3525 3525 3032 3053 3107 3379 3363 3199 3290 3554 3351 3150 3150 3177 3739 3794
3548 3339 3339 2999 3137 2953 2723 3354 3253 2974 3177 2830 2481 2481 2319 2532 2909 2546 2336 2375 2423 2327 2514 2566 2518 2784 3448 3915 3127 3226 3133 3687 3888 3234 2889 2978 2190 1964 2416 3152 4028 3795 3549 3647 4056 4056 4530 4557 4703 4374 4002 3640 4062 4317 4225 3932 3780 3398 3265 3252 3269 3292 3363 2326 3337 3202 3202 3508 3444 3444 2876 3053 3017 2951 3183 3301 3309 3554 3266 3061 2835 2835 3271 3454
3265 3232 3125 3152 2938 2953 2906 3282 3290 3097 3072 2863 2481 2380 2393 2857 2857 2833 2812 2744 2655 2593 2593 2675 2566 2759 3488 3715 3145 3137 3199 3554 3092 3322 2913 2913 3084 3107 3076 3152 3812 3678 3398 3584 4017 4131 4213 3746 3727 4063 3727 3640 3666 3702 3861 3642 3542 3419 3535 3535 3701 3789 3423 1967 3327 3392 3392 3464 3484 3484 3745 3349 3237 3498 3371 3333 3177 3189 3008 2883 2830 2835 3271 3454
3312 3489 3102 3197 2924 2756 2756 2888 3002 2912 2935 2705 2580 2616 2774 3055 2808 2801 2801 2691 2691 2646 2646 3013 3013 2952 3236 3739 3277 3089 3064 3375 3092 2911 2424 2376 2948 3018 3165 3165 3011 3383 3158 3713 4017 3693 3433 3353 3374 3729 3729 3529 3698 3837 3905 3527 3507 3419 3419 3695 3524 3524 2877 2337 3352 3061 3061 3258 3495 3686 3686 3004 3004 3231 3188 2993 2887 3038 2830 2883 2830 2830 3400 3422
3042 3305 3214 3213 2810 2807 2807 2938 2702 2541 2879 2705 2709 2644 2751 2810 2545 2609 2609 2633 2633 2881 2881 3383 3080 3080 2563 2665 2665 2775 3081 3571 3149 3473 2593 2502 2594 3018 3018 3357 3400 3199 3191 3213 3888 3680 3669 3339 3195 3553 3533 3533 3581 3195 3086 3217 3507 3526 3337 3511 3390 3400 3400 3351 3351 3331 3361 3258 3495 3410 3410 2592 2592 2873 3180 3380 3380 3020 2830 2899 3062 2901 2328 2328
3131 3083 3001 3260 3095 2807 2807 2738 2773 2993 2993 2819 2831 2906 2773 2709 2853 2665 2918 2621 2621 2780 2949 2949 2607 2607 2683 2712 2886 2775 3081 3478 3168 3632 2976 2741 3152 3083 3333 3207 3437 3176 3301 3213 3425 3148 3186 3262 3246 3553 3269 3337 3397 3397 3446 3298 3551 3327 2658 3798 3319 3115 3115 3027 3269 3331 3361 3361 3199 3414 3414 2881 2534 2873 3180 3465 2966 3115 3038 3038 3062 2986 3185 3286
3472 3232 3044 2918 3095 3030 3030 3065 2792 2858 2759 2579 2398 2609 2609 2589 2723 2679 2918 2918 2624 2138 1951 1951 2479 2607 2683 2624 2886 2886 3076 3325 3408 3162 2942 3117 3152 3624 3593 3210 3235 3160 3252 3252 3481 3392 3067 3046 3175 3434 3385 3259 3277 3534 3495 3495 3236 3215 2895 3381 3309 3450 3450 3076 3269 3390 3393 3393 3033 3364 3303 3188 2946 2946 2997 3036 2988 3038 3143 3143 3059 2914 3475 3286
3294 3290 3138 2904 2945 3088 2982 3010 2908 2763 2737 2902 2440 2737 2737 2589 2723 2723 2897 2897 1487 1487 2147 1951 2479 2479 2761 2842 2777 2759 2957 3244 3522 2798 3081 3117 3331 3602 3563 3082 3085 3268 3372 3516 3368 3368 3266 3123 3056 3336 3295 3063 3034 3006 3222 3079 3130 3120 3065 3290 2994 3415 3421 3421 3500 3500 3167 2855 3009 2988 2988 2855 2819 3009 2681 2900 3020 3020 3265 3127 3059 2914 3183 3177
2436 2813 2813 2857 2955 3062 2922 2893 2908 2877 3035 2852 2413 2737 2704 2704 2677 2677 3019 3019 1785 1487 2147 2147 2650 2702 2702 2965 2699 2777 2738 3155 3378 3205 3297 3403 3212 2828 2695 2807 3178 3681 3507 3328 3265 3214 3010 3010 3056 2924 3018 3227 3136 3020 3180 3424 3180 2859 2931 2994 2994 3309 3579 3579 3647 3647 3168 2855 2839 2916 2989 2923 2882 2900 3004 2820 2888 3165 3094 3176 3000 3060 2908 3093
2047 2960 2960 2990 3017 3062 2871 2893 2917 2895 2823 2760 2776 2670 2670 2708 2810 2582 2929 2446 1785 1785 2277 2583 2583 2744 2744 2965 2699 2574 2738 2853 2923 2522 2710 2758 2879 2895 2895 3080 3476 3681 3537 3405 3228 3166 3328 3523 3228 3175 3175 3217 2983 3020 3028 2943 3092 2844 2905 3058 3058 3563 3566 3566 3391 3226 3084 3084 2719 2724 2907 2920 3033 3033 2787 2718 2844 2898 3198 3130 3130 2942 2889 3108
2047 2878 2878 2813 2916 3020 2690 2782 2782 2932 2725 2700 2654 2382 2382 2747 2797 2929 2929 2534 1397 1397 2314 2702 2702 2744 2744 2725 2725 2644 2644 2800 2761 2552 2710 2783 3511 3511 3307 3493 3536 3536 3772 4123 3903 3700 3328 3351 3239 3207 3062 3005 3005 3256 3059 3050 3239 2520 2497 2940 3280 3280 3246 3325 4167 3092 3035 2822 2822 2874 3235 3092 3114 2707 2707 2823 2919 2986 3363 3166 3188 3188 3027 3098
2720 2841 2913 2813 2916 3101 3274 3035 2846 2815 2847 2789 2494 2679 2679 2768 3036 3029 3129 2983 3124 2722 2722 2906 2655 3296 3296 3296 2519 2397 2816 2324 2592 2790 3050 2745 2631 2807 3433 3493 3352 3566 3747 4004 3781 3938 3374 3280 2985 2846 2997 2922 3228 3228 3410 3296 3105 3075 3000 3028 3425 3425 3146 3325 3057 3057 3155 2928 2936 2936 3289 3181 3228 2886 2919 3081 3081 3118 3138 3314 3200 3025 2806 2982
2813 2841 2913 2913 2868 2941 2960 3004 2889 2735 3023 2914 2033 2657 2854 2854 3036 3029 3029 2977 3124 2805 2805 2883 2883 3243 3243 2894 3045 3045 3045 3543 3543 3547 2793 2662 2743 2783 2834 3397 3304 3653 3838 3664 3664 3938 4056 3496 2962 2672 2801 2922 3000 3148 3293 3293 3184 3261 3000 3244 3111 3425 3146 3110 2962 2955 2844 2949 3120 3120 3289 3181 3247 3079 3183 3299 3299 3118 3112 3214 3214 2776 3303 3242
2813 2813 2962 2962 2943 2978 3123 3004 2901 2649 2418 2512 2978 2884 3015 3015 2994 2637 2637 2632 3020 3020 2963 2883 2883 3243 3243 3174 3333 3333 3333 3347 3543 3547 3547 4484 4484 4552 4552 2842 3216 3496 4010 4073 3717 3717 3904 3325 3228 3110 2853 2811 2844 2892 3085 3395 3227 3261 2992 3244 3111 2944 2944 3189 3404 3170 3170 2910 2808 3120 2912 2860 2952 2952 3118 3037 2991 2991 3026 3133 3133 2837 3112 3132
3087 2817 2980 3044 3044 2965 2985 2985 2789 2801 2936 2912 3353 2857 2840 2865 2865 2765 2641 3226 3226 3020 2963 2963 2592 2578 2686 2658 2398 2445 3427 3347 3347 3228 3228 3516 3516 3998 3998 3759 3073 3560 3779 3907 3804 3283 3287 3287 3379 3257 2853 2770 2636 2481 2843 3292 3292 3194 2974 3202 2896 2692 2935 3166 3166 3050 3007 2764 2787 2976 2976 3185 3101 2952 3118 3073 2981 2805 2805 2912 2837 2837 3197 3132
3145 3145 3040 2895 2895 2870 3098 3098 2922 2760 2936 3012 3469 3162 3075 2928 2928 2802 2840 3226 3226 3359 3435 3435 2985 2990 2849 2884 2514 2445 2290 3411 3362 3362 3362 3222 3368 3368 3998 3759 3759 3698 3698 3907 3620 3136 3216 3039 3091 3091 2745 2755 2820 2693 2945 2868 3092 3032 3530 3547 3547 3389 2843 3166 3166 3050 2870 2870 3092 3093 3075 3075 3101 3225 3225 3162 3057 2911 2911 2857 2854 2854 3197 3197
3102 3227 3040 2886 2918 2807 2864 2981 2856 2856 2908 2978 3032 3260 2944 2883 2765 2831 2934 3277 3277 3356 3786 3435 2901 2962 2780 2884 2842 2425 2425 3262 3362 3362 3398 3398 3368 3368 3694 3694 4049 4049 4049 3501 3155 3099 2963 2856 2817 2667 3076 3186 3186 3046 2834 2658 2752 2534 3562 3500 3500 3254 3254 3119 3172 3175 3140 3140 3311 3200 3224 3075 3079 3135 2988 2988 2833 2731 2789 2857 2826 3042 3068 3068
2806 3016 3256 2956 2885 2808 2967 3028 2812 2875 2875 2851 2896 2770 3389 2883 2801 2722 2861 3211 3277 3356 3786 3786 3218 2831 2771 2671 2842 2765 2783 3262 3405 3405 3351 3351 3373 3496 3434 3434 3459 3459 3514 3303 3303 3100 2601 2393 2817 2847 3191 2879 2717 2805 2805 2658 2566 2729 3562 3447 3447 3480 3480 3119 3013 3061 3295 3271 3271 3046 3224 3160 2950 3174 2934 2934 2672 2731 2789 2789 2887 2951 2975 3068
2978 3154 3154 2886 2730 2580 3065 3137 2812 2923 3033 2913 2913 2812 3217 2895 2681 2735 2863 2891 2899 3096 3096 3350 3363 3323 3215 2949 3156 3056 3104 3223 3382 3382 3303 3249 3228 3120 3560 3407 3378 3378 3005 3303 3303 3297 3297 3428 3428 3428 3454 3570 3350 3353 3378 3378 3060 3097 3510 3736 3736 3760 3480 3506 3205 3202 3357 3358 3358 3046 3011 3071 3071 3199 3010 2895 2672 2797 2965 2861 2890 2838 2975 2975
2693 2954 2703 2774 2834 2594 2899 3021 3004 3061 2977 2940 2871 3170 3217 3198 2947 2779 2871 3070 2972 2810 3048 3148 2971 3069 3069 3286 3453 2792 2920 3254 2958 2977 3168 2901 2782 2913 3038 3004 3031 3378 3005 3001 3001 3225 3225 3645 3645 3635 3454 3570 3377 3370 3343 3138 3138 3097 3736 3736 3736 3760 3760 4285 3481 3337 3439 3358 3423 3423 3249 3036 3211 3311 3010 2895 2895 3167 3241 3260 3164 3153 3289 2914
2692 2773 2783 2682 2801 2580 2672 3021 3037 3037 3254 3254 3159 3025 3359 3216 3056 3056 3252 3150 2800 2810 2862 2924 3001 3168 3360 3297 3485 2727 2837 3032 3144 2977 3156 3146 2873 2926 2926 3004 3060 3150 2738 2951 2951 3399 3225 3645 3645 3635 3635 3758 3441 3441 3310 3138 3138 3218 3164 3068 3075 3734 3734 3978 3372 3450 3439 3412 3153 3153 3106 3090 3174 3160 3081 3160 3424 3424 3437 3109 3015 3013 3289 2928
2714 2755 2881 2670 2695 2388 2388 2941 3037 2829 2725 2859 2748 2881 2970 2851 3037 3397 3107 3150 3030 2716 2943 3072 3115 3137 3360 3291 2911 2826 2782 2888 3144 3144 3025 3074 3016 2970 2902 2931 2744 2915 2959 2959 2951 3399 3399 3618 3618 3753 3753 3562 3471 3441 3310 3373 3373 3537 2698 3010 3011 3734 3734 4130 3769 3739 3759 3611 3191 2905 2905 3095 3280 3141 2882 3189 3441 3441 3437 3109 3172 3172 3245 3074
2532 2708 2733 2733 2773 2191 2198 2645 2796 2796 2687 2666 2748 2789 2798 2873 2906 2969 3052 3166 3166 3202 3469 3353 2960 3137 3136 2986 2946 3044 3015 3015 3053 3012 3134 3003 2951 2819 2902 3019 2966 2855 2959 3357 3357 3598 3598 3700 3700 3728 3753 3562 3471 3594 3594 3432 3384 3523 3508 3508 3710 3710 3905 3733 3733 3809 3550 3550 3139 3081 2849 2849 3282 3014 3014 3363 3551 3362 3362 2953 2992 2992 3397 2901
2303 2442 2021 2667 2700 2360 2501 2943 2800 2704 2704 2903 2866 2968 2649 2580 2820 2914 3052 2970 3366 3074 3020 3123 2960 2742 2725 2844 2961 3227 3116 3029 3029 3029 3071 2979 2956 2819 2929 3025 3070 2881 3269 3488 3737 3737 3598 3700 3700 3728 3656 3521 3580 3580 3241 3273 3476 3476 3476 3551 3767 3710 3905 3905 3976 3976 2510 2510 2763 2763 3504 3504 3128 3136 3136 3363 3551 3344 3344 3118 3021 3348 3424 3136
2099 2253 2395 2754 2700 2132 2125 2852 2852 2884 2650 2765 2765 2950 2664 2776 2820 2914 2754 2817 3000 3244 3142 3142 2861 2740 2800 3048 3198 3042 3116 3125 2997 3043 3043 2849 2867 2875 2907 3102 3132 2718 2969 3157 3765 3765 3710 3710 3710 3656 3656 3521 3411 3411 3385 3385 3486 3486 3476 3551 3767 3767 3757 3757 3662 3662 3490 2763 2763 2763 3427 3427 3250 3256 3504 3504 3479 3354 3228 3228 2958 3308 3283 3266
2655 2655 2624 2202 2312 2446 2330 2006 2658 2605 2605 2478 2521 2571 2713 2776 2691 2731 2809 2998 3040 3040 3142 2953 2953 2925 3320 3682 3630 3011 3061 2966 2987 3162 2830 3124 2851 2981 3078 3089 2992 3233 3278 2938 2738 3352 3710 3710 3477 3477 3477 3198 3168 3423 3516 3546 3073 3073 3476 3476 3456 3456 3584 3584 3662 3662 3490 3453 3453 3328 3328 3328 3143 3143 3205 3304 3347 3583 3329 3329 3014 3436 3413 3154
2785 2817 2817 2550 2314 2117 2328 2199 2658 2654 2654 2723 3177 2898 2713 2790 2727 2765 2853 2950 3007 3085 3450 3098 2898 3066 3082 3341 3163 3146 2826 2904 2899 3071 2830 3124 3058 3049 2748 2748 2972 3152 3278 2815 2912 3352 3410 3410 3312 3312 3363 3363 3414 3414 3655 3776 2803 2713 3424 3613 3613 3456 3584 3584 3370 3370 3509 3563 3563 3723 3328 3328 2977 2951 2964 2964 2939 3062 3074 3014 3014 3338 3082 3155
2822 2822 2978 2340 2084 2783 2783 2209 2425 2562 2644 2711 2800 2809 2703 2866 2851 3002 2878 2882 2786 2961 3174 2739 2879 2953 3060 3306 3078 2921 2868 2895 2899 3071 2917 2884 2910 3153 3120 3081 2972 3152 3168 2908 2673 3274 3323 3324 3324 3312 3363 3363 3501 3501 3328 3328 3554 2833 3178 3063 3063 3542 3542 3542 3389 3389 3509 3563 3563 3723 3723 3542 3542 3542 3090 3133 3238 3093 3104 3083 3422 3422 3544 3155
2851 2851 2851 2325 2325 2777 2777 2497 2582 2528 2678 2711 2548 2693 2831 2802 2802 2784 2928 2943 2953 3173 3218 3029 2978 2953 3486 3486 3130 2892 2912 3055 2758 2742 2704 2887 3306 2766 3120 3081 2919 2903 3134 3185 3124 3274 3300 3216 3370 3370 3403 3565 3499 3470 3328 3326 3822 2939 3215 3205 3315 3242 3242 3009 3389 3389 3611 3192 3330 3723 3769 3587 3041 3105 3136 3008 3138 3321 3276 3276 3410 3163 3544 3343
2826 2826 2804 2352 2740 2771 2771 2720 2797 2851 2838 2800 2732 2887 2940 2627 2908 3368 2928 3236 3489 3230 3077 3053 2957 3161 3741 3077 2823 2823 2848 3055 2878 2869 3132 3115 2888 2766 2911 2911 2802 2833 3027 3027 3124 3228 3074 3201 3401 3567 3567 3207 3192 3247 3520 3326 3358 3206 2948 3294 3414 3309 3147 3056 3210 3565 3565 3646 3708 3480 3209 3372 3389 3105 3161 3161 2495 3126 3058 2979 2979 3084 3383 3075
2913 2359 2316 2533 2678 3041 3040 2897 2789 2786 2749 2800 2990 2960 2836 2770 3331 3368 3440 3440 3272 2975 2876 3357 2957 3421 3689 2750 2734 2942 2848 2835 2874 2962 2731 2440 2686 3083 2846 3041 2911 2911 2690 2901 3111 2641 2661 2583 2420 3243 3499 3170 3335 3335 3427 3422 2934 3059 3255 3465 3131 3061 3015 3211 3387 3631 3859 3797 3058 2881 3168 3553 3389 3488 3196 3280 3081 3005 3005 3109 3207 3084 2987 2973
3001 2555 2655 2699 2678 2870 2773 2739 2762 2800 2749 2690 2694 2701 2770 3048 3071 3546 3229 2914 2719 2226 2226 3357 3388 3696 3887 2938 3134 2985 2638 2914 2914 2972 3050 2969 2937 2707 2765 2711 2837 2827 2893 2901 3049 3177 2881 2821 2804 2932 2859 2859 3070 3358 3358 3277 2934 3059 2747 2930 2982 3001 3092 3175 3387 3631 3516 3792 3792 4714 5139 4123 3438 3321 3259 3173 2890 2815 3222 3309 3392 3173 2878 3196
2980 2450 2472 2699 2552 2565 2557 2662 2757 2747 2529 2417 2417 2551 2838 3019 3071 2900 2988 3044 2912 2725 3304 3587 3723 3810 3525 2646 2868 2878 2769 2769 2865 2901 2901 2748 2937 2997 3064 3072 2948 2837 3119 2989 2888 3029 3029 3019 2971 2932 2986 2854 3333 3015 2954 2954 2986 2863 2652 2944 2891 3230 3092 3175 3550 3638 3638 3890 4335 4710 5139 4123 3339 3252 3246 3047 2825 2719 3222 3225 3225 3047 2837 2974
2409 2477 2453 2477 2302 2360 2591 2652 2836 2747 2496 2450 2677 2671 2671 2764 3107 2910 3026 2979 2957 2956 3270 3412 3412 3418 3257 2687 2881 2878 3109 2795 2912 2936 2817 2939 2966 2966 3017 2968 2961 2837 2867 3010 3016 3014 2971 3003 2971 3086 2871 2770 2976 3008 2849 3007 3007 2975 2845 2886 2946 3081 3406 3365 3475 3319 3409 4193 4335 4710 4603 3750 3071 2978 3193 2973 2825 2719 2905 3048 3070 3070 3037 2974
1941 2560 2453 2341 2341 2304 2459 2635 2836 2671 2629 2760 2717 2730 2834 2942 2967 2981 2933 3031 2972 3113 3357 3437 3591 3200 2510 2410 2627 2889 3068 2716 2830 3092 2817 2986 3078 2865 2847 2915 2718 2800 2805 2900 2785 2950 2976 3003 3064 3064 2953 2855 2840 2871 2849 2734 2826 2817 2817 2764 3000 3081 3691 3564 3549 3450 3717 4193 4151 4151 4465 3685 3065 3189 3407 2973 2973 2648 2648 2339 2697 2942 3035 3187
2617 2560 2561 2514 2503 2452 2452 2582 2627 2698 2733 2785 2834 2825 2862 2809 2742 2810 2810 2727 2885 3055 3202 3396 3407 3284 2973 2410 2603 2603 2726 2017 2521 2989 3059 2809 2903 2893 2887 2681 2718 2620 2868 3034 2836 2969 2934 2951 2973 2868 2900 2900 2920 2864 2738 2685 2773 2811 2950 2993 3000 3099 3174 3442 3462 3616 4083 3998 4426 4458 3658 3514 3217 3223 3198 2805 2828 2828 2850 2896 2870 2870 3114 3114
2668 2597 2565 2547 2650 2615 2756 2602 2501 2482 2507 2693 2641 2781 2784 2772 2754 2733 2735 2972 2885 3143 3272 3528 3009 3071 3185 2752 2649 2791 2720 2502 2480 2989 3129 2963 2858 2984 3001 2681 2720 2720 3000 3103 2920 2968 2934 2935 3049 3055 2971 2949 2947 2900 2709 2715 2909 2803 2871 2815 3264 3264 3070 3070 3128 3329 4145 4011 4676 4264 3814 3405 3228 3028 3028 3006 2919 2919 2978 2896 2788 2833 3153 3177
