includes/gis/MODIS_ASCII/mod13q1_ndvi_2017_305.txt
ncols         829
nrows         925
xllcorner     164106.58989296
yllcorner     9637524.0094144
cellsize      264.9945474373
NODATA_value  -9999
[rows 836 to 873 of 925, columns 510 to 594 of 829]
59 401 650 66 89 79 234 122 203 127 65 182 182 151 89 101 31 101 28 69 75 53 106 145 518 1374 3213 3605 3687 3449 3821 4203 4440 3856 3467 3798 313 313 939 1206 955 560 99 878 683 683 310 64 99 486 597 490 508 792 792 786 48 74 74 74 -102 78 -47 -142 -88 -199 -199 -154 -170 -224 -371 -387 -387 -342 -58 213 179 308 308 390 303 303 202 149 257
538 372 149 39 18 4 57 88 177 65 66 72 72 105 55 89 9 101 67 67 60 60 148 148 527 1374 1929 2575 3427 3838 5841 5107 4440 3156 3710 5297 266 266 1120 710 752 816 92 1145 240 347 778 625 398 80 80 335 490 693 693 -3 179 179 48 36 31 -21 -18 -176 -225 -219 -233 -182 -170 -263 -426 -373 -342 -342 9 300 121 161 209 209 150 266 312 149 192
25 -10 121 -18 -6 4 17 44 85 85 62 133 -324 12 29 -91 9 162 84 67 60 60 164 164 1104 827 1486 2093 2093 3159 5272 5107 5503 6635 6635 6164 5044 3950 1120 703 402 402 274 769 151 151 377 421 153 153 153 265 199 639 639 463 393 347 -33 -100 -243 -243 -59 -205 -181 -100 -71 -178 -259 -209 -478 -373 -286 15 48 51 300 106 191 191 171 92 219 219 354
52 44 22 66 0 0 -20 72 113 113 85 133 113 84 95 -17 79 -46 154 152 216 198 221 221 1104 1393 2226 1864 1774 2476 2476 4729 6055 5103 4632 5248 5248 3950 1852 1107 609 384 384 697 139 151 319 377 451 239 239 138 138 623 639 525 482 347 -38 -38 -243 -243 -13 -165 -330 -81 -81 -227 -267 -290 -437 -379 -154 58 115 -13 213 441 214 263 263 133 234 410 410
177 20 20 25 1 30 -4 -4 113 98 169 -242 -237 170 170 91 70 163 225 55 219 237 204 248 252 392 1216 1247 1203 1457 3309 3309 3824 4179 4190 3263 3572 3572 1197 1113 1256 626 196 404 185 392 392 727 235 270 239 309 309 140 73 340 136 136 -65 -6 -50 -153 63 -90 -94 -54 -135 -135 -2 -200 -200 -248 126 325 229 177 256 399 373 465 455 455 400 356 406
202 29 20 14 45 45 -2 -155 134 106 169 -242 79 135 135 135 87 128 163 77 286 301 340 248 319 382 624 1028 993 1457 1622 2625 2625 3559 3614 3263 1783 1420 1642 1642 1330 368 185 389 389 353 353 609 277 78 92 256 256 142 24 280 105 235 13 99 -59 -59 63 -71 -24 4 24 -93 -95 -59 -323 128 223 362 264 198 267 295 298 296 411 370 400 284 197
67 150 134 93 121 115 126 126 186 186 140 107 179 112 112 135 95 128 84 158 680 896 340 278 264 301 373 309 993 716 827 1422 2334 3081 2008 1995 1519 1735 2256 929 332 206 243 149 291 291 332 513 228 525 79 79 165 173 24 156 172 172 282 282 9 -1 -30 -30 -169 -208 -61 -61 -64 -366 -21 0 341 341 406 340 243 276 265 320 175 204 285 197 197
67 292 134 101 213 98 100 145 -64 -10 130 163 112 382 294 294 306 445 445 192 561 896 484 296 167 178 220 239 281 459 758 1303 1715 987 1076 1205 1205 2011 1901 666 316 230 1136 1136 1447 1447 359 552 431 401 525 525 510 273 39 156 121 121 216 282 9 -1 -388 -388 81 -246 -64 -176 -176 -26 3 45 197 214 322 351 425 431 90 239 136 221 221 197 235
324 279 315 233 231 26 42 85 0 -20 133 186 128 506 211 313 264 396 396 1084 664 263 419 252 134 183 205 239 403 395 418 418 437 987 950 1123 1224 1224 802 444 316 315 1854 1854 1487 1487 702 702 467 285 486 486 482 482 190 84 326 293 234 234 159 212 87 118 187 114 119 -155 71 56 56 -5 390 291 200 240 403 384 37 111 130 55 200 130 234
327 327 362 229 219 157 245 227 238 238 269 269 197 232 232 280 188 269 269 216 478 198 269 223 223 283 299 286 388 349 353 407 407 529 488 92 487 431 324 444 352 348 1570 725 454 1487 702 702 601 363 407 407 358 359 292 292 153 415 440 281 344 344 188 188 -141 209 209 287 287 416 160 193 65 56 315 287 321 384 270 178 -76 150 173 231 209
415 473 287 287 236 157 269 227 333 333 330 278 149 306 343 234 235 369 269 269 494 333 434 286 411 411 255 277 275 291 311 295 431 431 348 41 445 281 324 258 258 254 1570 384 488 1829 1669 1669 1669 293 173 207 481 481 454 454 186 518 556 435 344 344 218 218 -2 293 450 450 280 416 331 299 65 100 300 420 470 311 375 467 254 332 299 231 209
433 537 308 223 223 265 152 131 271 219 400 389 389 306 306 371 440 699 699 448 433 433 295 260 202 261 330 218 250 280 235 295 247 239 263 299 213 198 605 605 302 302 286 769 1449 1449 1449 301 301 268 1187 1187 1162 1162 1523 1523 786 186 556 435 466 466 361 336 249 263 397 383 383 295 283 301 268 370 245 -38 463 402 402 218 541 206 327 146 158
212 297 284 256 214 195 266 232 271 219 400 400 389 430 571 571 552 699 699 743 743 448 209 281 202 255 166 118 255 255 235 246 201 211 211 214 167 198 285 169 209 256 148 337 52 222 222 352 263 263 511 511 1162 1162 1523 1523 786 786 1554 812 574 574 370 378 295 263 305 235 235 229 307 94 94 139 475 393 267 342 240 371 561 478 538 294 158
255 335 287 256 256 324 263 296 486 364 399 398 396 739 1444 468 468 775 775 743 743 475 317 281 81 240 200 404 231 179 236 204 174 163 37 209 332 207 110 69 69 172 130 149 68 216 222 352 304 304 433 511 1033 1033 1786 1786 1786 1689 608 934 740 740 613 360 295 306 285 125 125 128 373 139 89 87 566 604 259 229 240 305 831 831 719 294 224
459 260 128 260 260 325 422 442 467 467 678 1052 1052 1539 666 710 710 775 536 536 370 222 317 297 143 240 466 505 268 59 59 181 181 2 -20 16 142 109 149 149 157 189 194 194 68 113 113 337 337 247 356 740 889 889 889 1786 1786 1689 955 570 781 740 613 518 602 602 555 322 152 315 315 139 178 513 499 445 312 335 272 306 472 522 223 411 411
547 278 115 277 277 254 295 333 467 671 671 1015 1015 1622 367 2091 267 387 391 391 536 270 482 501 510 503 503 386 198 216 268 250 250 178 194 24 148 118 168 149 181 189 151 151 100 169 169 337 337 181 171 606 889 889 889 1809 1809 3151 226 1901 584 164 364 612 546 546 555 555 309 315 315 315 181 562 487 358 358 315 326 305 368 511 669 301 301
552 337 204 221 251 265 265 685 312 312 926 633 932 932 2091 2091 1233 1233 410 354 354 231 475 568 627 544 449 340 364 324 308 273 248 116 70 25 -57 -108 158 136 102 104 164 236 121 160 132 678 678 194 194 1090 1090 1015 1015 1109 1109 1439 1439 1705 556 1567 1587 1587 359 359 571 571 399 335 473 473 397 608 507 484 401 251 251 305 318 717 717 283 664
552 410 316 264 232 224 274 430 359 359 402 402 932 2010 2010 1934 1644 962 962 402 354 356 563 563 443 340 353 390 319 267 267 264 258 126 28 29 -57 -108 165 129 36 94 233 189 85 226 132 159 348 245 353 841 1650 925 925 517 517 916 916 1705 556 1749 1713 1587 1001 276 1190 685 685 440 473 473 331 439 344 317 323 346 382 382 127 303 369 532 807
1145 416 453 290 253 200 236 359 359 359 402 402 657 909 909 567 567 204 328 316 374 383 322 233 505 371 353 335 268 241 287 208 83 28 28 133 194 32 147 129 171 180 209 162 84 226 188 159 675 449 712 1612 1650 242 242 699 718 365 916 700 731 1749 1713 1713 1269 246 1754 674 685 440 521 500 459 459 402 410 275 439 366 366 131 110 88 95 364
1145 497 365 278 264 200 238 238 238 343 346 515 515 421 327 440 377 394 419 262 262 314 445 259 328 371 319 271 289 274 286 132 38 24 35 90 90 -36 119 119 154 148 173 234 331 209 290 488 542 542 695 1278 265 195 242 699 255 385 2293 2125 731 1787 1855 1855 1657 246 246 674 674 587 735 533 411 606 536 536 275 385 379 436 493 562 660 733 179
270 219 156 202 202 202 238 238 238 343 343 343 312 312 312 440 440 305 419 228 248 248 313 1 195 195 288 288 182 182 295 297 261 221 221 156 184 -84 88 88 158 199 199 238 331 189 246 476 630 803 695 643 183 372 195 640 640 734 2293 2125 2125 1846 2126 277 295 2338 1817 1110 1521 1685 1232 565 458 432 936 186 253 253 317 425 447 452 703 983 1336
473 182 264 202 202 254 254 254 355 355 355 355 423 423 423 462 462 440 440 153 153 361 514 183 183 195 344 323 110 -18 339 257 234 202 164 164 -122 -122 128 181 170 235 178 288 288 210 199 325 964 920 241 940 627 546 372 640 640 734 734 734 1177 1330 1908 71 117 204 204 1342 1638 1685 1232 1039 385 362 858 360 299 427 548 851 912 823 1309 1358 1336
11 342 217 108 299 341 204 349 500 500 500 395 423 423 423 462 462 462 163 163 163 401 359 183 183 183 266 283 -70 -21 339 252 229 38 59 -12 -130 -122 139 205 172 194 178 201 251 367 313 349 485 920 241 663 485 634 449 894 273 273 525 525 249 587 1044 1044 1907 72 72 1765 1638 1542 801 360 360 922 1034 360 397 571 880 1577 1498 823 1815 1358 1529
909 693 480 282 282 304 304 593 807 545 500 395 395 395 395 442 442 462 163 163 163 163 198 198 358 358 267 276 167 186 274 257 257 262 199 184 163 205 29 29 165 164 108 171 226 254 313 477 398 398 155 768 509 583 449 449 261 73 633 633 477 146 146 772 993 1654 1473 61 1788 1639 93 187 187 398 640 640 747 1083 1142 1142 1142 1433 1678 1815 2092
909 619 848 942 942 304 304 593 807 223 339 339 395 395 442 442 442 243 243 243 243 263 263 263 236 156 181 210 188 207 252 346 331 207 199 227 201 237 264 29 179 164 169 150 212 252 245 231 201 398 155 451 402 337 192 373 1038 193 453 633 477 146 146 440 423 1654 1473 -33 2015 1804 129 129 315 186 186 222 1249 1563 1142 1142 1142 1855 1702 2269 2663
1547 1239 406 764 1602 1602 1207 404 390 460 588 288 339 339 349 349 349 205 243 243 243 224 224 224 152 120 181 190 190 264 177 267 367 207 235 235 209 250 202 112 112 112 143 173 117 60 189 231 201 228 314 314 201 337 192 192 207 1038 453 453 -7 -64 -64 127 162 71 71 1662 1972 2064 2064 1770 1741 2036 2059 1938 1844 1844 2048 2676 1824 1670 1299 2441 2663
533 533 427 804 2034 2246 2246 393 393 698 1053 508 352 352 349 349 349 452 205 205 224 224 224 224 192 192 192 228 187 187 149 249 373 248 244 201 261 261 202 134 134 134 181 190 117 239 269 194 255 231 257 470 470 41 93 93 61 207 172 172 -159 -64 -64 115 145 94 -21 1093 1063 2064 2064 2142 2087 2086 2228 2271 1984 1578 2059 1465 856 856 1756 2441 2998
490 490 496 1444 2034 2472 2472 1417 1305 1324 749 508 352 477 477 477 734 452 469 469 281 281 248 248 211 192 192 228 228 216 216 202 155 285 263 238 285 211 248 167 134 159 81 81 197 239 298 219 206 167 245 305 305 -40 120 120 61 61 93 149 149 149 115 409 409 813 868 868 1469 1785 1894 2266 2282 2282 2192 2251 1254 1076 1197 1005 873 731 1372 1756 3029
639 686 686 1444 1572 1628 1809 1809 1011 389 389 395 395 448 710 409 409 425 425 281 281 281 248 248 211 121 214 294 228 228 228 239 123 288 278 269 273 197 231 214 159 169 201 193 169 169 356 90 235 167 167 29 23 -6 -6 120 120 120 93 149 149 149 149 297 392 412 587 1106 1106 2258 2123 2379 2169 2169 795 1233 1849 2435 2326 2212 2773 2773 1372 1372 3254
2077 1395 662 1332 1754 917 917 917 746 591 518 518 518 484 594 594 431 325 425 372 372 307 307 307 257 440 294 294 294 293 239 239 239 239 291 291 250 182 183 178 143 165 171 171 165 98 241 90 235 167 167 29 22 -68 -22 100 146 224 224 224 226 226 181 171 171 163 337 600 920 1957 2250 2252 2010 2195 304 584 1788 1170 2055 2937 2991 2991 833 833 2948
4135 2440 1409 1476 1476 1679 1679 1562 1562 591 591 518 520 520 484 484 494 494 587 372 372 307 307 257 257 264 320 320 405 293 275 275 318 268 268 263 263 210 210 203 168 165 144 214 214 224 150 150 116 116 116 128 167 146 146 37 -13 -34 106 115 -77 -42 232 259 259 244 244 309 369 619 1078 1948 1518 1080 222 452 1944 1274 1650 2789 2998 2998 587 418 3253
3428 2744 1372 1618 1679 1679 1679 1562 1562 1062 1062 848 585 581 581 494 494 494 587 562 562 478 478 282 306 162 345 353 210 208 275 275 320 349 349 330 263 210 210 203 203 168 102 142 142 99 108 106 120 99 94 128 159 159 159 218 103 103 106 142 -73 -37 219 326 231 229 229 188 231 571 926 1269 1239 1286 216 256 732 1423 2308 3194 2010 2998 1266 835 3952
3626 1884 1372 1372 2376 2376 2216 2216 2216 1062 1062 585 585 581 581 758 758 882 882 562 562 478 297 320 320 320 345 353 210 117 326 275 320 126 149 330 265 265 265 214 186 168 139 139 152 152 184 184 144 155 116 179 179 179 169 169 68 68 186 186 109 145 155 2 -49 155 155 231 231 537 585 912 1271 1271 927 979 1299 1299 2531 1191 785 2919 665 875 2948
1399 1151 1399 1718 2376 2376 2376 2216 1326 1326 1060 721 623 623 623 758 758 882 882 852 852 297 297 297 320 360 395 395 461 461 485 391 391 400 161 432 265 265 214 214 186 169 169 185 185 185 269 35 201 -37 36 222 222 160 211 211 92 68 109 207 -21 109 165 8 11 137 121 251 268 293 470 1248 1454 839 839 1320 1320 2020 3310 419 396 6157 5641 1865 1643
959 1321 1399 1718 605 503 503 2818 1503 1163 1163 721 721 623 755 755 755 884 1090 852 852 236 236 270 270 310 395 395 461 461 485 391 400 400 432 333 333 333 319 215 215 169 130 121 138 138 29 29 201 -40 36 222 222 235 208 208 92 92 100 140 -13 -21 394 842 916 450 260 260 199 101 328 161 1802 1802 1490 2255 2255 2641 2705 269 325 2735 2501 2501 1647
1321 1321 1793 1793 1747 1536 1536 1503 1503 1163 1163 856 922 922 1720 1720 1843 1843 1045 762 762 236 236 270 310 310 332 345 345 381 381 303 383 383 361 272 272 319 319 226 226 246 181 181 13 13 62 68 61 142 142 174 253 67 64 208 89 89 41 41 295 -13 606 456 916 840 396 480 366 305 379 1487 2416 2416 3073 3106 3106 2635 2705 2705 2742 2666 1913 1913 1530
959 959 1321 1793 2825 5032 5748 3831 3244 894 1268 1268 1731 1731 2815 2404 2404 1045 1045 762 387 387 414 414 406 406 419 345 345 381 381 303 202 142 272 252 276 283 226 226 246 246 236 236 19 -9 67 54 42 142 142 239 253 58 96 361 312 46 87 134 295 295 606 456 154 175 215 215 366 305 776 1862 1493 1493 1289 1959 2635 2635 2307 2243 1820 1572 1964 1964 1530
378 563 1771 1295 2262 2526 1744 3831 3831 1630 1268 1268 1731 2815 2815 2404 665 402 692 460 393 387 414 353 440 406 419 564 257 257 416 342 256 290 252 276 276 266 266 266 274 96 247 248 288 234 234 166 295 295 239 331 331 212 118 234 234 283 108 158 216 216 437 346 232 182 94 215 287 355 895 895 517 517 1289 1959 1661 1661 2128 2812 2243 1993 1964 1964 2164
