includes/gis/MODIS_ASCII/mod13q1_ndvi_2000_273.txt
ncols         829
nrows         925
xllcorner     164106.58989296
yllcorner     9637524.0094144
cellsize      264.9945474373
NODATA_value  -9999
[rows 296 to 332 of 925, columns 510 to 594 of 829]
1828 1753 1795 1824 1824 1837 2042 2203 2173 2173 2304 2402 2343 2225 2240 2394 2394 2343 2343 2232 2967 2786 3124 3297 2611 2611 2393 2338 2369 2380 2606 2561 2359 2479 2931 2635 2177 2303 2351 2252 2170 2356 2267 2216 2216 2375 2633 2720 2333 2472 2472 2359 2591 2342 2342 2291 2499 2934 2902 2683 3132 3610 3103 3383 3377 3363 3326 3326 3109 3025 3212 3222 3107 2800 3165 3165 3889 4100 3459 3200 3457 3589 3797 3339 3114
1828 1742 1782 1836 1846 1830 2042 2203 2324 2455 2455 2643 2504 2225 2240 2363 2363 2376 2502 2502 3352 3173 3475 4092 3093 2331 2250 2355 2337 2465 2763 2838 2306 2306 2607 2285 2083 2249 2497 2529 2281 2281 2349 2291 2291 2592 2746 2775 2442 2340 2286 2286 2562 2819 2526 2629 2595 2913 2913 2920 3288 3475 3288 3596 3637 3860 3441 3326 3109 2987 3043 3147 3004 2681 2661 3165 3514 3849 3331 3168 3411 3292 3777 4289 4289
1844 1797 1954 1874 1888 1830 2056 2313 2448 2447 2447 2440 2384 2457 2319 2512 2743 2743 3039 3390 3707 3966 4547 4929 3787 3787 3816 2346 2508 2508 2519 2471 2415 2781 2781 2182 2143 2466 2466 2529 2241 2411 2381 2253 2383 2425 2746 2780 2560 2560 2249 2249 2350 3125 3125 3247 2467 3066 3066 2927 2850 2850 3496 4560 5029 3963 3875 3151 3151 3262 2783 3799 2929 3224 3219 3396 3396 2719 2840 3427 3427 3361 3410 3928 3928
2004 1970 2111 2098 2108 2152 2205 2205 2318 2330 2420 2440 2384 2425 2528 2638 2429 3088 3177 3447 3501 3868 4134 4383 3751 2832 2845 2427 2529 2559 2650 2391 2138 2321 2379 2226 2198 2466 2466 2386 2131 2259 2158 2103 2383 2383 2294 2291 2723 2723 2299 2184 2239 3361 3960 4237 2698 2761 2836 2991 2869 3052 2908 3813 5029 2952 3262 4122 3758 3559 3559 3978 2899 3301 3901 3788 2703 3302 3302 3027 3027 3003 3674 3617 3996
2144 2144 2174 2134 2104 2160 2035 2217 2288 2361 2385 2392 2377 2420 2420 2442 2429 2771 2771 3659 3692 3932 4048 4235 3600 2832 2608 2608 2581 2293 2218 2180 2216 2279 2686 2595 2162 2356 2210 2210 2145 2221 2114 2103 2193 2192 2192 2277 2655 2629 2329 2519 3188 3257 4630 3169 3169 2795 2795 2724 2724 2944 3080 2947 3275 3199 3414 4139 4483 4371 4120 5069 3644 3878 4649 4649 2950 3398 3349 3305 2723 2737 3107 3485 3569
2162 2247 2113 2237 2221 2221 2254 2184 2178 2300 2385 2345 2323 2353 2434 2312 2281 2824 2824 3869 4039 4432 4432 4466 3600 2787 2632 2632 2438 2437 2218 2299 2684 2626 2351 2095 2095 2388 2171 2171 2129 2204 2114 2187 2613 2613 2220 2276 2252 2629 2361 2773 3577 3577 5595 4862 4862 3074 2878 2915 2915 3074 2770 3368 3368 3613 3613 3363 4364 3761 3669 3583 3577 3866 4237 4300 4054 3398 3575 4271 3631 3086 3172 3573 3815
2344 2100 2100 2233 2252 2213 2254 2209 2188 2300 2331 2331 2351 2441 2524 2471 2246 2659 3609 3609 4304 4274 4907 4466 4123 3159 2732 2664 2560 2437 2756 3018 2705 2339 2273 2129 2336 2232 2186 2215 2215 2204 2135 2241 2600 2368 2245 2282 2718 2923 2511 2618 3674 3674 5427 4969 4969 3426 3220 3026 3026 3211 2770 3136 3136 3479 3873 3873 4014 3761 4030 4030 3635 3912 4237 4360 4180 3664 3800 3488 3539 3510 3172 3815 4705
2313 2232 2282 2479 2423 2213 2097 2074 2068 2076 2244 2380 2380 2487 2515 2471 2662 3455 3755 3609 4304 4929 4907 4317 4317 3438 3362 2950 2680 2662 2924 2696 2461 2226 2370 2261 2179 2126 2193 2204 2349 2349 2369 2738 2476 2368 2245 2416 2726 2923 2479 3090 3037 3923 5427 6024 4736 3083 2931 2908 2990 3211 3047 3037 3396 3660 4246 3873 4014 3512 4048 4048 3573 3921 3921 3921 4045 3823 3244 3441 3749 3707 3707 4916 4480
2432 2370 2365 2489 2423 2404 2090 2097 2229 2200 2366 2366 2566 2662 2807 3213 3490 3070 3755 4322 4322 4565 4944 4792 4792 3652 3444 2960 2680 2733 2479 2254 2023 2193 2432 2432 2213 2122 2230 2078 2248 2248 2534 2633 2476 2360 2256 2317 2655 2665 2765 2681 2856 2790 3923 5398 4712 2861 2749 2908 2990 2990 2912 3055 3216 3699 4246 3978 3978 3340 3970 4349 4313 3921 4200 4200 4194 4457 3570 3966 3749 3105 3510 4501 3942
2296 2386 2432 2489 2499 2444 2255 2234 2313 2216 2251 2896 2896 3080 2809 2598 3189 3070 3767 3723 3723 4531 4713 4713 4452 3170 3257 3261 2930 2206 2206 2375 2021 1956 2404 2348 2213 2301 2301 2244 2343 2482 2482 2633 2265 2265 2249 2236 2849 2849 2834 2765 2980 3463 3090 3090 4284 4941 2749 3143 3683 3599 3599 3611 3648 3699 3451 3770 3770 3395 3088 3658 3658 4346 4362 4111 4111 4279 4112 3869 3413 3463 3895 4721 4058
2466 2466 2545 2597 2597 2513 2309 2215 2273 2346 2251 2914 3060 3060 2570 2598 3189 3189 3925 4139 4303 4079 4201 4140 4140 3440 3257 3146 2987 2915 2056 2190 2190 2075 2173 2099 2152 2311 2311 2262 2387 2329 2482 2676 2330 2330 2296 2141 2187 2316 2834 3137 3039 3045 2971 3187 3050 3771 2840 2914 3415 3535 3535 3771 3648 3994 3956 3887 4097 4097 4504 3976 4397 4233 4153 4012 4044 4279 4412 4093 3795 3795 3844 3986 4049
2430 2430 2680 2772 2696 2567 2489 2371 2452 2448 2609 2609 2798 2808 2913 3221 3340 3441 3925 3499 4134 4281 3960 3987 3563 3563 3158 3158 3001 2321 2321 2358 2538 2478 2552 2397 2329 2405 2278 2278 2254 2329 2310 2310 2439 2479 2479 2414 2187 2187 2596 3315 3315 3131 2825 3377 3050 4812 5195 3104 3204 4631 4100 4100 4395 4444 4031 3983 3745 4286 4286 4232 4374 4168 4232 4822 4044 4044 3612 3775 3744 3744 4204 3986 3996
2496 2496 2660 2732 2589 2589 2526 2659 2659 2541 2496 3083 2998 2985 2583 2542 2542 3441 4024 4195 4193 3875 3560 3423 3259 3008 3464 3464 3094 2514 2261 2463 2799 2745 2412 2397 2339 2176 2112 2169 2146 2198 2189 2304 2402 2464 2389 2389 2540 2461 2461 2997 2997 3131 3141 3009 3009 4127 5994 5994 4277 4631 4114 4114 4202 4158 3772 3983 3745 3707 3707 3510 3733 4430 4232 4822 4520 4433 4433 3927 4238 4204 4204 4088 4198
2730 2724 2629 2729 2602 2457 2518 2624 2624 2624 2522 3083 3083 3013 2369 2522 3183 3394 4103 4406 4121 3827 3289 3160 2980 3008 3237 3233 3233 2776 2529 2670 2799 2630 2412 2337 2289 2020 2079 2169 2408 2457 2405 2146 2312 2179 2452 1962 2368 2530 3188 4164 4164 3089 3388 3139 3708 3708 3914 5994 6441 5532 4565 4323 4323 4184 4069 4069 4442 4563 4779 4779 4789 4430 4430 4441 3991 4211 4072 4072 3966 4365 4365 4476 3551
2768 2724 2584 2584 2518 2420 2541 2656 2576 2484 2510 2510 2554 2554 2487 2548 3026 3831 3964 3964 3863 3901 3075 3160 2980 2686 2870 3166 2904 2869 2942 2670 2756 2011 2011 2018 2273 2065 2115 2180 2180 2355 2183 2179 2395 2159 2130 2348 2348 2712 3126 4251 4251 3115 3115 3133 3171 3708 4054 5048 5048 5241 4285 4023 4023 4434 3522 3522 3796 5031 5631 4504 4504 4160 4605 4605 4469 4660 4343 4343 3966 3765 3795 3795 4274
2768 2815 2645 2645 2511 2374 2804 2750 2630 2770 3008 2514 2354 2354 2219 2705 2864 3513 3699 3416 3416 3613 3075 3075 3123 2841 2862 3071 2843 2869 2755 2755 2890 2326 2370 2418 2418 2176 2176 2439 2106 2492 2657 2657 2303 2226 2198 2323 2631 2631 2774 3551 3827 3276 3276 3125 3171 3498 3498 3860 3860 5926 5699 4276 4434 4434 3646 3698 3698 4781 5031 4504 4504 3763 4360 4360 4009 3977 4343 4089 4089 3966 4452 4813 5063
2679 2693 2540 2472 2472 2787 2804 2750 2710 2987 2638 2569 2517 2514 2499 2526 2692 3075 3276 3076 3076 3833 3010 2885 2885 2944 3259 3001 3039 2429 2483 2719 2719 2358 2449 2470 1689 2449 2507 2507 2629 2187 2117 2177 2797 2612 2661 2808 3056 3046 2774 2943 3848 3207 3361 3125 3601 3703 4002 3645 3677 3677 3810 4276 4406 4406 3689 3908 3908 4445 3789 3803 3866 3866 3989 3809 4231 4231 4367 4468 4813 4332 4634 4813 4813
2484 2484 2634 2656 2472 2787 3264 3877 3094 2452 2625 2569 2549 2514 2514 2545 2632 3014 3206 3242 3820 3531 3060 3127 2769 3107 3210 2786 2945 2457 2457 2764 2764 2473 2301 2319 2418 2595 2541 2631 2665 2109 2096 2177 2213 2301 2514 2920 2781 2781 2840 2978 3438 3207 3361 3361 3531 3824 4018 4089 3716 3909 3810 3615 4371 4574 4029 3715 3629 4445 3932 3842 3619 4155 3985 4051 3855 3855 4071 4118 4305 4332 4634 5125 4551
2506 2506 2708 2656 3003 3003 3257 3016 2523 1761 2570 2587 2549 2686 2821 2822 2383 2889 2966 2787 2778 3185 2866 2875 3057 3162 3253 3241 3128 2571 2642 2775 2868 2527 2305 2145 2418 2656 2619 2631 2706 2407 2096 2111 2438 2855 2742 2602 3058 3058 2807 3380 3438 3576 3842 4069 4069 3606 3808 4089 3716 3909 3909 4196 4147 3874 4065 3624 3601 3638 3421 3421 3623 3694 4360 4477 4059 4274 4274 3817 4215 3864 3984 5244 4630
2561 2722 2708 2904 3083 3083 3655 3254 2518 2473 2386 2424 2583 2675 2867 3157 2799 3128 3093 2876 2779 3077 3226 2875 3166 3166 2902 2630 2629 2571 2642 2444 2256 2256 2188 2308 2355 2750 2566 2310 2344 2344 2183 2189 2571 3703 3703 2321 3112 2788 2788 3380 3076 3421 3786 4543 3668 3593 3577 3069 3195 3195 3695 3879 3879 3833 4065 3887 3748 3544 3528 3528 3378 3694 3686 3686 4356 4425 3680 3680 4215 4029 4029 4712 4372
2533 2873 2734 2734 2815 2690 2690 2754 2609 2558 2517 2063 2732 2732 2856 3182 3182 3178 3575 3821 3429 3162 3306 2736 2873 2630 2630 2444 2629 2891 2904 2485 2218 2069 2069 2308 2316 2392 2318 2288 2302 2302 2226 2436 2436 3833 2716 2321 2798 2655 2655 2942 3273 3273 3713 3780 3668 3463 3463 3268 3167 2959 3566 3674 3833 3833 4108 3701 3701 3692 3322 3378 3378 3585 3321 3047 4356 4425 3680 3680 3938 3551 4688 4688 4924
2627 2726 2940 2940 2750 2690 2641 2641 2578 2465 2496 2710 2583 2583 2856 3451 3542 3280 2979 3637 3637 3049 3399 2659 2616 2537 2709 2374 2462 2594 2523 2549 2415 2130 2222 2222 2307 2218 1605 1927 2337 2309 2345 2373 2532 4075 3933 3933 2750 3130 3127 3127 3917 4391 3713 3780 3540 3304 3725 3725 3459 2959 3098 3674 3619 4494 4494 3486 3425 3425 3322 3277 3509 3509 3046 2994 2994 3029 3282 3605 3605 3371 4153 4153 4924
2620 2989 2862 2846 2750 2642 2550 2753 2872 3076 2785 2474 1992 2814 2814 3106 3621 3621 3433 3227 3054 3054 3183 2722 2633 2543 2696 2374 2574 2574 2610 2834 2605 2130 2138 2224 2224 2147 2450 2417 2417 2506 2379 2306 2597 3283 3169 3241 3241 3137 3654 3506 3506 4391 3739 3739 3096 3100 3183 3239 3459 3259 3754 3754 3572 3586 3586 3484 3505 3425 3157 3030 3057 3138 3138 3243 2979 2979 2944 3301 3238 3238 4178 4265 4265
2970 3179 2862 2846 2846 3035 2836 3080 3015 2706 2758 2939 1992 2769 3041 3041 3438 3438 3433 3227 3226 3210 2568 2599 2726 2679 2587 2663 2432 2350 2204 2382 2543 2203 2188 2168 2009 2332 2536 2608 2503 2503 2473 2472 2657 3283 3116 3262 3262 2914 3274 3054 3506 3471 3335 3213 3213 2864 3071 2950 3329 3094 3793 3793 4434 4016 3361 3484 3505 2963 2963 2903 3211 3055 3055 3243 2850 2670 2627 2821 3105 3569 3639 3829 4278
3099 3179 2919 2853 3054 3054 3023 3059 2958 3041 2902 2939 2832 3376 2988 3231 3186 3545 3545 2849 3003 3407 3179 2834 3002 2706 2782 2626 2399 2547 2741 2589 2589 2154 1936 1946 1970 2114 2618 2791 2416 2358 2358 2451 2513 2509 2690 3088 3241 3790 3003 3054 2927 3365 3638 3399 3147 3147 3071 2950 2918 3057 3003 3186 3186 4434 4016 3654 3882 3373 3373 3197 3630 4720 4643 3581 3341 3140 3264 2821 3105 3121 3206 3937 4732
2641 3056 2980 2817 3129 3129 3085 2101 2219 3009 2902 3038 2912 3237 3946 3449 3144 3260 3260 3092 2870 2976 2825 2609 2939 2939 2813 2710 2403 2449 2537 2651 2317 2317 2041 2051 1959 2114 2712 2734 2513 2574 2523 2523 2457 2601 2687 3104 3325 3790 3003 3026 3061 3503 3584 3347 3064 3147 3192 3033 2927 2927 2981 3164 3215 2778 2589 3518 3580 3276 4020 3933 4380 5125 5125 3430 3506 3965 3264 3308 3308 3110 3107 4000 4909
2641 2650 2726 2948 3200 3200 3085 3190 3310 3155 3410 3919 3586 3586 3240 3186 3728 3510 2868 2868 2400 2778 3046 2042 2531 2667 2921 2921 2161 2256 2537 2140 2527 2150 2150 2186 2065 1969 2755 2800 2418 2686 2485 2635 2635 2601 2682 3335 3230 3692 2965 2864 3276 3488 3055 3219 3064 3074 3074 3040 3127 3123 3503 3503 2644 2691 2691 3010 3585 3900 4020 4169 4169 3376 3634 3755 3755 3965 3531 3034 3034 3496 3928 3940 4610
2612 2632 2740 3042 3022 3042 3042 2925 3193 3359 3458 3919 3652 3652 3372 3026 3154 3517 2580 2047 2577 2577 2455 2042 2509 2270 2670 2240 2240 2256 2209 2511 2461 2645 2486 2321 2065 2104 2185 2482 2487 2680 2851 2920 2500 2500 2707 2919 3330 3768 2965 3417 3582 3274 3443 3331 3324 3162 2985 3702 3688 3221 3700 3700 3073 2995 2995 3313 3585 3900 3508 3871 3871 4075 4229 4010 3755 3358 2761 2745 2970 2970 3928 3928 4610
3115 3061 3229 3229 3031 3060 3247 3247 3514 3458 3458 3641 4027 4027 3894 3705 3474 3406 2976 2942 3050 2518 2455 1828 2357 2485 2482 2520 2272 2272 2048 1967 1983 2395 2512 2321 2284 2284 2079 2377 2491 2654 2801 2920 2651 2305 2133 2596 2694 2923 3115 3419 3222 3063 2969 2986 3177 3150 3040 3702 3702 3083 3700 3700 3199 3068 3337 3313 3434 3434 3674 3760 4843 4843 4035 4010 3383 3383 2745 2790 2834 2834 2944 3147 3380
3234 3061 3443 3443 3051 2874 3079 3079 3307 4064 4064 3837 3801 3985 3985 3879 3474 3396 3490 2880 3176 2518 1859 1859 2413 2238 2112 2536 2314 2453 2453 2452 2060 2173 2512 2608 2517 2145 2145 2802 2672 2747 2466 2549 2636 2715 2691 3094 2776 2818 3670 3670 2804 3030 2969 2830 2830 2994 3040 3204 3165 2870 2871 3198 3198 3068 3337 3337 3647 3647 3111 3071 3664 3664 4035 3492 3158 3158 2876 3131 3027 2902 2902 3386 3552
3357 3260 3276 3080 3080 3565 3405 3307 3307 3643 3451 3451 3473 3502 3563 3879 3491 3284 3499 3206 3176 3181 3055 2833 2312 2211 2204 2536 2508 2245 2605 2726 2816 2440 2406 2807 2559 2929 2422 2407 2672 2672 2537 2508 2636 2954 2996 2810 2923 2971 4455 3298 3298 3030 3362 3823 3368 2994 3212 3146 3073 2856 2768 3080 3198 3130 3386 3216 3728 3537 3537 3652 3664 3697 3697 3679 4236 4236 3963 3963 3647 4065 3884 3331 3442
3193 3143 3115 3532 3588 3428 3428 3465 3457 3395 2896 2896 2884 3502 3563 3563 3463 2875 3074 3206 2722 2963 3266 2971 2564 2100 2194 2121 2240 2500 2673 2518 2947 2947 3073 2807 2573 2573 2287 2278 2219 2219 2619 2701 2803 2812 2971 3306 3306 2971 2932 3118 3489 3489 2789 3823 3368 3368 3186 3532 3259 2796 2768 3080 3130 3130 3571 3637 3637 3382 4053 3652 3579 4379 3591 3591 3822 2369 2769 2769 3909 3829 3062 3054 3442
3103 2898 3185 3458 3547 3187 3238 3281 3164 3164 2920 2647 2818 3196 3456 3348 3348 3181 2777 2760 2775 3319 3087 2761 2298 2498 2416 2416 2639 2504 2502 2408 2667 2947 3073 2538 2524 2524 2369 2387 2409 2606 3035 3035 2791 2791 2783 3148 3148 2908 3438 2942 3489 3489 2789 2987 3026 2996 2996 3423 3301 2981 2733 2911 3385 3385 3363 3739 3291 3626 3415 3542 3542 3785 3348 3255 3822 3098 2896 2986 3976 4194 3473 3054 3522
3037 2960 3075 3643 3311 3131 3127 3337 3454 3126 2987 2774 2654 2838 2659 3035 3224 3483 3155 2916 2916 3058 2964 2885 2298 1818 2498 2542 2306 2525 2500 2500 2667 2594 2594 2473 2576 2666 2666 2557 2631 2688 2782 2730 2567 2567 2581 2813 2813 2884 3138 2640 2757 2860 2979 2828 2780 2969 3049 3707 3365 2686 3105 3322 3322 3026 3614 3318 3356 3296 3237 3185 3341 3401 3734 3255 3292 3816 3731 3503 3503 3567 3473 3554 3487
3090 3090 3031 3485 3411 3198 3128 3456 3456 3125 3006 2929 2934 2639 2594 2594 2922 3066 2967 2925 2662 2687 2774 3122 2550 2453 2766 2766 2232 2563 2727 2500 2424 2381 2381 2528 2513 2725 2725 2441 2508 2532 2616 2608 2549 2584 2581 2677 2571 2571 2917 2722 2964 2860 3011 3011 2993 3273 3273 2866 2866 2648 3105 3060 3318 3318 3403 3232 3263 3100 3089 3314 3304 3304 3734 3004 2916 3201 2758 2928 3394 3567 3394 2900 3272
3224 3081 3081 3102 3102 3646 3472 3347 3347 3122 3091 3085 3085 3001 2590 2438 2495 2918 2743 2796 2753 2458 2797 3122 2971 2834 2766 2766 2766 2887 2498 2592 2285 2192 2193 2348 2434 2700 2700 2578 2764 2504 2657 2635 2672 2584 2584 2594 2971 3122 2985 3367 3367 3387 3288 2946 2993 3471 3511 3243 3399 3399 3375 3207 3635 3527 3527 3076 3034 3230 3230 3314 3927 3304 3389 2921 2687 3062 2499 2928 3394 3446 3446 3178 3173
2633 2809 2809 3351 3408 3408 3193 3245 3258 3258 3203 3268 3268 3091 2920 2710 2710 2494 2681 2681 2519 2395 2553 2783 2993 3144 3186 3186 3186 3120 2554 2517 2517 2093 1879 2348 2664 2607 2751 2751 2531 2562 2736 2660 2813 2740 2609 2887 3144 3122 3122 3367 3367 3036 2766 2829 3207 3099 2949 2801 2810 2810 3316 3223 3616 3616 3756 3756 3086 3495 3165 3200 3718 3358 3251 2689 2765 2652 2499 2829 3691 3884 3884 3675 3666
