includes/gis/MODIS_ASCII/mod13q1_ndvi_2012_289.txt
ncols         829
nrows         925
xllcorner     164106.58989296
yllcorner     9637524.0094144
cellsize      264.9945474373
NODATA_value  -9999
[rows 555 to 591 of 925, columns 252 to 335 of 829]
3443 3126 3126 3126 2891 2902 2829 2727 2693 2803 2839 2901 3111 3538 3538 3795 4654 2734 3024 4143 4787 3755 4723 4723 5193 5193 5010 4794 3491 3350 3521 3913 4047 3630 4243 3559 3585 2640 2387 2995 2997 3237 3511 3700 3700 4079 4084 4166 4166 4271 4510 4322 4276 4276 3869 4046 3630 3307 3290 3036 3638 3847 3441 3033 3075 3202 3800 3085 3206 2901 2911 3064 2592 2239 2398 2611 2760 3200 3200 3340 4002 4002 4262 4976
3443 3257 3257 3239 2628 2664 2829 2665 2580 2556 2835 2991 3148 4065 4696 4696 5155 3850 3846 4143 5043 5043 5009 5229 5197 5138 5138 4541 3467 3849 3833 4035 4047 4005 4586 4183 3559 3187 3187 3482 3416 3793 3377 3627 4165 3872 4367 4588 4080 4271 4442 4205 4205 3984 3855 3855 3934 3227 3167 2754 3533 3843 4079 4079 3092 3021 3021 3267 3257 2798 2729 3064 2987 2552 2479 2442 2712 2932 2932 3340 3686 3845 4304 4661
3240 2649 2548 2574 2623 2623 2768 2708 2609 2652 2831 2883 3148 3074 3085 3411 3411 5155 4380 3568 4774 4774 4492 5197 5197 5420 4282 4282 3580 4052 4163 4035 3957 3958 4822 4471 3956 3737 3759 3759 3919 4068 3377 3753 4165 3731 3948 3631 3631 3236 3190 3482 3630 3512 3679 3540 2970 3300 3458 3660 3865 3380 4204 3526 3526 3304 3124 3166 2918 2595 2729 2880 3094 3958 3323 3177 3038 2862 2797 3173 3431 3707 4142 3960
3537 2781 2498 2775 2695 2661 2715 2715 2639 2712 2593 2690 2870 3140 3134 3159 3249 3912 3912 3568 4774 4774 4492 4656 4656 5338 4340 4313 4188 3923 4163 4031 4030 3981 4527 4200 3956 3589 3416 3981 4234 4234 3906 3644 3676 3923 3676 3513 3418 3162 3162 3199 3385 3191 3319 3537 2970 2968 3212 3558 3605 3541 4197 3737 3737 3514 3514 3068 3125 2925 2685 2685 2876 3712 3865 3970 3038 3060 3548 4148 4334 4355 4297 4017
3496 3815 3150 3544 3672 2693 2547 2750 3186 2849 2713 2907 2909 2937 2981 3081 2996 3912 3912 3941 3941 4632 4632 5028 5028 5264 4225 4224 4057 4563 4040 3830 3830 4215 4215 4200 4055 3468 3468 4224 4595 4595 4284 4416 4358 4349 4000 4124 4039 3533 3367 3253 3091 3091 3325 3297 3314 3097 3098 3327 3416 3488 3488 3447 3278 2821 2625 2795 3072 2925 2558 2843 3201 3201 3603 3522 3279 3851 4288 4030 3809 3904 4283 6271
3266 3608 3364 3125 3327 3930 3225 3151 3272 3173 2713 2546 2726 2730 2879 3057 3118 4044 4044 4578 5245 4965 4965 5656 5656 5264 4132 3949 3927 4641 4088 3993 3830 4215 4153 4153 3813 3864 3864 4211 4130 4130 3940 3940 3777 3672 3968 4000 3877 3863 3795 3386 3272 3461 3275 3297 3338 3081 3185 3154 3286 3666 3429 3429 3284 2874 2831 3160 3072 3293 3020 3097 3440 3936 4026 3201 3387 3975 3820 3741 3710 4284 4380 5389
3338 2774 2827 2990 3001 3712 3456 3494 3414 3187 2862 2617 2706 3312 3312 3440 3118 4807 4807 4871 4265 5298 5298 5656 5424 5424 4178 4196 4016 4690 4088 3993 3993 4028 3600 3600 3792 4035 3860 3860 4019 4019 4315 4415 3574 3574 3726 3743 3877 3822 3801 3310 3310 3446 3275 3313 3313 3312 3443 3164 2831 3462 3400 3603 3534 3381 3381 3307 3226 3611 3629 3492 3420 3836 3868 4064 3725 3751 3751 3858 4015 4284 4502 5503
2988 2817 2742 2871 3120 3120 3690 4065 4139 3187 3075 3134 3205 2949 3335 6503 6503 4892 4576 4871 4265 4612 4821 5224 5654 5654 4517 4273 4272 4690 4847 4703 4663 4663 3494 3494 3792 4124 3788 3788 4171 4244 4244 4415 4415 3580 3498 3743 3993 3800 3634 3494 3616 3346 3454 3443 3400 3912 3746 3746 2831 3165 3437 3431 3379 3631 3639 3353 3543 3822 4100 4360 4096 4548 3868 3827 3598 3658 3958 4660 4015 4562 4934 5780
3092 3068 2742 2696 3023 3100 3746 3746 4139 3624 2987 2868 3244 3278 3282 5454 4892 4892 4576 4576 4171 4203 4768 4768 5014 5014 4809 4967 4967 4465 4412 4806 4663 4663 4082 4016 4016 3843 3457 3457 4171 4244 4244 4105 4105 3632 3487 3516 3727 3727 3852 3807 3620 3346 3371 3287 3288 3912 3746 3746 3032 3238 3357 3405 3209 3771 3920 3669 3905 4191 4109 4109 4241 4548 4201 4114 3820 4049 4722 4660 4588 4588 4907 5993
3119 3068 3100 3048 2872 3159 3123 3798 3916 3485 3303 3356 3427 3220 3282 5454 4099 4099 3900 3900 3792 3847 4050 4629 4629 4633 4836 4592 4592 4767 4767 4806 5042 5042 3914 3915 3915 4156 3457 4269 4269 4415 4415 4320 4320 3981 3487 3337 4719 5157 3953 3953 3476 4476 4476 3916 3790 3790 3660 3301 3222 3235 3107 3107 2997 3254 3920 3590 5373 5373 5305 5801 5884 5781 5781 4723 4212 3967 4557 4819 4397 4949 5644 5644
3083 3198 3099 2924 3253 3298 3285 3798 2871 2787 2787 2920 2876 2790 3145 4409 3206 2795 2870 2760 2571 2504 3295 3891 3891 3849 4633 4166 4166 4641 4767 5029 4405 3483 3483 4002 3915 4156 4024 4421 4421 4194 4194 4281 4569 3981 3818 3900 5085 4831 3985 3968 3661 4476 4368 4368 4150 4150 4414 3904 3904 2855 3017 3207 2942 2726 2782 3359 6218 5373 5305 5801 5801 6121 6121 4893 5033 5112 4557 4634 4602 5461 5678 4956
3267 3267 3230 3333 3517 2914 3285 3213 2707 2934 2912 2902 2776 2653 2626 2418 2516 2657 2573 2760 2777 2416 3057 3720 3891 3849 3849 4166 4507 4507 4928 4773 3593 3031 2832 3164 4002 4035 3688 3707 3707 3985 4194 3931 4432 3971 4268 4804 4804 4390 4370 3949 3631 4923 4963 4963 4758 4414 4414 4186 4186 2564 2954 3144 2942 2801 3507 2979 4288 4890 4517 5752 5752 5640 6139 6139 6834 6834 5989 6093 6093 6484 6743 6743
3352 3543 3921 3921 3580 3231 2914 2713 2910 2976 2890 2853 2776 2739 2544 2544 2600 2544 2528 2597 2612 2398 2773 3100 3051 3226 3226 3461 4447 4447 4270 3796 3520 3018 3018 3072 3790 3790 3737 4100 3707 3985 4023 3918 3918 3951 3701 3701 3502 3766 3766 3950 3508 4763 4963 4963 4758 3666 3783 4145 4145 3629 3682 3144 3181 3331 4191 4785 4951 4890 5052 6147 6147 6170 6139 6139 6955 7111 6716 6955 7091 7091 7660 7881
3652 4090 4013 3683 3459 3161 3161 3058 3567 3272 3052 3050 2783 2771 2769 2931 2714 2714 2528 2598 2624 2597 2721 2958 3051 3159 3177 3368 3368 3662 3074 3222 3018 3101 3161 3234 3234 2873 3136 3401 3327 3221 3158 3806 3564 3564 3638 3638 3479 3800 4005 4005 3591 3582 4476 4551 4551 3648 3419 4038 4044 3725 3494 3653 3294 3536 4191 4785 4909 4627 5135 6147 6170 6170 6716 6974 6974 6600 6959 6959 6388 7035 7990 8081
3700 3639 3670 3656 3459 3345 3228 3274 3591 3223 3230 3050 2949 2866 2716 2637 2543 2583 2583 2682 2675 3684 4066 3425 2888 2888 3514 3485 2879 3007 2821 3101 2991 2854 3157 3473 3345 3043 3102 3102 3257 4012 3888 3164 3379 2654 3345 3425 3024 3289 3289 3403 3395 3394 3171 4016 4016 3578 3686 3612 3697 3650 3494 3489 3714 3875 3958 4008 4666 4550 4642 5885 4376 4893 4659 7287 7129 6845 6941 6941 7794 8330 8330 8197
3358 3327 3546 3275 3491 3635 3283 3447 3169 3169 3230 3308 3165 2992 2753 2464 2450 2616 2763 2757 2757 3759 3869 2183 2888 2888 3514 3514 2870 3285 3344 3195 3115 2755 2794 2850 3469 3491 3405 3288 3341 4171 3979 2961 2467 2372 3695 3425 3052 3343 3436 3377 3377 3261 3064 4036 4016 3204 3308 3252 3350 3358 3447 3643 3882 4062 4275 4359 4478 4560 5157 4571 5181 5297 4297 7287 7417 7134 7171 7171 7935 8330 8330 8197
3356 3283 3057 3275 3315 3525 3573 3375 3116 3113 3076 3220 3239 3275 2878 2669 2450 2735 2843 2843 3270 4847 5343 2183 2060 2060 3210 3134 2849 3323 3310 3355 3355 2849 2612 2850 3117 3069 3201 3173 3384 3325 3402 3269 2945 3663 4135 3624 3705 4042 3172 3119 2875 2863 3954 3006 2958 3234 3255 3093 3192 3458 3684 3778 3982 4278 4246 4246 4521 4614 2678 4845 4845 7347 7347 7043 7163 7654 7806 7935 7935 8426 8426 7746
3540 3115 3057 2826 2859 2911 2678 3044 3333 3113 2913 3058 2857 2857 2776 2669 2852 3617 3376 3376 3270 2817 2385 2863 3011 3308 3698 3190 2849 3769 3977 3603 3408 3122 2984 2949 2896 3003 3267 3111 3266 3325 3066 3066 3048 3899 3994 4019 4019 3849 2707 2852 2820 2954 4078 3188 2835 2725 3002 3440 3375 3325 3368 3598 3960 4218 5979 6025 4377 4132 6142 7851 5635 7303 6548 6548 6673 7404 7806 8212 8212 8243 8243 7541
3511 3774 2959 2959 3078 2895 2572 2649 3333 3015 2906 2742 2527 2625 2844 2664 2932 3808 3611 2733 2733 3094 5990 2748 2748 3308 3698 3698 3677 3749 3925 3647 4033 3527 3495 3034 3151 3249 3480 3142 3266 3238 3066 2988 3113 4303 3969 3139 3059 2724 2596 3034 3186 3235 3394 3306 3244 3217 3365 3365 3936 3631 3938 4083 4201 4284 5945 6069 3731 4880 6018 7877 7184 7443 6860 6548 6673 7404 8059 8409 8409 8277 7704 7541
3226 3774 3619 3264 2981 2981 2933 2954 3155 3077 2829 2723 2817 2587 2721 2757 2815 3011 3011 1498 1498 3316 3363 3615 2748 2938 3407 3407 3443 3443 3239 3311 3893 3859 3495 3382 3383 3383 3308 3142 3189 3343 3511 3349 3413 4818 3969 2889 3017 3017 3109 3281 3278 3102 3259 3296 3325 3158 3405 3812 3812 3903 3941 4312 4263 4284 4402 4615 4915 6278 6786 7877 7184 7443 6860 7312 7312 7341 7944 8119 8188 8277 7704 7704
3226 3427 3093 3117 3217 3075 3238 3339 3076 3303 3703 3515 3186 2587 2667 2789 3050 3044 2885 963 1498 2916 3116 3615 3477 3364 3525 3658 3252 3317 3208 3208 3385 3808 3450 3145 3500 3388 3351 3351 3447 3492 3335 4098 3797 4186 4186 3071 3122 3224 3291 3291 3278 3305 3160 2609 2969 3281 3405 3761 4031 4047 4197 4145 4119 4474 4339 4145 4515 5486 6424 7972 7865 7269 6619 7209 7310 6082 8051 7979 7673 7552 7971 7971
3516 3124 2921 2794 2555 2555 2843 3391 3596 3903 3903 3674 3467 2932 2993 2983 3290 3360 3197 2920 3226 3226 3426 3249 3470 3539 3383 3434 3729 3699 3544 3833 3385 3547 3523 2667 2778 3108 3124 3193 3158 2898 2898 3048 3036 2889 3145 3024 2910 2884 3034 3222 3181 3181 3351 2575 2712 3274 3048 3639 4031 4228 4286 4212 4119 4250 4289 4484 4755 5193 6196 7707 7313 6931 7027 6906 6968 7931 8214 8214 7779 7425 7918 7971
3607 3062 2829 2909 2684 2687 2652 2696 3482 4021 3711 3375 3467 3268 3359 3522 3666 3393 3144 2950 2857 3030 3150 3150 3283 3539 3669 3488 3657 3657 4103 4377 3972 3972 3560 2982 2982 2991 3026 3062 2969 2798 2826 3091 3036 3099 2956 3118 3077 2953 3078 3188 3165 3306 2977 2720 2992 3274 3070 3017 3182 3487 4055 4212 4245 4245 4524 4608 4866 5259 5307 6231 5063 7569 7267 6807 6363 7457 7457 8366 6317 8985 7918 7477
3735 3344 3019 3019 2725 2687 2663 3037 3583 2937 2891 3375 3191 3287 3287 3205 3202 3010 3144 3011 2839 2958 3044 3152 3357 3285 3052 2955 3053 3422 3468 3447 3263 3665 3412 2812 2654 2692 2967 3421 3116 3109 3131 3091 3152 3152 3088 2944 3244 3231 3078 3079 3107 3020 3246 3174 2992 3341 3294 3188 3317 3259 3460 4342 4666 4535 4886 5225 5347 5314 5247 6725 4805 7139 6740 7054 6807 6908 8062 8366 8366 7791 6670 6637
3971 3909 3532 1532 2725 2756 3206 3421 3388 2874 3041 2812 2956 3365 3437 3239 3239 3010 2993 2911 2954 3098 3028 3151 3168 3073 3294 3302 3302 3209 3468 3058 2700 3074 3206 2873 2893 2962 3416 3716 3613 3640 3559 3288 3220 3064 2895 3573 3454 3231 3166 3114 2942 2977 3069 3327 3229 3620 3620 3359 3210 3807 4135 4136 3936 4412 5217 5840 6036 5591 5591 5773 5061 6220 2068 1744 893 4473 8062 8448 8448 5393 7130 7030
4101 3516 3760 2326 1608 2693 2693 3291 3181 2828 3041 2768 3202 3694 3299 2844 2689 2705 2827 3029 2894 3197 3198 3099 3101 3111 3243 3358 3598 3424 3238 2884 2879 2890 3030 3059 2893 3016 3115 3359 3415 3576 3559 3529 3538 3209 3135 3344 2820 3017 2951 3056 2988 3080 3199 3212 3320 3472 3409 3464 3799 3685 4146 3915 3898 3679 5507 5805 6036 6369 6609 6256 6044 6220 5801 2809 1648 7283 4282 7146 7342 7373 5393 3590
3521 3468 3760 2326 1704 2473 2924 2875 2670 2670 3085 3019 3047 3502 3192 2800 2681 2992 3044 3129 3134 3134 3111 3023 2988 3327 3208 3353 3825 3424 2851 2826 2826 2845 2874 3059 2845 2930 3126 3400 3186 3576 3546 3299 3053 3142 3050 3031 2992 3065 3065 3198 3049 3049 3116 3219 3358 3587 3681 3552 3349 3685 3564 5615 4012 4142 4403 5805 5191 4978 6449 6315 7316 6516 5326 5166 2074 8160 8160 7257 7342 7373 4014 4014
3902 3468 3300 3070 2433 2746 2431 2431 2670 2811 2978 2922 2894 2994 3183 2800 2670 2814 3135 3042 3015 2980 3111 3082 2980 3105 3098 3196 3825 3642 3132 3034 3311 3532 3007 3234 3218 3188 3307 3579 3381 3177 3072 3071 3126 3178 3154 3158 3054 3044 2888 2960 3150 2895 3116 3228 3223 3601 3712 3405 3349 3335 3621 5726 4375 4375 4811 5266 5912 5674 5725 6551 7665 7341 6236 4379 2455 8160 8160 7477 7219 7351 7351 7042
3709 3564 3591 2913 2456 2710 2641 2789 2762 2747 2672 2660 2894 2994 2758 2687 2705 2747 2876 2866 3015 2980 3178 3122 3122 3268 3127 3077 3223 3323 3262 3144 3266 2500 3017 3017 3325 3373 3394 3308 3381 2980 3093 2971 2953 2953 3060 3343 2998 3009 3012 3145 3020 2895 2972 3350 3350 3620 3378 2890 3284 3244 3486 5395 6457 6618 4811 5102 7346 7109 7109 6733 6482 5235 6777 8343 8343 8260 7637 7728 7603 7430 7171 6971
3701 3712 3758 3324 3428 3200 2951 2865 2936 2959 2778 2870 2807 2883 2745 2596 2756 2856 2876 2866 2989 3143 3168 3168 3252 3294 3127 3077 3271 3280 3298 3188 3280 2836 2969 3399 3288 3288 3046 3046 3270 3113 2967 3005 2687 2739 3226 3226 3066 2913 3129 3109 3020 2989 3260 3460 3500 3290 3290 2890 3061 3132 3358 5501 6457 6585 4938 5169 6357 7395 7395 7519 3052 8290 8572 8465 8465 8790 8774 7728 7616 7430 7189 7189
4119 3615 3543 3750 3555 3120 3070 3204 3262 3000 3105 2870 2894 2894 2746 2790 2944 2834 2860 2904 3175 3368 3500 3549 3630 3294 2963 3038 3376 3370 3225 3251 3280 2855 3155 3200 3321 3321 3046 3070 3070 3005 2892 2902 3016 2739 3079 3038 2974 2977 2962 3094 3314 3670 3622 3581 3728 3700 3057 3057 3284 3442 3580 5501 5776 6032 4810 5501 6029 5675 8104 8104 7676 8680 8680 8465 8465 8790 8514 7772 6636 7375 7271 7271
3590 3603 3687 3750 3458 3038 3147 3631 3592 3167 3035 2852 2648 2683 2955 2955 2984 3073 2891 3011 3014 2996 3029 2924 3630 3861 3452 3218 3214 3339 3890 3678 3551 3213 3025 3148 3321 3051 3204 3204 2851 2761 2625 2760 3142 2983 3221 3342 2998 2962 3068 3094 3409 3757 3822 3847 3790 3918 3596 3646 3781 3781 3772 5720 5854 6421 4752 5076 6035 6932 7913 8112 8112 8680 8680 8742 8432 8432 7795 6899 4639 7455 7402 7424
3458 3446 3804 3502 3789 3222 3222 3470 3274 2883 2916 2974 2704 2640 2820 3144 3277 3073 3121 2925 2904 2990 3058 2924 2955 2995 3529 3427 3276 3339 3595 3703 3757 3775 3093 3148 3374 3454 3220 3049 2962 2962 2625 2798 2972 3014 3171 3331 3447 3278 3059 3172 3383 3612 3736 3697 3462 3123 3786 3491 3563 3864 4294 4820 4421 6611 5099 5294 6160 7178 7938 8116 8112 8658 8638 8638 8584 8584 7992 7674 7740 8569 7697 7650
3289 3361 3342 3066 3085 3233 2954 3009 3009 3029 2916 3071 2878 2655 2758 3012 3277 3451 3201 3143 3143 2974 2884 2945 3212 3217 3058 3242 3276 3212 3209 3209 3223 3467 3416 2918 3040 3106 2849 2780 2914 3017 2718 2862 3192 3355 3155 2798 2745 3278 3059 3311 3490 3784 3784 3598 3232 2716 3134 3268 3480 5352 5838 5440 5788 5953 5883 6304 6578 7178 7178 8116 9449 8770 8481 8481 8531 8584 7992 7988 7988 8964 7406 7406
3228 3228 3342 2766 2954 3216 3280 2799 2725 3029 3124 2933 2674 2629 2842 2779 2804 3081 3400 3255 3012 2845 2845 3101 3302 3294 3375 3242 2936 3001 2937 2967 3142 3249 3249 3203 2949 2869 2733 2794 3080 3017 3004 3046 3234 2853 2566 2435 2745 2780 2888 2906 3783 4300 3745 3418 3178 3141 3357 3346 3836 5898 5898 5484 5827 5961 6177 6577 6577 6815 7029 7273 8350 4080 8289 8135 8531 8615 8643 8680 8680 7849 7231 7231
3158 3240 3335 3318 3125 3247 3048 2950 2712 2621 2875 2992 3097 3097 2842 2924 2842 2944 3235 3168 3142 2790 2950 3193 3193 3422 3508 3242 2917 2832 2880 2979 3194 3258 3306 3466 3217 3036 2933 2961 3094 3124 3185 3278 2638 2638 2434 2418 2325 2427 2873 2887 3328 3773 3804 3788 3788 3454 3175 3346 3836 5549 6405 5692 5856 5856 6177 6577 7027 7212 7244 7549 8576 8576 6698 8549 8572 8609 8609 8621 8744 7178 8209 8119
3488 3240 3406 3619 3286 3386 2997 2732 2913 3077 2841 2795 3102 2818 2856 3198 3221 3050 2863 2832 3142 2826 2976 3256 3343 3502 3502 3173 2858 2891 2779 2778 3025 3233 3297 3726 3726 3429 3286 3322 3094 3539 3420 2813 2569 2630 2619 2415 2415 2396 2502 2925 3113 3253 3577 3727 3457 3077 3175 3050 3442 4807 5754 5282 6012 5453 5869 5869 7321 7414 8251 8500 8229 8353 6698 8452 8452 8520 8077 8478 8478 7270 8209 8113
