includes/gis/MODIS_ASCII/mod13q1_ndvi_2005_001.txt
ncols         829
nrows         925
xllcorner     164106.58989296
yllcorner     9637524.0094144
cellsize      264.9945474373
NODATA_value  -9999
[rows 684 to 721 of 925, columns 588 to 671 of 829]
2343 1883 1883 1837 2602 2690 2045 1908 2306 2306 2573 2700 2871 3310 4218 4469 3256 2771 2822 2822 2315 2104 2104 2743 3782 4306 5035 5614 6949 5400 5400 6409 5689 5689 4781 2601 1885 1811 1695 1695 1991 1991 2337 2579 3238 3800 3614 3167 2436 2436 2894 2894 2151 1788 2190 2190 2134 2489 1574 1574 2265 3383 2047 2047 2041 1475 1407 1407 1655 1755 2058 2001 2191 2209 1928 1829 2002 1738 3201 4229 4965 4618 3602 2074
2726 2627 1919 1919 2223 2588 2163 2446 2546 2373 2062 2062 2271 2779 3178 2458 3300 2778 2289 2289 2129 2104 2196 2196 2849 3041 3967 3967 6401 5366 5400 6871 6300 6300 5307 3831 2321 2321 2321 2542 2435 2435 2068 2702 3354 3924 3924 2974 2179 2179 2661 3055 2279 2026 2326 2597 2597 2489 1840 1921 1921 2942 2794 2310 2310 4314 3047 2619 1887 1887 2226 2001 1966 2481 2481 1904 1929 3352 3201 5128 4393 5798 4435 1994
2726 3020 3158 2583 2583 2260 2536 3034 2430 2373 1840 2356 2356 2499 2013 2013 3300 2155 2097 2084 2084 2018 2113 2113 2466 3490 3297 3587 4092 4267 4928 5735 5883 5307 5307 3153 2245 2270 2433 2433 2368 2435 2068 2207 2834 3834 3834 3408 2193 2264 2813 2923 2567 2622 2390 2490 2307 2307 1892 2921 4281 4875 4875 4032 5680 4109 4382 3326 2149 1887 2226 2064 1888 2163 2099 2403 2160 3352 5543 2694 2679 5255 4187 2582
2673 2554 3126 2844 2844 2317 2536 2363 2363 2376 2245 2048 2048 2499 2847 2244 2244 2034 2264 2161 2084 2347 2155 1973 2030 2030 1973 2109 2458 3281 3281 5735 5883 4332 4332 2913 2408 2315 2449 2433 2368 2082 2082 2247 2814 3367 2743 3408 2193 2290 2290 2992 1769 1769 1924 2490 2410 2230 2742 4202 4281 5049 5049 4594 4027 5122 4818 4827 3844 4696 4696 6693 2498 4093 4979 5084 2160 3612 4761 2279 4518 4518 3106 2582
2932 2895 3077 3344 2861 2317 2071 3256 3256 2422 2036 2323 2145 2145 3203 2857 3070 2417 2328 2209 2125 2346 2361 2158 2030 2030 1912 2015 2206 4956 5268 5274 5068 5433 5433 3291 3232 2315 2449 2449 2501 2454 2454 2227 2568 3367 2743 2743 2488 2336 2336 2639 1465 1601 1601 2172 2395 2424 3311 4202 4473 4994 4887 4158 4120 4120 6745 6745 7376 7919 5635 7151 7602 7919 7653 7927 5261 5542 4253 2082 3999 3242 3106 2247
2831 2831 2629 3344 2861 2861 2399 1713 2153 2153 2036 2323 3194 3194 3182 2785 2700 2144 2144 2100 2166 2150 2425 2158 2160 2086 2086 2160 2359 2755 4151 4151 4384 5919 4346 3645 3336 2556 2403 2296 2296 2200 2099 2099 2568 2979 2819 2000 2000 2099 2664 2340 1984 2051 2063 2063 2632 2299 2299 4720 6064 5663 5509 5704 4663 4663 7055 7310 7667 8012 8012 8034 8237 8212 7955 7927 7088 6657 3673 2258 2368 4796 3814 2398
2518 2264 2629 3518 3313 2465 2465 1606 1963 2227 2100 1925 3159 2845 2938 2702 2853 2117 2117 2126 2082 2150 2425 2311 2316 2269 2401 2401 2623 2790 3985 5610 5610 5919 4546 4774 3505 2570 2292 1980 1980 2033 2408 2408 1823 1823 1665 1730 2000 2099 2229 2229 2065 2402 2036 2036 2246 2857 2482 5554 6559 6835 5970 4594 5779 6959 7055 7855 7855 7334 7334 4521 3931 6360 7426 7556 5435 1927 1927 1746 1701 2465 2452 2313
2909 2157 2335 2872 3511 2816 1997 1871 1961 2002 2026 2026 3002 2899 3226 3067 3044 2082 2016 2016 2029 2192 2203 2241 2453 2402 2484 2484 2989 2790 3846 5365 5765 5765 4319 4582 3477 2484 2164 2164 2223 2387 2100 2123 2123 1794 1665 1730 1730 2094 2180 2180 2299 2068 1963 2691 2246 2857 4307 6826 6826 6471 6458 4594 5268 6959 6519 5413 5413 3865 1912 1912 2160 3112 4424 4873 5219 2448 1619 1689 1701 2731 2342 1906
3072 2828 2144 2239 2607 2918 2918 2917 2769 2762 2924 2924 3333 3299 3488 3296 3044 2150 2050 2024 2029 2192 2158 2203 2312 2365 2521 2989 2989 2763 3224 5365 4365 4394 4330 3310 3310 2613 2653 2585 2585 2387 2035 1982 1982 1794 1794 1913 2209 2209 2010 2181 1982 2020 1956 2691 4732 4732 6040 6505 7057 7057 6458 6338 7556 7993 5550 2013 1425 1321 1904 1904 2322 2027 2025 1718 2655 2571 1641 1689 2085 2356 2556 2143
2661 3001 2569 2045 1985 2587 2608 2608 2685 2779 3145 3145 3813 3794 4123 4254 3293 2438 2094 2063 2116 2094 2235 2452 2452 2646 2521 2953 2953 2465 3417 4293 4293 4394 5207 3626 2440 2440 2609 2645 2585 2365 2044 1982 1982 2009 2009 2080 2000 2000 1812 2158 2243 2243 1956 3343 6283 6283 6506 6368 6829 6824 6824 7119 7047 7538 4864 2013 1104 1122 1467 1904 2057 2485 1664 1725 1439 1580 1742 1728 1766 2778 2778 2513
2493 3001 3244 2296 2424 3119 3241 2648 2685 2970 2754 2895 2895 3284 3907 4254 3665 3665 3575 3446 3402 3532 3171 3625 2923 2752 2767 2590 2424 2730 3342 3809 4900 4900 5146 3473 2170 2170 2181 2645 2592 2592 2044 2089 2106 1938 1938 1953 1692 2000 1812 2226 1920 2243 2305 4067 6546 6953 7623 6875 7461 7384 7170 7170 6073 5394 4864 1666 936 1016 1195 1195 1150 1104 1285 1528 1446 1718 1920 1594 1786 3036 2850 2598
2689 2771 2883 2698 2805 3189 3289 2648 2146 2635 2559 2429 2801 3260 3907 4244 4102 4102 3991 3347 3076 3347 3687 3651 2627 2744 2735 2699 2382 2587 4047 4548 4519 4176 4175 3836 2811 2370 2181 2188 2262 2001 2289 1972 1850 1874 2140 1953 1692 1970 1970 2102 2017 3255 5236 5236 6739 7518 7623 7623 7547 7244 5198 5198 4617 3744 2607 1655 1057 1245 1306 1306 1459 1104 1579 1579 1857 2117 2120 2081 2122 2077 2489 2512
2466 2495 2984 2923 2870 3199 3289 3325 2943 2399 2028 2171 2801 3260 3731 3929 3477 3675 3725 3824 3855 3600 3711 3854 2751 3026 2764 2534 2449 2449 3001 3428 4283 4421 4421 4126 3397 2462 2215 2237 1979 2066 2066 2206 2041 1713 1800 2171 2178 2041 1998 1998 1834 3540 6095 6095 7094 7518 7727 7595 7511 6305 4440 6013 4617 5965 4613 1904 1692 1701 2103 1935 1459 1755 2143 2283 2137 2235 2105 2184 2509 2695 2122 2174
2329 2432 2780 2843 2870 3152 3187 2777 2777 2392 2365 1820 3036 3053 3416 3416 3103 3675 4025 4200 3998 3772 3857 3578 2751 3026 2928 2794 2764 2764 2836 3793 3640 3734 4172 3588 2570 2570 2044 2167 2096 2024 2156 2227 2368 2467 2383 2180 2061 2041 2171 2059 2059 2955 5327 6788 7094 7291 7309 7309 7248 6553 5928 6013 5953 5953 4514 3423 2380 1923 2117 1935 2251 2251 2144 2283 2099 2118 2301 2539 2705 2705 2102 2408
2624 2240 3006 2843 3230 3275 3397 2895 3006 3006 3743 3166 3081 2860 3093 3093 3346 3883 3883 4245 4130 3843 3509 3578 3056 3056 2908 3133 2872 2367 2367 3359 3523 3640 3268 2618 3086 2912 2145 1912 2065 2015 2113 2267 2368 2467 2239 2156 1977 1896 1825 1769 2017 3584 3584 5866 6834 7146 7091 7264 6303 6064 5928 5561 4918 4918 4154 2636 2265 2265 2117 2247 2367 2275 2202 2263 2255 2333 2362 2554 2594 2389 2279 2127
2664 2880 2680 2622 3006 3006 3117 2890 3338 3198 3216 3426 3175 2724 2724 3378 3718 3665 4196 4196 4077 3387 3387 3096 3042 2810 2810 2928 2836 2698 2367 2330 3771 3230 3014 3834 4133 3044 2251 1934 1895 1904 2172 2063 2288 2370 2490 2073 2083 2083 1598 1708 2107 2860 5279 6505 7064 7136 7136 6852 5924 5092 5410 4964 3530 3069 3069 2162 2200 2155 2155 2126 2182 2115 2196 2231 2269 2279 2319 2617 2724 2389 2235 2146
3096 2999 3341 2407 2619 2619 2840 3652 3338 3579 3683 3545 3459 3663 3926 3378 3473 3673 4103 4061 4061 3187 3362 3362 3303 2897 2897 3024 2894 2698 3149 3350 3505 3527 3900 3834 4133 3378 2507 1814 2062 2134 2172 2318 2700 2678 2265 2192 2161 2315 1881 1815 3322 5287 4332 4934 7064 6912 6060 6060 5653 3898 2520 2382 2335 2335 2275 2444 2363 2275 2275 2180 2254 2194 2196 2196 2292 2448 2526 2553 2724 2479 2385 2329
2935 3002 3002 2698 2435 2427 2840 3652 3637 3571 4052 4107 4334 4076 3926 3860 3860 3728 3782 4051 4051 3892 3824 3809 3622 3448 3257 3230 2621 2539 2394 2394 2572 3527 3506 3900 3363 3292 3340 2832 2278 2134 1911 2763 3027 3111 2548 2149 2342 2396 2599 3258 3258 4792 3148 4934 5742 6040 4307 3753 2920 2676 2285 2323 2277 2369 2532 2618 2618 2315 2134 2247 2195 2194 2306 2373 2339 2443 2556 2469 2630 2500 2244 2617
2923 2560 2737 2969 2569 2427 2849 2849 3613 3607 4180 4315 4334 4076 3716 3492 3822 3822 3937 4051 4149 4002 4002 4617 4658 3465 3465 3263 2697 2670 2419 2419 2463 2014 1993 3658 3658 3803 3976 3628 2278 2114 1911 1902 2669 2931 2823 2149 2523 2647 3243 4791 4791 5074 4407 6126 7265 7596 6447 4270 2759 2553 2239 2084 2197 2319 2493 2560 2795 2862 2763 2788 2563 2362 2438 2363 2277 2617 2617 2469 2468 2439 2413 3072
2295 2536 2666 2850 2569 2562 3115 3637 3637 3667 4204 4413 4413 4526 4402 4276 4653 3015 3614 3915 4131 4134 4021 4021 4111 3696 3403 3403 2831 2619 2351 2152 2078 1938 1820 1929 2923 4162 5166 4061 2739 2220 2193 2428 2550 2550 2772 2336 3425 5240 5240 4368 3077 5074 3933 4905 7226 7416 5568 4425 2563 2163 2257 2232 2292 2381 2702 2730 3046 3152 3152 3164 3330 2855 2685 2833 3127 3127 2493 2495 2495 3256 3359 3925
3088 2685 2612 2815 2644 2747 2868 3535 3535 3735 4188 4587 4317 4782 4782 4411 3785 3015 3456 3541 3964 3851 3536 3612 4111 4194 3369 3277 3277 2758 2145 2152 1924 1891 1872 1754 1929 3359 4588 4061 2887 2887 2793 2766 2445 2848 2848 2681 3431 3590 3590 3775 3764 2789 2161 2115 4870 6092 4497 2808 3009 2324 2363 2371 2371 2669 2703 2874 2852 3555 3865 3865 3330 3070 3032 3210 3127 3682 3682 3412 3412 3787 3861 4292
2923 2548 2612 2815 2853 2999 3346 3605 3899 3652 3652 4037 4452 4681 4304 4304 3785 3773 4532 3972 3838 3756 3727 3612 3612 3994 3626 3849 2960 2960 2145 2182 2110 1972 2136 1986 2187 2187 4588 3909 2792 4240 4240 3382 3624 3141 2845 2845 2508 3590 3256 3775 2789 2198 2038 2136 2219 3797 4497 2808 2808 2229 2991 2785 3256 2669 3008 2913 3172 3297 3529 3865 3263 3248 3191 3515 3515 3477 3477 3599 3602 3787 3861 3689
2371 2548 2509 2812 3220 3220 3102 3642 3899 3653 4259 4383 4209 4616 4126 4304 3705 3507 4355 3717 3717 3898 3727 3472 3717 3717 4155 4160 3366 2960 2362 2206 2276 2485 2485 2212 2537 2540 2855 2855 2545 3212 3375 3375 3341 3589 2650 2314 2508 2641 2371 2195 2195 2266 2026 1941 1941 3797 3965 2201 2190 2190 3201 2837 2837 3094 3223 3502 3186 3186 3645 3350 3114 3327 3174 3196 3056 3231 3231 3599 3602 3930 3930 3689
2575 2794 2686 2686 3294 3688 3688 3642 3590 3936 4230 4250 4230 4520 4126 3702 3702 3849 4375 3955 3516 3898 4053 3619 3879 3919 4174 4048 3366 2383 2383 3319 3268 3050 2917 2816 2816 3291 3158 2644 2644 3212 3400 3400 3129 2749 2316 1938 2098 1880 1828 1917 2178 2178 2010 2471 2368 2368 3380 2279 2304 3196 3196 3829 3586 3586 3055 3169 2931 3192 3338 3351 3440 3307 3552 3196 3028 3231 3459 3459 3677 3970 3930 3513
3001 3023 3068 3068 3161 3688 3388 3388 3598 3957 4291 4271 4230 4520 4375 3981 3643 3643 3903 3955 3516 3516 3871 3602 3714 4034 4290 4207 3734 3773 4160 3654 3654 3050 3039 2853 2853 3547 2908 2309 2644 3311 3063 2791 2791 2556 2331 1938 1676 1741 1773 1806 2177 1950 1950 2365 2352 3268 3268 2556 3508 4140 4278 3849 3484 3164 3055 3194 2757 2849 3370 3475 3845 3288 3548 3551 3236 2928 3257 3257 3371 3970 3282 3282
3122 3090 2862 3030 3161 3263 3102 3411 3411 4145 4808 4402 3985 4337 4289 4257 3850 3896 3896 3623 3613 3163 3163 4216 4069 3624 3542 4437 4437 4541 4791 3935 3434 3434 3300 3664 3356 3356 3102 2309 2293 2797 3247 3075 2546 2546 2331 2104 1732 1720 1717 1716 2079 2199 1950 2354 3260 3859 3078 3078 3508 4140 4032 3402 3475 3164 3401 3401 2945 2764 3226 3284 3684 3688 3548 3209 3087 2980 3009 3009 3083 3444 3309 2747
3414 2928 2634 3030 3015 3532 3194 3748 3998 3998 4117 4402 4229 4229 4351 4294 4188 4248 4159 4159 4121 4467 4171 3807 4069 3994 3881 4606 4023 4023 4791 3941 3796 3593 3686 3342 3356 3356 3162 2342 2195 2551 2808 3189 2546 2546 2014 1953 2012 2092 2053 2053 2055 2138 2627 3091 3573 4380 4515 3534 3534 3732 3443 3670 3475 3424 3147 3147 2898 2627 2968 3226 3762 3688 3557 3454 3274 3503 3849 3025 3083 3682 3156 2889
3370 3103 2634 3158 3432 3310 3236 3893 4153 4153 4117 3709 3926 4365 4256 4256 4374 4367 3589 3580 3757 4197 4686 3575 3675 4098 4098 4018 4023 4023 4208 3114 3161 3633 3633 3342 3015 3034 3034 3235 3388 3243 3177 3189 3053 2512 2606 1835 1766 2266 2032 2053 2235 2147 2580 2775 3095 4778 4515 3749 3749 3548 4334 4333 3869 3515 3099 2903 2903 2542 2968 3150 3762 3840 3623 3623 3700 3436 3136 3100 3100 3394 3341 2493
3176 3103 3228 3027 3467 3242 3432 3566 4128 3885 4087 4087 3900 4321 4321 4184 4184 4530 3979 3749 3979 3862 4686 4093 4063 4097 4097 4018 3313 3777 3777 3495 2828 2641 2816 2712 2403 2861 2697 2697 2960 3048 3257 2826 2586 2120 2193 1792 1983 2281 2032 2255 2255 2368 2530 3741 3293 4778 5428 3869 3977 3977 3801 3690 4508 3543 3144 2981 2662 2542 2741 3181 3785 3786 3901 3537 3372 3321 3192 2973 2973 3600 3791 2493
3176 3424 3424 3726 3421 2986 2899 3791 4147 3562 3771 4038 4038 3860 4321 4179 4179 4507 4086 4262 4649 3862 4294 3824 3975 3883 3787 3791 3141 3530 3379 3379 3252 2700 2816 2883 2542 2566 2462 2506 2506 3048 2906 2906 2450 2185 1960 2056 2134 2134 2131 2307 2448 2448 2541 3895 3038 2712 4106 4225 3648 3662 3662 3670 3979 4182 3436 2801 2662 2719 2719 2932 3536 3992 3682 3458 2639 2661 2862 2732 3031 3433 3293 2706
3222 2630 2930 3497 3497 2986 2821 3318 3942 4069 3875 4072 4095 3860 3761 3797 3859 3859 4104 4362 4599 4801 4801 4114 3834 3949 3787 3765 3552 3444 3112 3112 3127 3449 3264 2800 2800 2625 2462 2398 2398 2857 2210 2146 2146 2115 1899 1899 2134 2134 1988 2288 2129 2059 2059 2825 2658 2336 3162 5057 3855 3765 3523 3670 3878 4103 3153 3153 3186 2853 2817 2927 3962 3962 4368 3864 2238 2007 2759 2732 2703 3054 2840 2706
2940 2716 2756 3751 3497 3376 3041 3662 3662 4330 4229 4204 4095 4369 4014 4138 4427 4007 4007 4362 4177 4420 4420 4049 3834 3949 3930 3781 3804 3501 3322 3417 3417 3512 3274 2837 2837 2625 2580 2404 2324 2834 2692 2323 2447 2083 1899 1899 2238 2241 2411 2416 2010 1902 1829 1990 2330 1979 2115 5057 4289 3400 3400 3596 4322 3775 3195 3153 3186 3025 3025 3208 3738 3904 4294 3780 2583 2007 2759 2646 2589 2270 2270 2807
3319 3445 3646 3751 4095 4095 4135 3788 4010 4010 4465 4204 4687 4732 4595 4269 4791 4882 4140 4140 4111 4513 4147 4049 3982 3982 3902 3954 3781 3501 3265 3620 3709 3709 3181 3019 2827 2827 2603 2353 2420 2602 2437 2834 2447 2083 2173 2173 2399 2353 2371 2483 2608 2434 2434 2348 2669 2023 2023 3148 4977 5447 5437 5437 5619 3775 3195 3195 3322 3212 3212 3070 3689 3710 3710 3642 2583 2583 2691 2365 2423 2179 2087 2910
4781 4781 3646 3583 3933 4233 4233 4094 4029 4241 4465 3890 4576 4544 4225 4078 4595 4882 4691 4416 4416 4533 4320 3592 3245 3245 3634 3808 3763 3711 3396 3721 3567 3113 3113 3214 2550 2635 2635 2317 2428 2638 2602 2834 2277 2277 2286 2138 1929 2082 3321 3321 2985 2440 2496 2496 2669 2672 3135 3135 4189 5744 6470 6470 5619 4025 3408 3182 3182 3285 3285 3088 3639 3557 3877 3642 3534 4224 3538 2896 3290 2891 2511 3318
4276 4781 3837 3270 3144 3979 3336 4099 3978 4241 3653 3653 4195 4186 4369 4941 4941 4583 4104 4066 4128 4128 4320 3640 3497 3454 3454 3808 3763 2983 2983 3201 3292 3208 3113 3214 2656 2675 2675 2539 2527 2638 2661 2816 2314 2314 2352 2174 2174 2031 3049 3219 3219 2793 2567 2439 2439 2358 3759 3829 3829 3661 5940 6047 7166 4704 4092 3843 3843 3174 3088 3088 3756 3557 3659 3877 3752 4204 4207 3225 2900 2838 2840 2641
4276 3689 3689 3780 3791 4147 4576 4099 4776 3822 3872 3903 3903 3789 4745 4858 4449 4449 4292 4365 4051 4188 4252 3674 3567 3196 3454 3679 3472 2831 2831 2959 2790 3208 2967 2967 2467 2541 2608 2608 2527 2507 2599 2828 2970 2694 2694 2663 2319 2319 3049 3224 3169 2926 2567 2215 2215 2453 3697 4287 3829 3661 5350 6257 7207 4730 4092 3911 3722 3174 2999 2999 3017 3151 2911 3364 3383 3171 3368 3368 2817 2766 2630 2374
4292 4211 4210 4210 4657 4598 5251 3988 4269 4269 3955 4461 4492 3789 3877 4698 4834 4573 4573 4474 4051 4188 4415 3450 3180 3196 3421 3421 3293 3278 2692 2692 2790 2585 2461 2267 2267 2313 2402 2616 2616 2470 2847 2886 2554 2614 2768 2749 2749 2776 2648 3310 3575 2926 3067 2649 2915 2915 3941 4287 3776 3776 5380 6291 6911 5396 4323 4520 4212 4276 4057 3929 4023 3586 3488 3366 3466 3872 4319 3763 2894 3016 2962 2623
4867 5151 5564 5539 5244 5244 5061 4485 4296 4296 4450 4298 4492 4157 4157 4659 4789 4940 4898 4474 4016 4206 4122 3381 3180 3060 3210 3118 3118 3520 3456 2451 2451 2563 3021 2781 2605 2419 2408 2350 2373 2373 2871 3280 2554 2614 2764 3189 3116 3116 2805 3260 3506 3149 3086 2684 3021 2904 2904 5147 4604 4694 4694 5873 6590 5396 2955 3684 3476 3680 3834 3929 3733 3670 3670 2924 3926 4692 4151 4749 3344 3344 3299 2621
