includes/gis/MODIS_ASCII/mod13q1_ndvi_2011_353.txt
ncols         829
nrows         925
xllcorner     164106.58989296
yllcorner     9637524.0094144
cellsize      264.9945474373
NODATA_value  -9999
[rows 190 to 227 of 925, columns 588 to 671 of 829]
6794 6286 6773 7297 6120 6287 6509 6509 6681 6599 6688 6665 6260 5934 6493 6333 6583 6575 6525 6370 6363 6518 6608 6295 6415 6225 6340 5761 5761 5473 5961 6116 5883 5892 6085 6256 5996 6637 6741 5611 5066 6043 6274 4778 6105 5405 5071 5930 6242 5895 6021 6188 6029 6171 6638 6638 6109 6619 6758 6704 6412 6409 6395 6553 6566 6355 6267 6153 6296 6372 6372 6962 6222 5072 5452 5452 5601 6409 7233 6598 6525 6009 6159 5321
7050 6885 6658 6728 6728 6621 6688 6861 6533 6270 6688 6748 6285 6316 6555 6649 6212 6141 6141 6017 6142 6348 6319 6295 5861 6056 5885 5898 5635 5653 5901 5505 5521 4879 4842 5674 6081 5814 5111 4624 6131 6131 6173 5943 5867 5418 5803 5889 5822 5895 5403 5519 5728 5914 6135 6320 6400 6853 7010 6698 6670 6175 5968 6424 6635 6618 6428 6279 6245 6086 6086 6813 6250 5767 5570 5464 5914 6217 7030 7030 6318 6009 5504 6031
7993 7018 6647 6728 7025 6893 7175 6843 6308 6270 6594 6198 5880 5965 6255 6319 6212 5488 5373 5998 5998 6221 6208 5986 5987 5758 5891 5750 5550 4853 5385 5078 5078 5344 5333 5484 6398 6123 5310 5625 6685 6279 6173 6054 6240 6224 6136 6224 5822 5210 4736 5723 5825 5985 6011 6177 6456 6604 6666 6724 6314 6670 6348 6348 6296 6370 6964 6574 6041 6070 6156 6110 5746 5885 5536 5986 5986 5994 6734 6521 5854 5513 6104 5986
7507 7689 6647 6165 6444 6988 6722 7060 7697 6752 6799 6799 6293 6091 6460 6571 6194 6225 6131 6013 6217 6011 5736 5403 5512 5660 5646 5582 5550 5471 5256 5853 5743 5865 5865 5484 5889 5905 5911 6503 6625 6279 5839 5627 5627 6671 6284 6308 6419 5400 5152 4586 5825 5825 6306 6687 6528 6084 6408 6973 6421 6005 6132 6186 6455 6403 6419 6574 5897 6106 6065 5873 5861 6968 5718 6015 6897 6583 6622 6216 6118 6352 6519 6519
7650 6607 7032 6618 6611 7098 6885 6444 6351 6345 6566 6480 6606 6167 6049 6571 5672 5939 6156 5819 5711 6011 5756 5942 5942 6145 5891 5932 5240 5331 5901 5855 5909 5368 6083 6083 5959 5360 6235 6137 6351 6634 6254 6528 6495 6488 6745 6308 6165 5898 5705 4586 5455 5455 5628 5628 5541 5895 5241 6914 6421 6526 6739 6287 6251 6349 6602 6178 5824 6507 6258 5831 6123 6968 6648 6087 6191 6310 6301 6216 6542 6634 6501 6654
6756 6377 6696 6914 6935 7070 7070 6445 6629 5916 6792 6509 6352 6618 6049 6187 5967 5474 5445 5825 6022 5725 5549 6122 5232 5954 5954 5932 6022 5437 5536 5962 5639 5368 5089 5486 5001 5001 6241 6468 6351 6509 6619 6544 6788 6847 6291 6291 5896 5957 6212 5645 4708 4794 5349 6346 6755 6913 6175 5982 6536 6831 7257 6815 6375 6634 6357 6260 6433 6653 6384 5951 6123 6658 6464 5980 5980 6077 5939 6327 6342 6422 6337 5974
6756 6365 5932 5996 6904 7202 6913 6445 6378 6773 6715 6043 6547 6862 6179 5841 5880 5880 5901 5906 6022 5713 5535 5789 5963 5703 6179 6179 5142 6011 6263 5869 5971 5449 5846 6107 5934 5421 5556 6468 6429 6898 6546 6338 6105 6197 6183 6303 6303 6385 6385 6355 6620 6044 6572 6835 6705 6624 5881 6407 6643 7018 7290 6909 6605 6442 6891 6763 6410 6421 6653 5951 6030 6253 6088 5947 6093 6046 5939 6166 6273 6509 6595 6032
6509 6324 7078 6215 6551 6659 6913 6441 6820 6873 6401 6076 6528 6862 6740 6966 6526 6270 6830 5906 5695 5711 6668 6656 6507 6253 5974 6042 6009 6120 6120 4832 5971 5961 5840 5383 5747 5816 6595 6270 6607 6396 6382 6612 6573 6044 5835 5868 6345 6281 6464 6584 6620 6609 7056 6992 6942 6614 5881 4962 6194 6194 6679 6852 6371 6033 6257 6511 5951 5951 6462 6506 6740 6932 6103 5930 6026 6046 6393 6393 6321 6258 6328 6448
6573 6709 6807 6520 6790 6484 6804 6579 6749 5993 5993 6778 6528 7192 7514 7150 6924 7268 7501 6979 6979 6492 7001 7405 6056 6253 5977 5306 5817 6210 5572 4832 5154 6544 6819 6348 6199 6215 6789 6422 6654 6662 6998 6998 6972 6854 6631 6688 6724 6487 6617 6584 6464 6289 6554 6404 6510 6614 6091 5477 5365 5463 5921 5921 6371 5982 5797 7279 6908 6269 6548 6548 7110 7350 5989 5724 5537 5935 6083 6602 6493 6493 6279 6448
6879 6781 6656 6656 6790 7058 6284 6285 6945 6572 6981 7241 7055 7597 7688 7509 7074 7270 7501 7167 6546 7184 7184 7381 6056 6041 6078 6591 6161 5503 6146 6907 6930 6584 6584 6231 6106 6272 6423 6374 6726 6513 6450 6872 6679 6679 6921 7199 7255 6957 6617 6440 6459 6340 6784 6921 7180 6299 5941 6363 5734 6557 6342 5392 5392 5993 6513 6131 5536 6269 6164 6949 6949 6890 6698 6159 5537 5957 6183 6224 6120 6185 6279 6683
6706 6615 6459 6523 6580 6436 6627 6417 6317 6359 6705 7241 7471 7471 7773 7422 6908 7270 6245 6223 6214 6816 7142 6836 6376 6073 6341 6898 6486 6654 6146 7100 6561 5928 5936 6044 6044 6272 6217 6961 6187 5698 6214 6872 7223 7196 7189 7181 7215 7000 6652 6995 6784 6582 7087 7103 7180 6647 6438 6438 6219 6587 6787 6398 6150 5918 5918 6061 5724 5589 6141 5271 5929 6817 6817 6131 6610 6364 6014 5587 5417 5198 6064 6124
6297 6159 6176 6523 6597 6739 6739 6678 6542 6450 5837 6356 7671 8048 8101 7912 6901 6709 6587 6684 7113 7095 7330 6836 5811 6234 6234 6374 7001 7447 7008 7092 6562 6008 6394 6859 6271 6271 6177 6072 5797 6211 6305 7017 6925 6625 7107 7107 7170 7000 6926 6602 6751 6582 6593 7103 6940 6940 6077 6077 6219 6623 6787 7018 7040 6845 6748 6622 6350 6166 6009 5967 5812 5741 6112 6308 6308 6201 6063 5995 5880 5198 6048 6630
5742 6373 5868 6110 6390 6816 6998 6428 6515 6489 6736 6650 7043 7426 7681 7847 6901 6717 6199 6389 6989 6744 7125 6977 6019 6547 6535 6465 6465 7447 7122 6994 6882 6528 6632 5870 6689 6256 5701 5858 6101 6417 6305 6521 6058 4724 6995 7093 6740 6740 6840 6756 6835 7149 6944 6573 6649 6630 6471 6409 7066 7163 7296 7265 7004 6450 6603 6657 6205 6528 6298 5620 6523 6296 6112 6556 6489 6335 6335 6212 5869 5708 5977 6337
5709 5709 6332 6089 6046 6614 6981 7016 6515 6375 6569 6459 6385 6493 6522 6467 7447 6632 6778 6778 6801 6252 7125 7120 7225 7253 6875 6408 6941 6768 6768 6749 5964 5805 6166 5870 6646 7018 6477 6718 6718 6417 6806 7055 6730 6222 6476 5817 7023 6895 6895 6380 6380 6448 6964 6757 6222 6718 6636 6414 5972 6620 6519 7084 7020 6554 6608 6657 5648 6017 6017 6101 5663 6296 5942 6419 6440 6267 5722 5485 5869 6245 6084 6374
5732 5656 5656 5456 5329 5843 6440 6551 6786 6478 5735 6146 6220 5825 5950 6467 6324 6432 6634 6832 6630 6252 5992 5846 7713 8075 7987 7783 6622 6066 6082 5710 5845 5211 6166 7000 7333 6743 6770 6562 6312 6853 6903 6694 6699 7042 7005 6648 6571 6416 6340 6535 7209 6071 6575 6440 6375 6670 6897 6581 5972 6342 6443 6443 6757 6628 6633 6803 5956 5824 6195 6348 6348 5657 5431 6391 6411 6294 6204 5485 5978 5978 5937 5913
5726 5588 5366 5347 5556 5393 5531 6551 6494 6056 6129 6283 6283 6243 5950 5447 5413 6008 5959 6522 6887 5823 5823 6054 6534 7594 7523 7783 7385 6879 6110 5255 4380 5211 5562 6704 6704 6882 7179 6462 6231 6462 6437 6349 6776 6776 6869 6981 6707 6432 6392 6426 7233 7237 6942 6882 6942 6888 6320 6581 6685 6837 6721 6882 6288 6288 6633 6445 6508 6408 6021 6256 6225 5692 5692 5870 5555 5905 6204 5740 5215 5641 5213 5221
5726 5662 5884 5906 5861 5861 5531 5260 5519 6056 6869 6447 6447 6433 6060 5650 5687 6011 6003 6285 6887 6313 6230 6321 6321 7730 7523 7261 7072 7603 6982 6885 4462 6602 6602 6713 6392 6767 6309 6342 6095 6140 6150 6661 6056 6524 7088 6930 6606 6338 5199 6156 7233 7272 7167 6908 6908 6575 6305 5996 6007 7231 6547 6173 6311 5938 5938 6210 6629 6520 5956 6302 6225 5571 6137 5808 5285 6067 6074 5834 5467 5528 5443 5506
5605 5972 5945 5763 5733 5894 5891 5975 5321 5148 6820 6534 6058 6433 6212 6212 6504 6398 6418 6285 6113 6087 6035 5683 5355 6559 5650 5650 6425 7216 6880 7201 7006 6282 6602 6713 6259 6259 6511 6635 6701 6745 6293 5897 6065 6524 7091 7018 6762 6348 5522 6384 7012 7343 7351 6923 6835 6313 6305 5836 5757 6479 6577 6678 6462 6451 6134 6026 6284 6514 6762 5735 7116 6591 5610 5382 4903 5823 5875 5375 5317 5954 5542 5436
4743 4983 5247 5885 6378 5894 5981 5389 5389 5439 5530 6534 5884 6237 6521 6506 6466 6430 6809 6428 6159 6066 5847 6076 6725 6659 6291 6911 7065 7065 6653 7084 7315 6282 6282 6256 6304 6304 5990 6866 6649 6564 6566 6737 6970 6374 6516 6336 6315 6315 6364 6384 6783 6881 7442 7077 6775 6313 6459 6459 6146 6796 6718 6529 6462 6537 6780 6590 6075 5555 6081 6139 5759 5844 6566 6396 4913 5303 5303 6417 6566 6204 5772 5570
5063 5149 5720 5900 5901 6374 6327 6027 5888 6171 6219 6203 6143 6483 6544 6803 6332 6324 5664 5664 5696 6611 6339 5941 5747 6932 6627 6590 6454 7022 7022 7084 6744 6133 6464 6464 6028 6488 6279 6587 6712 6650 7078 6823 6970 6779 6844 6992 6654 6180 6364 6213 6624 6944 7389 7284 6767 6549 6803 6185 6213 6523 6393 6633 6109 6608 6163 6179 6267 5555 5855 5987 5987 5909 6086 6297 4913 5561 6050 6193 6193 5815 5772 5231
5543 5564 5299 5281 5590 5976 6191 5823 5344 5645 6219 6324 6324 6200 6100 6272 6396 6060 5815 6175 6720 6720 6742 6460 5747 6946 6895 7184 6880 6459 6755 5970 6327 6320 6627 6627 6157 6321 6361 6345 6479 6836 6836 6823 6906 6924 6930 6868 6706 6982 6927 7059 7059 6429 6187 6836 6533 6537 6252 6526 6504 6559 6190 6190 6185 6694 6411 6243 6487 5156 5156 5088 5955 6234 6234 6037 6356 6108 6000 5368 5177 5110 5785 5271
6004 5455 5502 5614 5897 6168 5705 5630 6057 5469 6230 5960 6013 5669 5669 5548 6562 6060 5604 6292 6164 5676 5808 6460 6609 6177 6950 7126 7107 6972 7135 7349 6348 6142 6693 6649 6632 6410 6758 6918 6690 6839 6604 6722 7162 6886 7125 6815 6983 7234 7038 7006 6848 6897 7139 6295 6545 6738 6759 6429 6579 6412 6522 6481 7026 7026 6839 6405 6487 5225 5225 5385 4712 5851 6241 6502 6040 6092 5791 5494 6082 5110 4849 5880
5147 5455 5502 5614 6070 6070 5210 5293 6206 5469 5503 5149 4734 5705 6048 6195 6165 6007 5066 5701 5916 6323 6508 6367 6367 4535 6402 7321 7382 6972 7171 7197 6288 6450 6176 6649 6431 6418 6788 6908 7107 6957 6645 6836 7008 7122 7151 6877 6970 7046 6545 6778 6989 6589 7139 6430 6430 6370 6498 6441 6541 6412 6232 6279 6592 6339 6096 6115 6115 5995 5225 5385 5520 5418 6241 5607 6282 6077 5781 5318 5075 5986 6338 6080
5147 5260 5655 5250 5770 5770 5418 6566 6206 6287 6159 6122 5909 6147 6058 6195 5159 5159 6095 6274 6790 6518 6508 6527 6881 7300 7284 7325 7382 7403 6737 6734 6432 6701 6443 6573 6670 6674 6674 7154 7107 7202 7084 6868 6846 6917 7031 7013 7013 6990 7173 7364 6915 6286 5973 6310 6644 6577 6577 6232 6406 6102 6292 6685 6677 6587 6588 6709 6249 5995 5756 5756 5977 5557 5845 6172 5448 6047 5553 5426 6095 5602 6808 5975
6345 5880 5304 5513 6190 5770 5418 6566 6349 5719 4986 6338 6282 6147 6058 5581 5902 5915 6102 6564 6116 6518 6932 6537 6700 7260 7276 6953 6909 6909 6626 6718 6397 6701 6912 6638 6761 6997 7356 7619 7149 7328 7172 7069 7073 7147 7044 7319 6860 6860 7002 7088 6778 6545 5958 6216 6112 6314 6170 6548 6454 6454 6517 6517 6021 6139 6139 6709 6249 5812 5902 5902 5605 5557 5440 5917 5727 5231 4465 6139 6139 6083 5737 5817
6781 6406 5828 6239 5384 5770 6281 6397 6397 5843 5364 6338 6282 5856 6273 6353 6761 6534 6391 6401 6401 6361 6970 6713 6966 6847 7276 7307 6928 6222 6892 6892 6668 6517 6656 6641 6949 7227 7206 7495 7454 7454 7572 7335 7601 7216 7021 7210 7253 7179 7140 7140 7115 6545 6664 6431 6664 6271 6523 6548 6292 6292 6625 6625 6469 6139 6139 6293 5981 5993 6305 6414 5772 5628 5484 6013 6349 6140 5963 5542 6283 6283 6227 6445
6450 6247 6245 6971 5384 5094 6201 5918 5764 5508 6141 6495 6214 5925 5834 5607 5774 5871 6236 5817 6421 6368 6685 6487 6965 6873 6995 7287 7253 7094 6798 6030 5864 6639 6672 6351 6999 7248 7604 7495 7840 7220 7085 7085 7700 7868 7021 7038 6994 7000 7192 7398 6864 6864 6790 6455 7029 6662 6509 6204 5986 6515 5935 6012 6012 6342 6460 6460 6388 5934 6098 6414 5722 5581 5581 6239 6519 6140 5963 5670 5815 6174 6519 6519
5901 5297 6093 6093 6274 6145 5885 5859 5911 5204 6141 6545 5912 5912 5708 6015 6115 5871 5784 5567 5574 5880 5880 6248 6965 6873 7122 6923 6759 6913 6473 6030 5864 6299 6910 6875 7298 7567 7758 7641 7704 7354 7186 7629 7517 7868 7512 7300 7232 6644 6898 7392 7279 7263 7263 7359 7449 6644 6582 6844 6738 6895 6561 6051 6405 6405 6609 6321 6388 6100 6098 5871 5972 6188 6441 6093 6093 5831 5592 6077 5921 6035 6263 6189
5920 5546 5938 6472 6269 5975 5628 5740 6071 6111 5744 6466 6430 6370 6454 6454 6115 6317 6126 5726 5209 5851 6037 6248 6686 6777 7018 6711 6538 6707 6473 6809 6418 6723 7209 7215 7398 7567 7758 7888 7910 7374 7333 7397 7517 7143 7143 7359 7142 7391 6927 7077 7166 7534 7559 7624 8030 7129 6499 6966 6996 6449 6257 6051 5974 6407 6301 6228 6228 6402 6256 6098 6545 6576 6145 5945 5999 6177 5570 5109 5690 5778 6197 6243
5948 5956 6017 6059 5683 5485 5506 5455 5961 6111 5169 5574 6037 5894 6133 6884 6539 6553 6603 6981 6494 6621 5917 6241 6476 6476 6681 6613 6769 6707 6343 6730 6494 6496 7555 7307 7398 7545 7859 7895 7800 7464 7450 6969 6929 7309 7387 7466 7375 7391 7448 6856 7020 7982 7942 7920 8030 6960 6960 6464 6762 6441 6097 5855 6464 6826 6698 5935 6047 6047 6728 6528 6672 6405 6030 5713 5999 5555 5555 5168 5708 5905 5626 6243
5819 6250 6017 5803 5595 5317 5681 6259 5961 6198 4985 5258 5692 6148 6416 6884 7214 7109 7109 6972 7350 6621 6496 6538 6821 6604 6984 7062 6769 6760 6805 7123 6429 6497 7349 7510 7748 7610 7625 8073 8073 8047 7618 7231 7084 7320 7297 7237 7375 7295 6888 6938 6696 7372 7691 7274 8188 6842 5925 6162 6162 7039 6589 6155 6390 6635 6431 5772 5997 6269 6250 5756 5822 5940 5773 5713 5903 5814 5168 5654 5654 5745 5832 6126
6340 6250 6156 5949 6223 5229 5429 6281 6092 6092 5817 6240 4904 5143 6416 6923 7101 6519 6427 6678 6754 7358 6943 6861 6683 6652 6256 6553 6984 6984 6675 6560 6677 6869 7243 7554 7549 7432 7610 8060 8214 7931 7702 7678 7496 7409 7327 7237 6900 7004 7004 6798 6923 7294 7691 6468 7725 7117 6299 6192 6192 6589 6589 6338 6684 6529 6408 5981 5997 6628 5709 5709 5849 6153 6425 5419 5969 6143 5723 6117 6168 6164 6121 5888
6391 6042 5775 6050 6014 4765 4152 6281 6057 6448 6810 6810 6188 5143 6462 6893 6561 6274 5934 6518 6283 6474 6474 6584 5604 5911 5401 5839 6088 6431 5906 6170 6170 6567 7363 7497 7436 7442 7517 7747 8214 7912 7912 7944 7808 7227 6928 7279 7136 6854 6932 6148 6148 7294 7150 6789 7177 6722 5863 6014 6414 6068 6068 6024 6342 6618 6449 5981 5907 6756 5967 6167 6366 6423 6423 5683 5965 5537 5381 5629 6168 6193 6472 6143
6431 6431 6190 6218 6311 5930 4152 5219 5313 6244 6865 6563 6953 6953 6637 6562 6739 6179 5135 5410 5674 5602 6199 6160 6160 5869 4526 5997 6687 6762 6794 6768 6204 6567 7439 7358 7179 7376 7348 7639 8188 7022 7574 7429 7429 7277 6928 6980 7097 6805 7005 6108 5074 5338 4521 4383 7404 6914 6092 6014 6442 6272 6099 6636 6189 6301 6329 6375 6021 6094 6207 6545 6628 6421 5976 5976 5448 5984 5381 5629 5891 6146 6552 6940
5885 5773 5992 6898 7035 7105 6381 6575 6748 6431 6368 6034 5679 6226 6731 6731 6320 6025 4901 5410 5986 5827 6198 5848 6350 5597 4526 6320 7112 7464 7245 7137 6204 5760 6820 7274 7157 7254 7330 7639 7963 7900 7548 7570 7567 7277 7165 7048 6915 6799 7269 7023 5074 4543 5151 5151 7091 7075 7120 5865 5768 5897 6061 5572 6193 6193 6435 6156 5801 5537 6098 6462 6562 6423 6451 6475 6142 6142 6019 6399 6399 6407 6621 6621
5621 5883 5558 6172 6279 6840 6840 6317 6294 5663 5353 5428 5901 5568 5337 5455 5264 5264 4901 4481 6012 5867 5466 5838 6125 6546 6384 6490 6692 7233 7054 6682 7311 5920 7250 7147 7396 7396 7330 7300 7957 8183 7617 7500 7563 7377 7377 7184 7049 6920 7058 7142 7147 7272 7175 6948 6547 7075 7243 7731 7353 6405 5212 5572 6585 6496 6605 6605 6043 6100 5827 6562 6525 6525 6609 6518 5985 6016 6017 6290 6290 6209 6621 6621
5540 6002 5872 5609 5697 6839 6788 6298 6194 6194 6333 5428 5316 5752 5103 5167 4977 5247 4761 5265 5035 4899 5140 5637 6125 6406 6519 6283 6059 6966 7525 6682 7281 7342 7281 7383 7461 7657 7484 7588 7913 7980 7543 7380 7500 7753 7066 7041 7297 7252 7106 7389 7259 6609 6702 6855 6547 7500 7285 7285 6933 6980 5834 4680 6853 6564 6814 6867 6460 6460 5827 5968 6549 6779 7137 6761 6512 5714 6116 6334 6801 6801 6621 6800
5781 5771 5602 4762 5697 6828 6684 6828 6650 6224 6333 6291 6194 6004 6011 5401 5191 5247 5756 5850 5903 5740 5492 5637 5864 5313 5272 5580 6599 6599 7525 7338 6993 7597 7372 7331 7777 7641 7402 7737 7671 7561 7318 7264 7123 6540 6631 6891 7117 6843 6843 6959 7095 6491 6301 6947 6452 7142 7191 6429 6588 6588 5838 4680 6121 6848 7097 7122 6584 5748 5668 5382 6216 6546 6737 6957 6512 5556 6235 6875 6801 6801 6870 6615
