includes/gis/MODIS_ASCII/mod13q1_ndvi_2005_001.txt
ncols         829
nrows         925
xllcorner     164106.58989296
yllcorner     9637524.0094144
cellsize      264.9945474373
NODATA_value  -9999
[rows 342 to 379 of 925, columns 0 to 83 of 829]
-9999 -9999 -9999 -9999 -9999 4671 4627 5392 5707 5109 4690 4690 4146 4466 4466 4858 5146 6158 6084 5008 4555 3936 3881 5388 6327 6270 5862 6101 6190 5144 5359 4303 4061 3624 3337 3337 3691 3873 3796 4225 3848 4005 4032 3640 3100 3100 3052 2695 2265 2467 2402 2285 2374 2324 2324 2265 2488 2968 2325 2111 2222 2227 1996 1818 2105 1893 1824 1735 1833 1727 1985 2083 1786 1821 1821 1887 1993 2012 1949 1853 1721 1575 1837 1570
-9999 -9999 -9999 -9999 -9999 4469 4507 5144 5144 4990 4100 4100 4060 4334 4549 4989 5308 5308 6084 5232 4832 4046 4316 5222 5857 6270 5855 5381 5348 4845 5098 3860 3841 3051 2731 2755 2755 2838 3412 4370 4164 4031 4130 3801 3249 2860 2860 2434 2382 2644 2508 2360 2198 2705 2914 3198 2251 3146 2311 2263 2177 2135 2049 1887 2105 1886 1886 1739 1778 1717 1728 2083 1581 1734 1823 1992 1992 2008 1949 1909 1697 1605 1426 1426
-9999 -9999 -9999 -9999 -9999 4610 4503 5621 5494 5073 4052 4100 4060 4671 4229 4070 5021 6104 6104 6215 5972 5162 4572 5222 5857 5965 5358 4867 4867 4912 5294 5081 3361 2960 2858 2849 2847 3434 3412 4435 4650 4132 4189 3790 3109 2935 2454 2279 2353 2353 2299 2117 2249 2536 2898 3253 2928 2244 2244 2337 2313 2263 2139 1996 1984 1982 1876 1789 1789 1803 1689 1732 1748 1809 2012 2307 2059 2008 1951 1924 1906 1538 1352 1409
-9999 -9999 -9999 -9999 -9999 5152 4392 5624 4913 4052 4052 4263 4592 4755 4293 4769 5021 6754 7125 6224 6224 5840 5747 5042 6085 5995 5316 5115 5304 5304 4814 5081 3521 3002 3076 3062 2920 3434 4728 4728 4414 3985 3161 3560 3061 2775 2532 2363 2455 2335 2337 2514 2660 3080 3048 3969 2928 2535 2349 2245 2245 2173 2260 1996 1983 1925 1935 1850 1804 1806 1689 1624 1831 1833 1826 1841 2059 1952 1980 1980 1864 1576 1591 1442
-9999 -9999 -9999 -9999 -9999 5612 5108 5219 4924 4285 4285 4542 4542 4709 4430 4401 4992 4864 6290 7094 6792 6273 6273 5042 5768 5643 5425 4664 4560 4498 4580 4483 3474 3197 3992 3375 4381 5313 6394 6394 5123 4124 3161 3163 3595 2997 2516 2257 2213 2335 2294 2769 2769 2954 3214 3997 3636 2970 2397 2241 2202 2124 2124 2193 2093 1985 2042 1965 1780 1806 1845 1845 1865 1851 1819 1745 1941 1908 1953 1941 1855 1717 1667 1471
-9999 -9999 -9999 -9999 -9999 5802 6090 5638 4924 4835 4704 4283 4295 4559 4559 4211 4529 4652 5045 5343 6374 6664 5029 5029 5483 5023 4616 4283 4584 4462 4406 4634 4488 4608 3992 4778 5140 5658 6303 7148 6052 4124 3184 3567 4196 3787 2432 2315 2393 2180 2411 2999 3187 3187 3244 3395 3545 4062 2704 2242 2189 2200 2149 2149 2119 2106 1970 2127 1780 1782 1825 1835 1720 1671 1891 1745 1773 1955 1985 1918 1822 1972 1699 1462
-9999 -9999 -9999 -9999 -9999 5901 6187 7234 4842 4722 4510 4162 4176 4430 4601 4211 4847 4845 4817 4411 5835 6820 6758 6035 4929 4929 4539 4431 4443 4608 4823 5139 4702 4608 5121 5419 5186 5141 6001 6519 6330 4337 3707 3295 3228 3545 2626 2299 2452 2350 2664 2664 2945 3159 3197 3395 3450 3542 3715 2558 2293 2200 2120 2103 2062 2046 1954 2056 1881 1742 1777 1796 1796 2008 2008 1899 1812 1961 1926 1971 1813 1991 1781 1557
-9999 -9999 -9999 -9999 -9999 5673 5536 5536 5665 4941 4885 4566 4327 4647 4601 4200 4972 4476 4922 5003 4873 5403 6097 6468 4731 5112 5112 4907 4331 4742 4987 4389 4702 4888 4888 4947 5020 4967 5557 6717 6330 4291 3564 3564 2848 2849 2502 2299 2362 2455 2451 2521 2449 3159 3197 2604 2300 3676 2926 2477 2293 2170 2226 2064 2104 1864 1854 1899 1998 1877 1777 1806 1605 1815 1834 1841 1841 1849 1862 1905 1813 1824 1738 1799
-9999 -9999 -9999 -9999 -9999 5375 5152 7044 7346 6664 6088 4889 5133 4822 4666 4546 4394 4824 4780 5003 4783 4938 5991 6277 4806 5287 5594 5594 5553 4806 4608 4249 4142 4284 4751 5580 5580 5491 5827 6531 7169 4603 3661 2752 2408 2408 2502 2257 2189 2484 2427 2370 2575 2498 2498 2385 2204 3389 2391 2246 2278 2255 2289 2000 2118 1864 1854 2012 2106 1945 1966 1740 1970 1670 1785 1885 1875 1856 1856 1905 1795 1712 1632 1575
-9999 -9999 -9999 -9999 -9999 5009 4892 4953 4273 4443 4207 4207 5133 5080 4471 4405 4488 4439 4771 4757 4757 4664 5765 6207 6483 5287 5591 4529 3932 3932 3636 3751 4467 5079 5468 5868 5974 6517 6008 6531 7459 5546 4113 2714 2287 2251 2375 2327 2220 2346 2315 2376 2575 2295 2261 2096 2419 3202 2393 2223 2376 2198 2220 1957 2130 1885 1828 2061 2190 2124 2075 1925 1970 1789 1781 1845 1845 1834 1969 1942 1699 1452 1526 1515
-9999 -9999 -9999 -9999 -9999 5009 5031 4920 4502 4497 4264 4466 4488 5060 5113 4502 4499 4170 4771 4553 4100 4530 4530 4988 5844 6063 4807 4151 4151 3164 3186 3438 4149 5459 5829 5745 6219 6517 7361 7361 7583 6299 5019 3367 2684 2251 2152 2273 2342 2349 2424 2363 2344 2071 2194 2079 2342 3176 2580 2359 2182 2195 2211 2056 1918 1971 1923 1923 2141 2024 2054 1925 1879 1817 1854 1931 1971 1834 1969 2028 1664 1392 1471 1581
-9999 -9999 -9999 -9999 -9999 4705 4594 4721 4460 4567 4651 4466 4669 5306 5306 4712 4579 4170 4566 4389 3792 3717 3723 3440 3440 5332 4688 4079 4151 3164 2740 3098 3876 4963 6164 5941 5726 6305 7404 7817 7759 5906 5887 3544 2713 2523 2255 2237 2324 2268 2424 2406 2348 2090 2129 2201 2567 3176 2506 2506 2300 2099 2102 1992 1918 1970 1986 2036 2071 2071 2054 2004 1760 1747 1813 1953 1984 1895 1895 1874 1686 1586 1486 1581
-9999 -9999 -9999 -9999 -9999 5086 4639 4308 4178 4455 4651 4713 4661 4744 4875 4753 4753 4735 4195 4195 4161 3896 3747 3638 3412 4000 4629 4079 3316 3316 3301 3333 3478 3456 3938 4154 4636 5641 5966 6754 6764 6237 4518 4518 2594 2510 2255 2185 2242 2587 2442 2442 2269 2043 1988 1894 2626 3098 2216 2164 2087 2087 2048 1992 1888 1882 1995 2017 2041 2092 2066 2045 1952 2028 1801 2009 1984 1887 1995 1747 1747 1708 1463 1682
-9999 -9999 -9999 -9999 -9999 4771 4483 4483 4401 4455 4530 4690 4894 4798 4917 4934 4838 6156 4823 3894 4513 4674 4132 3638 3464 3834 4364 4330 3515 3322 3322 3190 3429 2861 3109 3031 4112 5485 6325 6893 6623 5994 3886 2688 2546 2584 2460 2272 2367 2587 2314 2149 2207 2207 2070 1992 2626 2707 2235 2164 2013 1963 2009 2009 1916 1777 1987 1991 2016 2092 2053 2059 2059 2069 1846 2009 1879 1868 1954 1480 1286 1219 1436 1592
-9999 -9999 -9999 -9999 -9999 4640 4262 4013 4069 4252 4514 4674 5135 5044 4656 4458 4838 5175 4707 3916 4276 5201 5140 4254 5628 5569 4520 4141 3438 3500 3290 3290 3429 2814 3109 2854 2854 3796 6503 7173 5637 5994 3386 2600 2625 2650 2478 2344 2456 2562 2246 2169 2209 2112 1992 1992 2104 3172 2486 2195 2078 1982 1908 1928 1928 1841 2023 2005 2016 2043 2064 1997 1994 2076 2045 2049 1894 1835 1727 1345 1231 1219 1342 1469
-9999 -9999 -9999 -9999 -9999 5513 4677 4288 4431 4118 4375 4648 4988 5146 4947 4658 4595 5091 6272 6238 5196 6271 6112 6243 5891 5747 4617 4333 3457 2992 3164 3290 3016 2954 2878 2878 3040 6328 6328 6959 4956 4668 2943 2943 2832 2961 2384 2510 2456 2447 2317 2253 2128 2109 1992 1946 1946 2142 2609 2126 2191 1982 1882 1877 1933 1974 1978 1937 1983 2053 2043 2019 2009 2076 2045 1930 1930 1818 1650 1352 1238 1250 1418 1363
-9999 -9999 -9999 -9999 -9999 5455 5551 4387 4431 4568 4693 4697 4664 5189 4429 4546 4593 5048 5101 4525 4329 4838 4838 5067 4097 4662 5204 5025 4085 3378 3164 3166 3166 3094 2763 2461 2461 5106 5688 4316 4956 3820 3009 2827 3133 3014 2447 2400 2515 2435 2435 2310 2185 2121 1977 2019 2005 2481 2481 2623 2260 2161 2090 2055 2032 2036 1932 1961 1961 2004 1988 2008 1965 2076 2032 1929 1899 1899 2121 1421 1238 1242 1424 1733
-9999 -9999 -9999 -9999 -9999 5080 4816 5134 4588 4308 4474 4235 4319 5022 5022 4811 4874 5397 4856 4197 4329 4238 2991 2991 3862 4587 4532 4274 4085 3378 3106 2970 2572 3056 2602 2600 2600 4468 4994 4316 3596 3398 3010 2881 2827 2872 2447 2286 2610 2601 2407 2374 2255 2121 1961 2075 2036 2092 2140 2634 2634 2171 2072 2122 2101 2106 1932 1926 1914 1914 1956 2035 1996 2015 2039 1954 1901 1968 1592 1421 1180 1263 1359 1744
-9999 -9999 -9999 -9999 -9999 4701 4816 5532 4725 4351 4498 4203 3984 4771 5283 5262 5262 5188 5097 4197 4081 3985 3038 3859 3859 5067 4368 4274 3944 3944 3445 2800 2701 3067 2473 2502 3215 3201 4176 4324 3703 3348 3144 2881 2604 2604 2625 2783 2579 2625 2533 2265 2216 2159 2110 2250 2128 1989 2165 5028 3462 3462 2396 2203 2159 2106 1925 1934 1899 1974 2024 2024 1996 1974 2025 1872 1855 1898 1456 1445 1445 1339 1248 1539
-9999 -9999 -9999 -9999 -9999 4701 5029 5029 4302 4132 4447 4811 4389 3925 4278 4771 5548 5926 5097 3907 3855 4151 3038 3941 3941 4652 3923 4195 3840 3840 3261 2841 2555 3061 2706 2700 2818 2978 4176 3895 3256 3163 3153 3451 2885 2354 2426 2409 2484 2496 2329 2216 2106 2200 2111 2336 2468 2594 2165 3571 5748 3005 2248 2248 2041 2040 2063 1957 1967 1922 1979 2039 2039 2050 2010 1876 1780 2112 1456 1270 1249 1278 1278 1604
-9999 -9999 -9999 -9999 -9999 4340 5048 4645 4472 4472 4768 4811 4808 5081 4194 4458 5097 5760 5146 3984 4111 4404 3198 4193 4890 4890 4305 4401 4055 2611 2611 2216 2371 2526 2888 3113 2994 2575 2795 2795 3452 3185 2870 3451 3040 2542 2213 2206 2407 2528 2407 2147 2080 2223 2249 2166 2417 2313 2568 2993 5502 3636 2398 2184 2041 2087 2160 2124 1937 1944 2010 2014 2074 2049 2049 2038 2010 2112 1875 1397 1328 1397 1651 1750
-9999 -9999 -9999 -9999 -9999 4705 5072 4867 4923 4501 4253 4836 4160 4400 4669 4806 5317 5563 3899 4388 4388 4745 3447 4337 4544 4584 4581 4691 4222 2963 2963 2116 2256 2413 2676 3195 3028 2707 2522 2795 3506 3042 2738 3421 2835 2514 2213 2418 2418 2562 2448 2156 2018 2132 2173 2215 2599 2313 2324 2444 3538 4939 2847 2184 2103 2074 2074 2142 2003 1835 2010 1994 2059 2068 2079 2114 2010 2132 2072 1668 1450 1428 1641 1750
-9999 -9999 -9999 -9999 -9999 5023 4930 4554 4739 4588 4375 4375 4218 4335 4332 4249 4791 5563 5025 3888 4377 4377 3424 4183 4102 4151 4665 4791 4133 3256 2267 2267 2192 2569 2508 3195 3111 2744 2657 3339 3339 2897 2514 2838 2624 2604 2216 2151 2207 2352 2352 2118 2081 2035 2264 2215 2392 2462 2462 2295 2435 4218 3363 2423 2338 2132 2193 2136 2083 1835 1896 1967 1968 1939 2035 2007 1953 1852 1852 1609 1329 1245 1641 1632
-9999 -9999 -9999 -9999 -9999 4915 3983 4392 4291 4558 3995 4300 4547 4547 4486 4404 5026 5093 5525 5000 4085 3831 3831 4305 3932 3793 4240 5013 4110 3256 2308 2213 2382 2382 2413 3138 2916 2938 2917 3129 3457 3164 2676 2354 2127 2307 2189 2075 2207 2296 2101 2130 2078 2121 2160 2086 2246 2368 2593 2534 2317 3405 3363 2642 2184 2198 2247 2208 1980 1971 1971 1896 1897 1907 2077 2007 1935 1374 1605 1596 1596 1395 1518 2114
-9999 -9999 -9999 -9999 -9999 4856 4856 4195 4169 4558 4811 4508 4816 5153 4911 4832 4832 5073 5174 5178 4714 4273 4630 4218 3993 3751 3751 4686 4110 3412 2560 2209 2336 2437 2200 2907 2982 2758 2894 2997 3414 3577 3195 2799 2055 2062 2111 2148 2144 2029 2407 2472 2070 2146 2160 2316 2217 2286 2372 2241 2834 2834 4595 3099 2362 2453 2369 2190 2125 2051 1948 2027 1925 1958 2077 2000 2053 1502 1455 1169 1554 1395 2111 2433
-9999 -9999 -9999 -9999 -9999 5197 5011 4798 4716 4716 4872 4887 4654 5075 5375 4695 5019 5249 5249 5107 4558 4273 4452 4291 3827 3888 4416 4686 4116 3941 2998 2197 2150 2299 2416 2212 2495 2610 2705 2958 3414 4229 4409 3284 2627 2185 2224 2096 2132 2075 2313 2472 2113 2237 2454 2111 2111 2232 2678 2956 3187 4291 3778 3778 2462 2462 2403 2264 2015 2015 2057 1898 2050 2050 2087 2009 1614 1485 1428 1603 1554 2534 2534 2507
-9999 -9999 -9999 -9999 -9999 4114 4865 5184 5234 4914 4776 5257 5144 5297 5375 5448 5349 5269 5589 5503 4558 4346 4092 4059 3864 3803 4294 4661 4188 3823 3015 2134 2176 2261 2416 2353 2359 2529 2608 3010 2957 3587 3711 3691 2910 2295 2224 2191 2211 2226 2255 2127 2284 2402 2332 2166 2107 2184 2668 2956 5074 4705 2770 2459 2429 2429 2297 2264 2144 2144 2159 2121 2097 2132 2132 2008 2026 2185 1587 1603 2381 2550 1746 1567
-9999 -9999 -9999 -9999 -9999 4131 4865 4840 4612 4797 4991 5009 5257 5297 5281 5481 5525 5573 5585 5485 5133 4571 4152 4048 3499 3841 4470 4661 3323 3323 2615 2194 2152 2261 2345 2446 2518 2499 2499 3010 2788 2848 3041 2992 4140 4092 2627 2454 2172 2172 2176 2137 2310 2260 2306 2149 2192 2665 2668 2711 5996 4018 3853 2752 2451 2473 2297 2323 2303 2322 2322 2212 2097 2133 2027 1965 1965 1629 1227 1352 1875 2148 1466 1414
-9999 -9999 -9999 -9999 -9999 4131 4277 4410 3856 4170 4550 4617 4768 5367 5510 5485 5226 5620 5660 5426 4827 4601 4715 3965 3354 3773 4470 4370 3120 2660 2296 2096 2096 2276 2357 2400 2424 2564 2614 3017 2867 2667 2513 2652 4130 4130 2714 2397 2248 2277 2182 2137 2268 2336 2336 2274 2445 2804 2704 2894 3745 5795 3516 3803 2827 3062 2473 2454 2412 2204 2385 2212 2209 2092 2020 1974 1806 1914 1227 1476 2098 2377 1549 1456
-9999 -9999 -9999 -9999 -9999 3928 3862 3447 3285 3563 4264 4767 4634 4694 4556 4892 4833 4967 5584 5426 4225 4225 4182 4182 3879 3863 4369 4705 3409 2660 2296 2268 2164 2164 2107 2161 2174 2539 2630 2385 2385 2712 2712 2929 2729 3441 2300 2221 2301 2191 2112 2146 2225 2391 2299 2299 2372 2677 3058 4551 4941 6223 5808 3803 3979 5156 4041 2422 2560 2246 2238 2288 2289 2114 2069 1932 2008 1699 1595 2313 2191 2191 1687 1666
-9999 -9999 -9999 -9999 -9999 3571 3571 3515 3513 4020 4314 4767 5049 4802 4484 4631 4923 5004 5584 5222 4446 4674 3945 4262 3518 3863 4518 4447 3298 3101 2196 1903 2007 1966 1966 2097 1996 2390 2549 2297 2473 2798 2663 2698 2797 3870 2367 2232 2308 2331 2112 2152 2248 2551 2346 2372 2372 2650 3452 5794 6172 7197 5808 6028 6475 6475 5712 4872 2990 2718 2337 2293 2271 2113 2037 2095 1848 1603 1620 1906 1837 1744 1669 1666
-9999 -9999 -9999 -9999 -9999 4240 4115 4304 4304 4168 4345 4764 5400 5116 4738 4587 4744 4970 5279 5157 4296 4326 4326 4073 3214 4125 4541 4541 3397 2647 2277 1993 2017 2159 2098 2019 1965 2322 2393 2406 2022 3026 2909 2698 3229 4267 2752 2195 2317 2331 2175 2134 2185 2500 2346 2292 2292 2582 3448 6031 6577 7889 7748 7748 7707 7540 7005 5185 3638 4181 2890 2649 2285 2285 2000 2003 1848 1731 1911 1920 1656 1712 1794 1718
-9999 -9999 -9999 -9999 -9999 4242 4219 4074 4005 4292 4345 4703 4808 4873 4671 4544 4451 4486 5033 5087 4053 4291 4044 4044 3622 3569 3996 4015 3163 2647 2086 1918 1994 2032 2077 1976 1948 2362 2532 2406 2640 2928 2909 3154 3282 3924 3924 2645 2317 2429 2237 2086 2178 2500 2384 2161 2523 2523 3733 6894 7332 8053 7402 6654 6035 5221 4631 4631 3638 4149 3506 3217 2263 2060 2031 2003 1808 2186 1783 1783 1614 1724 1718 1718
-9999 -9999 -9999 -9999 -9999 4065 3745 3959 4124 4575 4492 4531 4374 4374 4390 4544 4318 4292 4719 4944 5027 4161 3932 3920 3731 3747 3813 4010 2742 2243 1973 1977 2101 1997 2083 2010 1948 2387 2387 2399 2679 2928 2694 3498 4807 3815 3716 2703 2184 2348 2358 2187 2085 2390 2267 2285 2806 4900 6447 6203 6637 7787 7873 6956 6707 5502 4134 4727 4727 3574 2623 2913 2720 2314 2314 1815 1815 1801 1832 1704 1712 1738 1773 2534
-9999 -9999 -9999 -9999 -9999 4316 3883 3943 3955 4178 4316 4587 4809 4237 4389 4389 4368 4159 4122 4366 4684 4144 3877 3927 3790 3480 3305 3809 2735 1917 2023 2023 2048 2033 2140 2010 2046 2339 2343 2412 2412 2744 2749 3148 3580 3082 4473 2703 2441 2441 2392 2276 1979 2100 2333 2523 2850 4876 6447 7177 6637 7585 7872 7136 6785 6658 5363 4151 4062 3625 2907 2681 2829 2503 2289 1884 1754 1792 1821 1708 1713 1713 2040 2302
-9999 -9999 -9999 -9999 -9999 4220 3871 3943 3629 3948 4640 5042 5165 4237 4501 4617 4617 4075 4570 4766 4736 4534 4085 3463 3554 3292 3766 3801 2735 1948 1971 1950 1950 2038 2335 2219 2219 2193 2172 2405 2443 2443 2399 2515 2497 2783 4544 5044 6046 2818 2424 2424 2066 2028 2637 2637 2850 4876 6923 7244 7530 7914 7702 7249 6323 5806 5363 4095 3910 4409 2486 2486 2829 3366 2844 1982 2253 2111 1657 1708 1837 1837 1777 1800
-9999 -9999 -9999 -9999 -9999 4048 3871 3913 4111 4386 4767 4680 4630 4807 4581 4373 4271 4317 4317 4585 4736 4384 4164 4019 4127 4184 3975 3801 2752 2029 2132 2106 2106 2120 2242 2215 2205 2124 2209 2350 2353 2327 2350 2448 2448 2835 4907 4200 6046 5024 2903 2903 2232 2040 3070 2637 2715 4441 6389 7244 7506 7778 7340 7340 6066 5806 4960 4094 3848 4006 3315 2472 2413 2583 2583 2005 2339 2084 1657 1953 1796 1701 1701 1844
-9999 -9999 -9999 -9999 -9999 4048 4230 4182 4182 4475 4742 4503 4734 4570 4576 4286 4217 4562 4649 4585 4768 4190 4130 4162 4014 4498 3402 3255 2323 2202 2269 2238 2306 2241 2153 2190 2267 2106 2076 2304 2274 2226 2362 2765 3022 3633 4519 4270 4012 4135 3907 2897 2897 2285 3070 3008 3008 5627 6745 6997 7401 7604 7222 6471 6066 5136 3879 3473 3879 3780 4146 3245 2561 2301 1921 2093 2009 1943 1776 1829 1768 2149 1814 1726
