includes/gis/MODIS_ASCII/mod13q1_ndvi_2002_001.txt
ncols         829
nrows         925
xllcorner     164106.58989296
yllcorner     9637524.0094144
cellsize      264.9945474373
NODATA_value  -9999
[rows 456 to 493 of 925, columns 336 to 419 of 829]
3372 3735 4308 4308 3723 2335 2596 3951 4524 4976 4285 3666 4704 7200 6675 7201 6290 5306 5505 5996 5960 5643 5643 5171 5063 4292 4292 4024 4161 3358 3496 2580 3250 3342 3683 3318 4263 4413 5848 5848 4945 4871 4871 4524 6082 6082 4859 4812 4470 2648 1988 2767 2988 3675 4263 4799 4357 2770 4002 3758 3524 3700 3291 2852 3081 2817 2817 2808 2805 3155 3629 3639 3983 4137 4179 3430 3430 2881 3147 3200 3691 3821 3821 3785
3142 3192 3407 3419 3452 3452 2596 3621 4705 4918 3822 3822 5044 3845 5355 7352 7350 5749 5951 5996 6378 5591 5672 5672 5542 4923 4923 4024 4161 4002 4002 3670 3793 4071 5043 3318 3318 3784 4864 3968 3358 3070 4871 4524 5110 5511 5511 6056 5520 2744 1743 3803 3803 4138 2721 3073 3073 2278 2350 3758 3063 3524 2151 2852 3081 3074 3074 3101 3192 3262 3262 3639 3865 3865 4101 3584 3584 3262 3123 3123 3470 4084 4084 4020
2883 3278 3238 3721 4041 5090 4258 2945 4173 3921 4169 4594 4594 4649 5626 6477 6731 6907 5951 6337 6621 6018 6234 6447 6447 4923 4923 4786 4888 4358 4358 4145 4668 4071 5043 5113 5113 4916 4069 3382 3358 3070 4082 4082 4700 4604 4309 5226 4607 4607 4162 3817 3640 3640 2468 1749 1796 1796 2350 3017 2981 3112 2707 2914 3347 3147 3259 3259 3575 3782 3803 3578 3615 3615 3846 4237 4185 4185 3227 4023 3412 3707 4173 4173
2972 2183 1580 3950 3799 4425 3806 3993 3993 3816 4169 4486 4390 4390 5130 5483 5508 6542 6227 6500 6901 6290 6480 6799 5260 6010 6056 6056 5475 5032 5032 5000 4668 5142 5145 5062 5051 5051 3833 3280 3413 3352 3474 3474 3819 4601 4309 4309 5443 5146 5146 4848 3775 3640 2468 1913 2260 1637 2927 2927 2981 3112 3068 3502 3502 2966 3357 3357 3575 3782 3824 3325 3460 4030 4030 4432 4464 4484 2883 3432 3641 3654 4376 4115
2563 2072 1580 4383 4101 4721 3955 3979 3979 4221 4696 4725 4525 4927 4927 5269 5508 5900 6568 6547 6599 6756 7406 7003 5260 5876 6380 6380 6233 5997 5228 5000 5026 5087 5087 5068 4290 3979 3655 3606 3606 3986 3909 4192 3819 4601 4271 4271 4655 4249 4249 4848 3775 3373 3373 1071 2260 2777 4016 3797 3797 3643 3559 3559 3314 3681 3628 3623 3623 3381 3699 3669 3849 3959 4030 3888 3915 2973 2973 847 2599 2599 3649 3886
4475 4475 4344 4393 4082 2838 2911 3261 4002 4221 4335 4685 4530 4534 4632 5269 4669 4271 6431 6500 7080 7034 6877 7003 6452 6623 5723 5896 5896 5499 5560 5191 5191 5607 5607 5163 4062 4052 4052 3893 3939 1457 4106 4192 4192 4245 4223 4951 4206 3613 4249 4437 4277 4287 4287 6023 3399 2850 5105 4414 4024 3560 3517 3399 3372 3681 3628 3584 3584 3405 3501 3685 3814 3821 4008 4008 3663 4832 4538 3708 4262 4051 3586 4110
3736 4069 4069 3301 4082 2391 2990 2676 4002 4553 4264 4600 4449 4236 4353 4333 4333 4112 5917 6140 6500 6485 6877 6880 5986 5247 5338 4085 4085 5186 5945 5781 5781 5579 4704 4704 4558 4655 4655 4831 5162 1457 4374 4164 4474 4474 4763 4775 4775 3613 4108 4108 3947 4727 4727 6142 3399 3399 5105 4621 3752 3752 3622 3249 3372 3578 3578 3245 2996 2996 3231 3513 3513 3638 3867 3867 3531 5129 4569 1484 5022 4051 4072 3937
2880 2422 1690 2241 2241 3527 3527 2676 3371 4368 4590 4251 4216 4622 4353 4501 4516 4516 4759 5781 6230 6560 6510 6540 6369 7142 7341 6641 5769 5490 6357 6111 6111 6335 1768 1956 1956 5606 5828 5828 5486 5392 5443 5035 4639 4639 4785 3786 3867 3502 3421 2868 1088 9981 -9999 4954 5808 5808 4452 3657 4654 3552 3597 3636 3451 3568 3574 3204 3026 3081 3081 3257 3323 3500 3817 3425 3531 4034 3159 328 5022 4327 3792 3459
2834 2573 1734 2196 1633 3594 3594 3122 3581 4313 4127 3875 4303 4864 4563 4494 4545 4515 4583 4687 5863 6074 6068 6666 6848 7225 6343 6343 5414 5414 6031 5833 5931 6412 1033 1445 1445 5598 5362 5407 4987 5218 5270 5333 4483 3999 4615 3510 3219 3094 3298 2812 1790 -9999 3558 4546 4546 3148 5299 3822 3632 4025 4025 3978 3613 3631 3350 3204 3026 3111 3111 3335 3506 3506 3752 3425 3425 2659 1923 562 4573 4573 3985 3865
2717 2717 2082 2235 3152 2516 2988 2988 3258 3593 4241 3871 4404 4404 4996 4795 4075 3778 3860 4287 5192 5505 5811 5891 6175 6009 4781 2647 6903 7012 6910 7032 6099 6099 8415 3620 2644 4595 4778 891 891 5012 5530 5504 4893 3929 3929 3513 3492 4297 3762 3624 2532 2532 3686 4343 4343 4774 4124 4124 4303 3796 4140 3535 3697 3869 3293 3350 3231 3225 3318 3318 3266 3506 3752 3712 3894 1285 1939 3421 2951 1236 3796 3796
3205 3129 3129 2786 3493 3400 3500 3354 3825 3825 4033 3773 4207 4743 4743 4288 4509 4533 3860 4911 4911 5287 4953 5190 5891 6009 5958 3963 5936 5888 6910 6910 5619 5619 5414 4173 3590 4595 5351 1774 1058 6189 6096 5899 5395 5206 5011 5011 7532 3752 3752 3624 3594 3594 3729 4989 4972 4695 3886 3886 3798 3137 3179 3179 3282 3742 3119 3008 3096 3013 3097 3088 3266 3318 3318 3796 3853 2359 3699 5272 -9999 -9999 4008 4009
2911 2958 3056 3346 3801 3649 3704 3524 4104 4648 4033 4213 4232 4663 4224 4224 4259 4533 4250 5094 5094 5182 4972 5190 5108 5502 5590 5073 4787 3719 3830 4790 4790 5284 5354 5513 5200 3563 3781 5403 5403 5498 5855 5855 5735 5574 5808 5808 8176 4983 3752 4201 4491 4491 4707 5001 4976 4695 5283 4294 4294 3013 3559 3269 3413 3383 2787 3118 3132 3022 3056 3088 3142 2465 2370 1380 2418 3459 5631 3587 4094 975 3224 3317
2992 2928 3056 3224 3210 3432 3550 3789 4535 4648 4648 4364 4183 4250 3366 2934 4259 5253 4178 4538 4527 4409 4972 4994 4604 4560 4970 4851 4751 4645 3830 4542 4963 4654 2120 1128 2537 5029 5166 4964 5403 5498 5113 5748 5748 5851 2062 6042 5253 4364 4335 5307 4422 4197 4197 2043 3596 4089 3240 3548 3548 3301 4132 3745 3745 2944 2979 3182 3273 3347 3082 3142 3080 2647 3359 2026 4790 3306 3315 3619 3427 3665 3193 3291
3261 2928 2941 3001 3352 3352 3425 3479 4535 4660 4230 4230 4472 5098 4467 2934 3322 3322 2531 4215 4288 4374 4499 4499 3983 4135 4031 4456 4662 4930 5249 5495 5300 5468 2264 1128 1710 6014 5594 4964 4821 4821 5361 4439 4439 4174 3710 3710 4810 4546 5104 3414 4311 4197 4197 4459 4083 5116 3179 3782 3432 3432 3942 4570 4570 3577 3242 3250 4118 3539 3539 3037 3068 3187 3359 2026 5561 4280 3065 3351 3307 3066 3063 3264
3261 3091 2952 2878 3147 3532 3532 3479 4676 4612 4077 4590 4256 5055 4544 3428 2066 1050 2952 3077 4326 4374 4605 4320 4172 4172 3969 4031 5395 5395 5939 5937 5856 5746 2245 3342 3404 6014 5594 3628 2234 6251 6429 4191 4439 4174 2847 4259 4259 5721 5102 5102 4158 3079 3503 3503 3717 4042 3989 3782 3877 3877 3674 4706 3517 3482 3639 3362 3650 3503 3503 3760 3140 2822 3051 3790 3669 4198 3139 3085 3394 3067 3064 3252
2963 2963 2977 2878 3147 3670 3787 3787 4778 4408 3743 4110 2993 5055 4983 3740 2046 2760 2046 2125 977 4009 3911 5232 4746 3651 3349 4332 5459 6107 6107 5410 6073 6780 1981 4672 3404 3404 5487 5140 4529 7421 7421 4191 2138 2138 3719 5950 6269 6269 5102 5102 4156 3657 3242 3242 3636 3655 3941 4159 3942 4379 4379 4086 3517 3642 3970 3170 2785 2734 3821 3821 4377 3195 2999 3205 3646 3646 3428 3085 3279 2846 3093 3087
2977 2924 2740 2886 2883 3670 3946 4630 4630 3981 3612 3811 2242 2794 4083 4083 2307 2739 1328 1032 900 4029 4029 3497 5105 3946 3349 4146 4237 5126 5785 5785 7011 6780 5768 4672 3871 3871 5940 3256 3031 5491 5898 4898 6899 -9999 4086 6304 5265 6269 6149 4385 5361 3042 1523 3729 3729 3363 3609 3609 3978 4436 4379 4086 3578 2859 3334 3361 2961 2734 3821 3821 3954 4533 4308 3019 3342 3646 3428 4766 1224 2826 1759 1759
3058 3036 2768 2902 2690 3245 3205 3725 4156 3868 3521 1584 954 1075 3175 3175 4278 2281 4104 4263 4522 3497 2878 2619 4681 3946 3140 4231 4066 3986 5116 5982 7011 7213 5768 7372 5893 6207 6207 3256 2719 5491 5491 6207 -9999 -9999 6138 6290 5554 4283 4283 5431 4013 3042 1523 2874 3733 1590 3363 3363 3743 4436 4400 5672 3149 3277 840 4632 3544 2786 3284 3284 3742 3600 4010 3019 3342 3342 3369 4766 1568 2443 1321 1321
2700 2898 2805 2886 2844 3279 4210 4210 3746 3308 3521 2772 2993 1268 3564 4290 4278 4170 4193 4974 4377 4159 2878 3776 4681 4185 3161 3988 4262 3863 3912 4595 5419 5419 6401 7054 6245 6011 6011 6318 6174 4072 6842 6967 7053 6774 6790 6509 4974 1458 1458 5730 4013 4013 2125 2901 3762 1081 3443 3743 3743 4525 6382 6382 3273 4856 890 3136 3544 3490 3342 3717 3717 3873 3112 2913 2828 3458 3930 3746 2995 3295 3736 3507
2935 2746 2746 2886 3048 3729 4069 3467 3467 3308 3356 3178 3025 3141 3564 4290 5111 6863 4398 4398 4004 4194 3838 3776 4079 4580 4094 4201 3961 3863 4581 4581 5465 5465 6230 7127 8058 7579 6799 6799 6471 6829 7483 6967 6767 6406 6811 6811 6444 5898 3278 5724 4066 4340 4340 4352 3762 3762 3942 3309 3309 3816 3719 3140 3140 4220 4292 3822 2227 3077 3018 3308 3513 3622 3448 2613 2663 4501 6089 3694 2952 2057 4124 3507
3029 2989 3114 3114 2467 3835 3576 3821 3245 3245 3253 2618 2972 3141 3614 4228 5136 3739 3091 1613 1541 2485 3838 3356 3814 3603 3754 5208 3961 4647 6004 5669 5990 6060 6060 7472 8239 8100 7155 6863 6863 6928 7483 7221 6848 6441 6131 6131 5431 5431 4718 6526 6599 4806 4806 5856 5441 3942 3942 3033 2544 2544 3308 2405 3140 4220 3330 3330 1678 3024 3024 3228 3484 3598 3330 3016 3399 3284 3692 3946 3959 2789 4124 3608
2670 2888 2888 2786 3339 3562 3227 3024 3024 2369 3043 2854 2348 3916 1149 3335 3349 3007 1313 1613 1594 3100 4143 3388 3800 3435 3435 3930 5157 5338 5770 4103 5990 6245 6060 6812 7300 2776 4171 7051 7051 6928 7416 6449 5661 5488 -9999 -9999 6548 2346 4718 2463 1236 2800 5455 5856 5441 4121 4121 4998 1477 1477 1620 1484 1514 1514 2039 4460 2243 2785 2748 2748 4257 4240 3330 2974 2318 2885 3572 4423 3697 3542 3365 3470
2554 2979 2755 2786 4026 4173 3035 1755 1755 1345 3043 2971 3628 3916 3022 3717 2564 2564 1313 866 2000 2776 4035 4035 3936 3674 4138 4138 4688 5834 5770 4103 4103 3604 5099 6350 3703 3703 5425 7051 7535 7535 7694 5988 5323 5359 -9999 -9999 6548 6117 4672 2123 2630 5862 5481 4711 4644 5338 4299 4059 2070 2070 6002 4535 5149 4927 5051 4460 4460 3663 3317 3237 1969 3652 3762 3948 3948 3531 3049 4392 3814 3542 3816 3816
3889 2979 2755 2755 3166 2855 2114 1133 1170 1811 1891 4070 4070 3656 4396 4870 3636 3636 3228 3497 2219 3367 3982 4217 4217 4061 4192 4192 4077 4778 4778 3402 3240 3240 5074 5759 5975 4486 4486 7487 7297 7297 7885 2729 5542 5359 5646 5904 8580 5913 5522 5678 5329 5394 5412 5177 5081 4298 4333 4307 5811 6657 5767 4135 4539 5254 4827 4744 3532 3532 3023 1971 2320 3200 4092 3982 1570 3682 3517 3878 3814 3674 2035 1933
3889 3314 2989 2989 3237 2985 2096 1133 1170 1688 4190 4367 4532 4503 4463 4463 4268 3548 3590 3590 4491 4732 4529 4230 4381 4582 4706 4090 4077 5188 5188 3979 4268 4268 5680 6467 5759 4005 3659 7905 7507 7507 7479 3006 5542 5669 5603 6008 8052 9044 6115 5981 5481 4968 4545 4059 4059 2991 602 4374 5786 6326 4568 4158 2123 3871 5129 4303 3788 3788 3202 2353 2175 2990 3701 4547 2072 4714 3792 3823 4147 3690 1262 4902
1894 1894 1463 726 3166 2865 1807 6320 6320 3745 3745 3490 3720 2983 4382 4072 4072 3841 3632 4727 4727 5179 4502 4169 4381 4410 4408 4090 4090 4978 4291 4291 4164 5287 5680 6467 6833 5728 5728 6936 6580 7073 7073 6601 6465 6334 6390 6347 5259 5259 5818 5509 4179 4179 4620 4570 2713 2713 822 3614 4017 4341 4446 4446 2515 3859 5090 4803 4254 3757 3202 2353 1691 3324 4406 3411 3938 4218 3792 3829 3183 3183 3429 3379
3527 3527 3957 3427 3889 3889 2695 2695 2800 2809 3745 3399 3615 4044 4502 4502 3336 2873 3073 3752 4451 4451 4005 4352 4273 4152 4223 4392 4231 4791 5050 5050 4164 5287 6581 7118 7118 5419 4210 4210 6874 4622 6219 6699 7095 6895 6599 6347 5962 5639 5639 6113 5196 5196 4620 4570 4263 4263 2912 3272 2660 3903 4411 2757 3125 4021 5498 5498 4468 1059 1013 1316 2064 2179 2689 4334 4334 4218 3948 3141 3350 3600 4150 3431
3186 3957 3957 4081 3776 3776 3262 2549 2576 2809 2865 3202 3637 4079 4103 4397 4397 3619 3072 3620 3942 4032 4005 4352 4273 4330 4330 4380 4006 4006 4620 4270 4270 4305 5602 5602 4820 4503 3191 7253 7253 6887 6718 6357 6641 6599 6599 6038 4867 5493 5493 6022 5802 5468 5468 4806 3592 3725 3725 3639 2742 2742 4411 2907 2982 5016 4708 4922 4468 1100 1013 2455 3579 2515 3134 4644 4497 3337 2999 3021 3822 4423 3528 3431
3186 3267 3267 3572 3188 2905 2905 2576 2576 4250 3588 3588 4049 3612 3037 4252 4004 4004 3877 3836 3645 3812 4532 4600 4142 4082 4082 4487 4001 3974 4315 4958 5027 5027 4482 4263 4820 2780 2780 7268 7268 7000 7146 7303 6934 6407 7653 7653 5028 6040 5533 5533 5802 4450 4450 3760 2620 2525 3617 3763 3778 3857 3652 2803 4403 4403 4708 4922 4376 2636 4131 4131 3147 3273 3308 4635 4357 4242 3420 3021 3021 4898 4898 3097
2981 3118 3422 3422 2746 2606 2905 2272 2272 3200 3697 4133 4133 3473 3037 4475 4449 4321 4321 4191 3510 3812 3225 4407 3523 3897 4639 3911 3659 3986 4314 4606 4268 4268 4482 4263 4263 4487 9209 1555 6249 6249 4845 4554 6934 5747 7131 7131 4823 5086 5533 5533 5565 3896 2360 2360 3404 2153 2595 2697 4294 3857 6335 6335 4298 4298 4953 4971 3243 3057 3856 4073 4073 3080 2901 3336 3757 4329 2016 2498 1127 2235 5206 2871
2977 2993 3713 3713 3592 2606 2794 693 1168 3149 3058 3724 3240 3473 2992 3892 4321 4097 3762 3899 4349 5246 3168 3879 3879 3897 4639 4869 4869 4735 4865 4600 4772 4268 4477 4540 5807 5807 9209 1555 2275 5624 4845 6027 6745 6534 3222 3222 5359 5086 5824 6637 6637 4855 3247 3247 3404 3730 3698 3675 3675 3486 3228 3173 3881 4614 4614 4722 2963 3057 3856 4103 4103 3557 3088 3249 3757 -9999 -9999 3110 1279 2884 4746 2856
3413 3619 4014 3713 3592 3069 2794 506 546 3200 2867 3306 2919 2782 3027 3713 4504 4515 4108 1988 5927 5497 3374 4053 3879 3521 4026 4523 4523 4901 4066 4600 7146 5828 4235 3974 1849 1489 515 5278 5330 4835 4841 6345 6345 6664 1889 5359 5359 6146 5727 6020 5582 4794 4092 3278 3278 1616 719 4280 4280 3486 3203 3203 3952 4304 4304 2955 1501 5642 4490 3685 3668 3642 3408 3694 3800 3744 3744 3496 2267 5183 4822 4334
4675 4724 4014 4016 4016 3923 3623 3623 2096 3763 3763 3826 2821 2444 2891 3200 4252 4515 4717 2694 4445 4302 1589 4053 3873 3873 3691 3892 4763 4763 4880 4066 4868 5826 4403 3731 793 1059 515 4773 4773 4746 5375 6575 7794 7794 1889 3400 404 618 5581 3130 6094 5106 4706 4322 3541 1364 719 4112 4280 3989 3664 3664 3844 4146 3160 2955 1501 2320 4048 3450 3712 3419 3408 3694 3593 3703 3703 3393 2267 4910 4017 4334
4737 4508 3729 2967 2979 2979 3422 3483 2662 3749 3749 4017 2738 2731 4612 5182 4252 4675 3587 3384 4031 3759 4464 3526 3840 3840 3886 4184 4060 4763 4929 4282 5177 5177 5028 5028 5365 2203 4118 5505 4873 4873 5113 6409 6041 6244 1122 1255 1317 1155 5603 3130 2256 4095 6286 4918 4435 4440 4440 4112 4500 4007 3748 3114 3114 4146 3160 3160 1634 3748 3414 4288 4288 3570 3211 3189 3274 3723 3815 3393 3122 1580 4017 5348
3704 4046 2305 2560 2070 2979 3422 3630 4015 4197 3680 3193 3193 2446 2765 2208 5195 5195 3266 3595 4396 4396 4483 3339 3801 4278 4278 4184 4060 4060 4726 4534 4292 4823 9774 -9999 5365 3957 5106 5798 3566 4484 3740 3714 5010 6320 929 1105 931 457 3391 3391 2230 3353 4695 4765 4204 1852 1852 4428 4355 4355 4599 3823 3114 3684 4593 4712 4712 4204 4524 4853 4055 3246 3211 2858 2985 3723 3676 1181 1187 5487 5305 2612
3483 3483 4046 3289 4290 2391 5678 5678 3626 4630 4113 3081 1166 2836 2604 1359 5687 3399 3399 3715 3733 2861 3862 3026 3443 4278 4278 3968 3781 3778 3778 4845 5141 5141 5189 4458 4458 4386 3869 5798 2636 4484 3711 2389 2389 7021 5897 5147 4376 4675 5431 4353 4353 4926 4904 4765 4204 3595 1635 3280 1030 4255 4599 3823 3641 3641 4474 4871 4871 3768 3986 4096 3741 4150 3527 3527 3291 4450 3709 858 524 5487 3541 2612
3910 1386 3055 3630 3494 4376 2515 2603 2059 4634 4626 3678 1752 3338 4157 1359 5176 3848 3939 3939 4531 2861 4418 2933 3443 4008 4499 4512 3663 3308 3570 3922 4035 4035 4585 4560 4611 4611 3869 2946 4380 2933 2043 6120 6673 364 7021 5147 5147 5281 5291 4469 4469 4782 4629 4629 3968 1739 1739 4672 3061 4052 3957 4090 4149 4149 4352 4250 4197 4197 3862 4830 4830 4670 4814 4814 4892 4688 4132 253 253 5602 3066 2427
3264 1466 3259 3259 3129 2212 1811 5537 2059 3795 4843 4613 4613 2574 2999 3003 4351 3492 3565 4381 4531 4263 3245 2591 2859 3129 3946 3961 3961 3308 3570 3570 3969 4325 4325 4450 4611 4611 2643 4108 4108 3956 3018 6120 6673 545 1239 5785 5283 5283 5274 4956 4831 4782 4584 4584 3595 1076 707 5554 5834 4052 3707 4037 4689 4291 3798 3655 3064 3064 3477 3869 1984 6052 5710 4814 4892 5239 5037 255 255 5612 3302 3210
