includes/gis/MODIS_ASCII/mod13q1_ndvi_2011_353.txt
ncols         829
nrows         925
xllcorner     164106.58989296
yllcorner     9637524.0094144
cellsize      264.9945474373
NODATA_value  -9999
[rows 608 to 645 of 925, columns 0 to 83 of 829]
-9999 -9999 -9999 -9999 -9999 -9999 -9999 -9999 -9999 -9999 675 995 1037 1193 934 950 294 911 928 1213 1531 1464 1869 1869 1749 2014 1900 4774 3676 4177 4512 4632 4632 5067 5551 6233 6438 4533 5096 5273 5273 6717 6748 6627 6708 6574 6538 6774 6774 6830 6134 6277 6358 5629 5874 5893 5893 5768 5457 5969 6711 6895 7197 7603 7603 7116 6765 7013 6735 6558 6236 5512 6752 6139 6089 6245 6440 6267 5858 5715 5994 6109 6413 6041
-9999 -9999 -9999 -9999 -9999 -9999 -9999 -9999 -9999 -9999 788 1186 1037 904 1085 1085 892 856 1006 1176 1931 1708 1678 1454 2249 2249 2470 4491 4374 4679 4527 4487 5561 6292 6292 6630 6694 6702 6784 6911 6814 6690 6690 6969 6837 6574 6662 7034 6575 6575 6469 6385 6901 6031 5899 5562 5504 5514 5457 5982 6915 6522 6796 7348 7284 7284 6856 6812 6675 6580 6707 6501 6702 6721 6496 6162 6316 6316 6075 5953 6551 6415 6438 6848
-9999 -9999 -9999 -9999 -9999 -9999 -9999 -9999 -9999 -9999 -9999 1186 1095 945 1169 1362 1230 1230 1006 1490 1696 1660 1951 1699 1836 4085 4085 4004 4616 5016 5092 4878 5453 6111 6059 6477 6625 6702 6641 6646 6360 6252 6861 6916 6837 6842 6741 6980 7266 6696 6696 6807 6142 5836 5501 5640 5871 5725 5583 6106 6638 6364 6645 7086 7280 7053 6841 6881 6684 6580 6638 6434 6800 6630 6936 6864 5659 5967 5750 5750 5984 6487 6669 6891
-9999 -9999 -9999 -9999 -9999 -9999 -9999 -9999 -9999 -9999 -9999 1092 1114 1011 932 1595 1325 1329 1215 1657 1750 1678 2000 2109 2000 1764 4853 4840 4840 5225 5092 5171 3800 3797 5906 6123 6625 6501 6616 6938 7067 6675 6532 7121 7194 6912 6788 6975 7132 6792 6106 6807 6148 5984 6090 5845 5871 5725 6044 6625 6087 6591 6619 6660 7169 7254 6882 7037 6455 6550 6550 6594 6559 6669 6782 7011 6568 5864 5940 5599 5648 5648 6669 6650
-9999 -9999 -9999 -9999 -9999 -9999 -9999 -9999 -9999 -9999 -9999 1276 1170 1149 1292 1467 1500 1329 1737 1630 1630 1630 1985 2109 2333 3223 4476 5326 5634 5225 5308 5278 3559 3797 5967 6225 6420 6420 6622 6807 7203 7118 7043 7121 7067 6938 7240 7310 6857 6446 6106 6718 6439 6559 6559 6382 6161 5894 6059 5701 6713 6591 6220 6551 6834 6958 6565 6558 6821 6945 7199 7010 7010 7197 7067 7011 6771 6052 5679 5851 6189 6505 6449 6725
-9999 -9999 -9999 -9999 -9999 -9999 -9999 -9999 -9999 -9999 -9999 1516 1428 1408 2007 1956 1510 1537 1813 1669 1687 2006 1985 2224 3384 3772 4766 5332 5634 5832 5832 5760 3559 3559 3918 4031 4373 4090 4686 5121 5752 7153 7043 7097 7529 7410 7262 7336 7093 6446 6183 6443 6237 6771 6377 6139 6139 6253 5994 5961 5977 6239 6455 6455 6858 7181 6343 6270 6821 6873 7162 6859 6876 6988 7067 6748 6721 6960 7115 6951 6990 6505 6569 6135
-9999 -9999 -9999 -9999 -9999 -9999 -9999 -9999 -9999 -9999 -9999 1620 1620 1904 1904 1956 1738 1602 1824 1828 1743 2006 3836 3836 4410 4212 5081 5272 5108 5113 5873 5953 3613 3821 3821 4395 4663 4090 4686 5450 5450 7351 7525 7623 7580 7379 7756 6947 7092 6785 6108 6044 6237 6696 6518 6256 6256 6330 6221 6268 6037 6667 6648 7201 7201 6986 6048 6270 6655 7100 7006 6686 6707 6491 7084 7084 7066 6896 6667 6686 6990 6634 6147 6266
-9999 -9999 -9999 -9999 -9999 -9999 -9999 -9999 -9999 -9999 -9999 1742 1638 1846 1842 1439 1439 1711 2007 1744 1794 2162 3508 4731 5419 5419 5507 5464 4702 4941 5935 5668 3789 3820 4210 4940 4940 5048 5258 7131 7365 7542 7542 7496 7605 7264 7059 7217 6336 6506 6578 6065 6282 7042 6878 6712 6554 6554 6456 6353 6037 6647 6594 6960 6448 5871 6048 6292 6674 7295 6933 6847 6918 6491 6666 7030 6932 6818 6548 6556 6283 5987 5434 5671
-9999 -9999 -9999 -9999 -9999 -9999 -9999 -9999 -9999 -9999 -9999 1588 1666 1846 1698 1742 1651 1651 1860 1602 1794 2979 4054 5254 5857 5892 5892 5464 5626 5358 6035 6049 3979 4290 4620 4893 5038 7112 7315 7242 7290 7334 7410 7410 7649 6876 7059 7604 6819 6484 6424 6688 6774 7042 6700 6448 6540 6429 6246 6246 6308 6984 6487 6355 6423 6276 6357 6859 6859 7114 7019 6827 6726 6570 6872 6955 7134 6867 6548 6287 6287 5918 5533 5945
-9999 -9999 -9999 -9999 -9999 -9999 -9999 -9999 -9999 -9999 -9999 1465 1474 1747 1833 1639 1678 1784 1712 1712 1691 2703 3725 5117 5929 5948 5945 5909 6238 6099 5982 5933 6325 6602 6517 6931 7101 7465 7698 7589 7021 6897 7073 7152 7296 6876 6852 7287 7345 6717 6672 6549 6489 6792 6840 7031 6536 6240 6292 6529 6410 6446 6427 6486 6418 6276 6625 6576 6819 6638 6748 6750 6845 6577 6759 6990 6966 6413 6595 6451 6008 5985 5985 6034
-9999 -9999 -9999 -9999 -9999 -9999 -9999 -9999 -9999 -9999 -9999 1835 2610 2091 1992 2061 1673 1839 1877 1788 1788 2019 4011 4975 6023 5941 5945 6184 5912 6197 6197 6102 6575 6904 6936 6973 7242 7573 7698 7685 6951 6685 6534 6991 7128 6853 6772 6766 6888 7290 6598 6384 6244 5952 5852 6479 6500 6339 6232 6529 5998 5998 6112 6346 6194 6378 6760 6570 6406 6392 6748 6645 6645 6493 6595 6606 6671 6411 6467 6310 6144 6015 5738 5085
-9999 -9999 -9999 -9999 -9999 -9999 -9999 -9999 -9999 -9999 -9999 1835 1937 2445 1961 1623 2857 1877 1961 2137 1773 1939 2762 4492 5345 5534 5556 5595 5948 6292 6474 5907 6327 6675 7072 7077 7372 7591 7612 7618 7593 7425 6921 7167 6806 7269 7008 6848 6873 7156 6724 6384 6378 6097 6175 6160 6306 6029 6232 6235 6002 6215 6048 5828 6108 6381 6562 6364 6027 6129 6219 6014 6387 6725 6404 6404 6396 6411 5875 5518 5349 5507 5265 5085
-9999 -9999 -9999 -9999 -9999 -9999 -9999 -9999 -9999 -9999 -9999 1976 1937 2244 2316 2015 2284 2098 1961 1970 1897 6383 6062 5876 6027 6173 5920 6106 6253 6642 6474 6622 6622 6814 6894 6927 7188 7591 7532 6624 6624 6768 7091 7616 6806 6991 7174 7174 6766 6859 6724 6382 6413 6518 6289 6817 6817 6547 6078 6079 6100 6344 6048 6109 6055 6055 6076 6349 6445 6305 6266 6281 6354 6186 6240 6298 6396 6406 6289 5304 4625 4975 5013 5080
-9999 -9999 -9999 -9999 -9999 -9999 -9999 -9999 -9999 -9999 -9999 2186 2190 2865 2583 2396 2256 2256 2113 1814 1378 3402 5641 5876 6164 6164 6294 6351 6424 6671 6659 6927 6881 6881 6929 7274 7635 7497 7572 7567 7374 7374 7108 7616 7534 6856 7151 7060 7084 7084 6853 7040 7037 7017 6785 6631 6737 6737 6420 6371 6225 6566 6237 6131 6090 6203 6265 6265 6576 6305 6486 6120 6130 6085 6021 6298 5846 5517 5517 4638 4283 4478 5013 5020
-9999 -9999 -9999 -9999 -9999 -9999 -9999 -9999 -9999 -9999 -9999 2483 2227 2658 2561 2396 2436 2546 2546 1790 2018 4231 5641 5844 6018 6120 6306 6306 6414 6368 6893 7057 7411 7535 7535 7512 7635 7662 7509 7368 7607 7709 7568 7296 7693 7345 6816 6971 6947 6963 7014 7014 6990 6877 6999 6504 6310 6221 6368 6368 6214 6683 6237 6266 6387 6122 6089 6342 6860 6860 6420 6565 6716 6652 6138 5925 5823 5631 4894 4237 4237 4478 5181 4932
-9999 -9999 -9999 -9999 -9999 -9999 -9999 -9999 -9999 -9999 -9999 2422 2422 2822 2561 2341 2187 1844 1956 3875 3875 5372 5828 6050 6260 6408 6542 6693 6693 6368 7051 7089 7394 7779 7768 7328 7328 7367 7716 7587 7655 7709 7521 7428 7428 7442 7581 6905 6723 6951 6903 7044 7231 7231 7191 6422 6007 6107 6465 6342 6708 6708 6334 6449 6501 6311 6450 6475 6432 6187 6314 6838 6417 6250 6138 5974 5921 6065 5783 5340 5025 4641 4780 4780
-9999 -9999 -9999 -9999 -9999 -9999 -9999 -9999 -9999 -9999 -9999 2715 2688 2566 2677 2286 1917 2070 3615 4363 4854 5372 5837 6054 6222 6517 6691 6749 6846 6846 7193 7068 6978 7466 6916 6726 6808 6533 7579 7529 7747 7747 7569 7564 7452 7400 7400 6905 6738 7138 7196 7022 7006 6875 7191 6462 6434 6530 6600 6865 6824 6403 6403 6756 6509 6509 6446 6475 6409 6541 6553 6089 6089 5853 5988 5788 5704 5680 5451 4992 5364 5103 5075 5000
-9999 -9999 -9999 -9999 -9999 -9999 -9999 -9999 -9999 -9999 -9999 2395 2841 2571 2468 2448 1489 2893 4505 4475 5329 5166 5398 6058 6497 6745 6758 6749 6843 7190 7384 7531 7764 7633 6823 7105 7105 7261 7547 7155 7609 7810 7733 7440 7651 7587 7471 7172 7064 7246 7236 7074 6934 6697 6612 6204 6030 6043 6446 6712 6368 6540 6808 7191 6377 6443 6446 6499 6474 6241 6010 5933 6344 6257 6133 6210 6210 6164 5506 4992 4722 5210 5178 4591
-9999 -9999 -9999 -9999 -9999 -9999 -9999 -9999 -9999 -9999 -9999 2378 2699 2571 2093 2267 2267 3956 4731 4475 4834 5486 5711 5945 6430 6770 6982 6660 6812 6825 7267 7880 7783 8085 7608 7609 7426 7261 7742 7155 7207 7399 7860 7732 7651 7587 7511 7660 7382 7249 7191 7011 7151 6697 6809 6192 5963 6299 6323 6322 6368 6538 6826 7230 6163 5841 5907 6111 6294 5990 5816 5726 6025 5624 5409 5326 5633 5446 5506 5003 4485 4559 4771 4740
-9999 -9999 -9999 -9999 -9999 -9999 -9999 -9999 -9999 -9999 -9999 2234 2699 2505 2611 3346 4298 4449 4731 4661 4629 5038 5671 6134 6597 6977 6977 7160 7279 7439 7572 6294 6839 7249 7429 7668 7426 7500 7452 7091 7345 7345 7875 7703 7703 7651 7784 7670 7521 7521 7288 7013 7151 6871 7010 6747 7139 6530 6530 5982 6268 6421 5932 6110 6163 6188 5927 6340 6340 6533 6656 5726 6296 6324 6193 6240 6113 5591 4661 4661 4735 5088 5021 4978
-9999 -9999 -9999 -9999 -9999 -9999 -9999 -9999 -9999 -9999 -9999 2474 2575 2558 2371 5439 4222 4227 4484 4484 4629 4913 5195 5798 6302 6506 6615 6615 7173 7690 7640 7290 7454 7454 7332 7668 7370 7178 7452 7323 7450 7642 7642 7824 7756 7756 7664 7585 7464 7626 7626 7013 6960 6644 6561 6573 6433 6572 6264 5928 6151 6151 6752 5911 6090 5992 6143 6329 6346 6468 6468 6885 7007 6858 6458 5563 5560 5591 5092 4524 4692 5555 5675 4978
-9999 -9999 -9999 -9999 -9999 -9999 -9999 -9999 -9999 -9999 -9999 2489 2444 2386 3440 4905 4052 3866 3866 4285 4453 4865 5130 5554 6225 6718 7143 7454 7454 7611 7825 7025 7196 7270 7332 7377 7459 7624 7595 7543 7460 7478 7539 7755 7601 7535 7535 7336 7631 7442 7434 7708 7708 7487 7228 7295 6433 6572 6160 6220 5974 6568 6286 6286 5357 5797 6505 6872 6956 7146 6926 6926 6937 6355 6413 6011 5560 5277 5227 5378 5703 4990 4990 5224
-9999 -9999 -9999 -9999 -9999 -9999 -9999 -9999 -9999 -9999 -9999 2489 2093 2102 4357 3951 4338 4056 4127 4264 4264 4811 5090 5282 6809 6759 7120 7407 7634 7634 7825 7089 7451 7270 7498 7498 7515 7597 7506 7650 7579 7579 7530 7549 7657 7636 7383 7589 7457 7479 7495 7701 7566 6946 6946 6602 6924 6777 6518 6287 6243 6451 5896 6464 6464 5965 6455 6939 7107 7146 6717 6334 6035 6040 6144 5979 5778 5631 5754 5844 5038 5299 5249 5058
-9999 -9999 -9999 -9999 -9999 -9999 -9999 -9999 -9999 -9999 -9999 2510 1781 1720 3791 4685 3817 4079 4414 4583 4765 4765 5090 5479 6627 7025 7086 7258 7258 7546 7841 7946 7451 7661 7626 7406 7406 7244 7099 7650 7624 7622 7622 7852 7854 7749 7463 7463 7445 7446 7238 7185 7283 6954 6462 6462 7125 7063 7272 6599 6401 5613 5896 5820 6459 6407 6578 6439 6380 7091 6451 6378 6529 6605 6507 5979 6083 6177 5026 5288 5477 5781 5541 5110
-9999 -9999 -9999 -9999 -9999 -9999 -9999 -9999 -9999 -9999 -9999 2577 1716 4567 4567 4685 4346 4493 4428 4382 4359 5054 5082 6164 7080 7309 7624 7405 7385 7546 7815 8059 7464 6640 7009 7683 7796 7796 7099 7958 7840 7909 7974 8120 7882 7352 7080 7320 7320 7246 6894 6951 7031 7243 7121 6774 6774 7298 7331 7289 6289 5657 5415 6134 6028 7192 6338 6611 6380 6038 6541 7010 7166 6623 5957 5985 5817 5560 5560 5327 5865 5526 5698 5707
-9999 -9999 -9999 -9999 -9999 -9999 -9999 -9999 -9999 -9999 -9999 2338 1365 3753 4366 4874 4529 4543 4519 4548 4682 5054 6527 6984 7162 7285 7570 7686 7853 7639 7639 7902 7481 6972 7227 7102 7573 7376 7343 7343 7895 7928 7957 8066 7604 6875 6875 7320 7746 7507 7193 7043 7077 7173 7332 7126 7238 7267 7582 7370 6554 5657 6115 6221 5695 6417 7042 6611 6711 6402 6853 7069 6853 6359 6145 6428 6442 6353 6472 6576 5865 6173 5894 5321
-9999 -9999 -9999 -9999 -9999 -9999 -9999 -9999 -9999 -9999 -9999 2248 1129 5185 4366 4228 4295 4436 4598 4574 4682 5230 6166 6820 7210 7455 7570 7713 7938 8050 7958 7889 7960 6833 7207 7194 7070 7486 7769 7884 8017 7914 7957 7964 7850 7675 6963 6963 7328 7615 7259 6892 7335 7173 7332 7564 7678 7639 7526 6578 6554 6154 6230 6706 6626 6575 7449 7500 7152 6652 6548 6548 6994 6957 6625 6541 6111 5108 5496 5467 6148 6266 6106 5327
-9999 -9999 -9999 -9999 -9999 -9999 -9999 -9999 -9999 -9999 -9999 2277 1801 2534 4370 4409 4207 4341 4534 4574 4830 5335 6109 6674 7051 7362 7629 7825 7961 8124 8291 7369 8096 7841 7699 7396 7293 7557 7917 7969 8142 7914 7873 7889 7759 7600 7414 7286 7564 7791 7607 7164 7335 7502 7409 7585 7669 7681 8127 6578 6269 6481 6609 7256 7114 7269 7235 7165 6909 7026 6939 7340 7431 7457 6817 6678 6301 6125 6031 5467 5201 5621 5763 5763
-9999 -9999 -9999 -9999 -9999 -9999 -9999 -9999 -9999 -9999 -9999 2260 3780 2534 4514 4496 4039 4583 4603 4601 5040 6265 6333 6392 6661 7516 7795 8053 8053 8216 8296 7721 6760 7496 7735 7812 7812 7761 7902 8044 8142 8201 8201 8277 8321 7600 7602 7285 7342 7757 7729 7164 7385 7627 7715 7876 7980 7832 7010 6602 6239 6239 6856 7297 7114 7269 7048 6766 6541 6665 7228 7465 7431 7342 7073 7090 6554 5960 6031 5692 5310 5224 5561 5564
-9999 -9999 -9999 -9999 -9999 -9999 -9999 -9999 -9999 -9999 -9999 2858 3780 4547 4836 4521 4266 3801 4403 5617 6329 6329 6655 6990 7275 6364 6744 7970 8208 8208 8175 7339 7339 7836 7834 7868 8061 8061 8191 8044 8188 8091 8106 8145 8321 8155 7637 7060 7594 7756 7858 7458 7620 7579 7884 7883 7945 7832 7493 7109 6804 6756 6115 6115 6984 6576 7156 7038 6583 6665 7195 6630 6876 6750 6826 6382 6382 5960 5636 5829 5307 5013 5118 5254
-9999 -9999 -9999 -9999 -9999 -9999 -9999 -9999 -9999 -9999 -9999 1582 4753 4520 4279 3843 4149 4330 4606 5404 6306 6670 6857 6857 7275 6658 6918 8116 8202 8159 8175 7454 7683 7683 7885 8055 7890 8048 8191 8203 8191 8044 7864 8018 7950 7986 8139 7823 8016 7743 7853 7679 7736 7736 8217 7897 7901 7901 7569 7171 6827 6601 6474 5884 5884 6344 6922 6491 6583 6685 6545 6388 6667 6590 6590 6724 5229 5229 5565 5773 5264 5405 5427 5869
-9999 -9999 -9999 -9999 -9999 -9999 -9999 -9999 -9999 -9999 -9999 2115 2968 4834 5819 4460 4460 4488 4746 5631 6102 6628 6967 7258 7258 7539 7219 7200 7107 7544 7383 7520 7393 7503 7682 7963 8165 8048 8268 8302 8302 8244 7736 7641 7794 8159 8159 8117 7894 7743 7815 8056 8133 8119 8119 7797 7901 8099 8008 7667 7584 7253 6474 6909 6979 6909 6791 6661 6138 6473 6628 7143 7260 6974 6699 6724 6041 5416 5719 5921 5870 5172 5504 5772
-9999 -9999 -9999 -9999 -9999 -9999 -9999 -9999 -9999 -9999 -9999 2363 3948 5368 5384 4407 4342 4342 5284 5468 5558 6069 6967 7483 7724 7724 7123 7473 7239 6872 7295 7586 7525 7382 7607 7876 8165 8165 7739 7813 7727 7708 8142 8062 7921 8032 7967 7967 8044 7851 7836 8251 8300 8025 8392 8025 8025 8155 7990 8516 8148 7822 7332 7320 7787 7992 7352 6661 6728 6692 6641 6719 6871 6841 6900 6783 6578 6569 6542 6542 6255 5469 5008 4548
-9999 -9999 -9999 -9999 -9999 -9999 -9999 -9999 -9999 -9999 -9999 1989 3274 5583 5637 4477 5221 3948 4913 4913 5115 4755 5698 6357 7763 7961 7500 7601 7239 7092 7449 7567 7567 7484 7891 7856 7729 7692 8122 8087 8147 8064 8170 8270 8185 8866 8031 8194 8044 8131 8300 8473 8562 8528 8392 8441 8296 8263 8263 7669 7552 7822 7579 7467 7604 7388 6993 7100 6518 6518 7451 7451 7452 7143 7166 6450 6005 6313 6465 6311 6255 5412 5202 5190
-9999 -9999 -9999 -9999 -9999 -9999 -9999 -9999 -9999 -9999 -9999 4532 4532 5217 5173 4477 5248 4276 4796 5130 5115 5321 6022 6563 7927 8072 7663 7601 7705 7842 7923 7868 8053 7956 7607 7795 7521 7066 7056 8065 8167 8308 8466 8472 8496 9221 8434 8194 8268 8268 8410 8564 8696 8737 8450 8753 8737 8234 7639 7814 7552 7752 7352 7580 7620 7264 7395 7190 7330 7439 7462 7455 7244 7244 7295 7086 6283 6376 6500 6311 5494 5627 5627 5541
-9999 -9999 -9999 -9999 -9999 -9999 -9999 -9999 -9999 -9999 -9999 3615 4434 5095 5095 5479 5259 4068 5016 5130 5130 5547 6418 6927 7211 7526 7741 6904 7139 7139 7490 7697 7720 7956 8043 8107 8009 7829 7791 7768 7965 8185 8292 8419 8446 9600 8663 8059 8272 8582 8582 8556 8732 8737 8778 8809 8629 8282 7733 7617 7506 7827 7568 7368 7368 7658 7395 7394 7006 7532 7707 7744 7491 7372 7188 7188 6694 6904 6600 6736 6522 5776 5006 4968
-9999 -9999 -9999 -9999 -9999 -9999 -9999 -9999 -9999 -9999 -9999 4517 4839 4855 5008 5008 4976 3709 4333 5585 6321 6321 5950 6775 7255 7257 7328 7353 7321 7287 7287 7697 7720 7811 8204 8134 8134 8139 7791 7768 7985 8188 8104 7879 8165 9305 8663 8365 8244 8309 8541 8787 8732 8947 8801 8714 8748 8686 8560 8373 8031 7594 7923 8048 7767 7658 7722 7430 6926 7463 7475 7744 7425 7406 7242 7047 6992 6904 6796 6546 6241 6091 5859 4969
-9999 -9999 -9999 -9999 -9999 -9999 -9999 -9999 -9999 -9999 -9999 4744 5417 3925 4070 4399 4958 5179 5922 6807 6182 6523 6945 7028 7028 6977 6984 7073 7154 7428 7147 7147 7269 7298 7709 8077 8131 8139 8190 8196 8383 8155 8129 8497 8401 8218 8339 8383 8497 8668 8652 8817 8877 8569 8694 9062 9081 9024 8560 8595 8358 8141 8367 7700 7142 7493 7722 7722 7286 7536 7475 7608 7411 7331 7287 7075 6547 6808 6750 6585 5957 5583 5681 5036
