includes/gis/MODIS_ASCII/mod13q1_ndvi_2016_145.txt
ncols         829
nrows         925
xllcorner     164106.58989296
yllcorner     9637524.0094144
cellsize      264.9945474373
NODATA_value  -9999
[rows 444 to 480 of 925, columns 588 to 671 of 829]
6583 6148 6056 6917 6917 5990 5458 5488 5726 4582 6429 6504 7034 6070 5884 3389 3678 3721 3381 3381 4163 4911 4911 4474 2738 2341 2106 1570 3302 3302 3239 3623 3432 4186 3414 2711 2711 3548 3180 1233 1438 1438 1739 1779 2761 2728 2802 2504 3246 4062 4163 4163 3333 1225 1225 1225 1240 1834 1834 3456 1838 3863 6096 2382 2382 6003 6780 2591 901 901 1368 1368 3880 3880 5612 4303 4326 4326 3912 4963 4963 4193 5172 4470
3990 5170 6943 6861 6494 6494 5332 5524 5696 4582 5238 5073 6005 6543 4495 4495 3481 4900 4808 4645 3931 4823 5803 4840 4180 2341 2106 2106 1081 3302 3473 3106 2645 1966 1618 1966 2465 1994 1994 1405 1920 2524 2524 2692 4662 4479 3051 3939 4040 3364 3634 3449 3333 3206 1225 1225 882 882 882 549 3986 4741 5452 1637 1637 6622 7113 2591 1038 1038 1936 1517 3047 2423 3662 4327 4327 5220 4963 3874 3874 4963 4751 4470
3798 4308 5722 7007 7356 6435 6435 5935 5696 5690 6592 5850 5477 5280 4672 3711 3711 4883 5393 6402 6402 5532 5000 5000 4180 3952 3513 3479 3679 4036 4090 3153 1895 1804 1719 1862 1660 1997 1994 1779 2006 2317 4247 4247 4662 4479 4422 4144 3287 3184 3522 3449 3449 3377 1235 1235 1785 882 882 549 3986 4006 4417 1301 1637 6355 5775 5286 3308 2473 2473 2729 3173 3530 3076 3175 4327 4327 4929 4138 4138 5743 5743 4791
5072 4308 9124 6258 6142 5887 5581 5935 5859 5372 6531 6531 6683 6113 4672 5494 3959 4975 4681 6791 7426 4546 7073 4864 4864 4960 4689 3529 3679 3929 3143 3072 2111 2127 2139 1719 1767 1437 1767 1763 2441 3870 4396 4247 5364 4262 3772 3093 3093 2949 3522 4065 3946 3946 1127 1874 697 582 1241 1978 3602 3756 3275 4148 4950 4066 4066 4066 4544 5495 4972 2482 4298 4538 5910 5074 5074 5074 4929 4929 4929 3737 4734 5211
5072 5072 7760 7135 5843 5670 5581 5581 5175 4714 5271 4948 4948 6113 5128 3399 4568 5105 6220 6220 6225 6517 4546 5657 5657 4252 4252 3529 3010 3242 2539 2290 3065 3018 1780 1426 1540 1793 1973 2579 2934 1571 4041 3731 3512 3102 2677 2910 3130 2949 3582 4103 4827 6777 854 1435 2097 4162 1040 1875 2077 3020 3275 3275 3217 3286 3625 3625 3183 6131 4972 4636 4636 3934 5910 5074 5074 5074 5294 5294 5294 4355 4705 5211
4205 4205 6650 6782 6233 5670 5250 4877 4877 5117 4608 5426 5194 5194 5747 4572 5105 5105 6306 6306 6323 6517 6517 2771 2771 3612 3899 3899 4183 3542 2827 2252 2252 3018 3148 3393 2941 2941 3243 3031 1523 1571 1557 3843 3720 3338 2539 2901 3130 3183 2859 3210 3680 2861 1649 2217 2832 3825 1160 1941 2044 2044 3111 3381 3381 3089 3685 4248 4248 6131 5454 5323 4930 4930 6565 5739 4989 3944 4395 4421 3579 3536 3911 5660
2866 8562 4756 3478 6788 6730 6730 6042 6288 6309 6309 3682 4839 4740 4523 4485 4821 5309 3087 2071 2085 7877 6786 6786 6786 3612 3899 3899 4183 3030 5804 5757 6538 4276 3636 2999 3333 3333 3475 2956 1560 1800 1800 3255 3581 4183 2891 3144 3130 2981 2563 2400 2400 3954 2659 2383 2817 3736 4530 3084 2715 4775 3048 2470 2399 2393 2435 4482 4207 4838 5841 5797 5506 5506 6565 5739 4989 4896 4672 4874 3854 3114 3174 5716
4506 5359 2992 3478 6444 6409 6409 5579 6172 5879 6309 3625 5137 5137 5661 4928 5619 5635 1895 1895 1617 7175 6610 4839 6525 3420 551 551 5703 5703 4006 985 3760 1086 1292 2991 2991 3719 3719 3077 2671 2284 2206 2206 3498 3498 2886 2973 2973 2905 2246 2072 2328 2328 2287 2466 2793 3153 3153 3084 2323 2258 2288 2111 1885 1950 2435 4482 4207 4804 5390 5475 5360 5156 4650 3776 2685 3938 3938 5039 4973 4560 5972 5655
4891 4891 2992 4049 5326 7233 5110 5805 6931 5879 3133 7488 6487 4240 4240 4088 5619 5635 4616 4855 4795 8601 6610 6610 3993 3993 320 395 5703 5703 7287 1763 4734 2314 1350 1478 1011 3026 3026 3077 2764 2504 2863 2721 2301 2230 2529 2437 2769 3003 2826 2072 1783 2046 2046 2996 3262 3862 2302 2302 5357 4449 1516 1862 1575 888 1475 3910 3865 3633 3384 4756 5486 5156 4759 5217 5730 3863 4939 5385 5087 5187 4922 5811
4962 4302 4302 3287 3871 7233 5110 5805 6931 8187 3644 5790 5790 7830 7348 7348 5894 6212 8369 -9999 -9999 6730 5736 5736 5321 3781 4401 4401 4863 4863 4684 4047 -9999 1956 1675 1478 1011 3117 3026 2968 2968 2322 2863 2721 2288 2288 2205 2477 2791 3003 2826 2719 2281 2337 2337 2693 3276 3862 1890 4175 5357 4449 1516 2336 2539 888 888 3746 3639 3199 3648 3925 4354 5233 4684 4612 3415 4380 4752 4085 4199 4911 4151 3658
4962 4303 2316 3067 6885 9232 5087 7199 7262 -9999 -9999 6298 6664 6452 3400 4219 4280 4280 4280 6231 6501 6501 4712 5942 5506 3451 4122 4122 2280 2280 2196 2196 2928 3494 3494 3494 3117 3502 3502 3127 3987 2322 2719 2656 2504 2418 2418 2708 2791 3261 3261 3447 3033 2973 2339 2693 3276 3626 1890 4175 4175 4050 571 1768 1768 6569 1961 2443 2443 2921 3648 2850 2996 2996 3453 3453 5822 3340 3252 3740 5143 5208 5037 5194
4764 5839 5798 5798 8298 8298 5077 6864 8987 -9999 -9999 7328 6664 7104 2321 3334 7235 7141 6706 5951 4144 5181 5942 5942 5942 2913 4288 4288 2280 2280 2196 1950 2620 2620 3168 3184 3184 3481 3487 3487 3987 2414 2557 2518 2586 2929 2929 3482 3059 3356 3833 3833 2831 2581 1567 2485 2604 2960 687 1517 3526 3901 1170 1906 3578 2935 2935 3344 3219 2921 2503 1833 1951 1409 3166 3166 5822 3272 2975 4132 5100 4604 4994 6276
6546 7244 5990 6253 6253 2383 5469 6600 6600 6851 6968 7637 7717 7491 7491 6224 6112 5553 6706 4738 3479 5591 5591 5524 5524 2913 3355 3475 3347 2523 3765 3441 2844 2844 3168 3168 3481 3481 3481 1533 3363 3090 3460 3460 3727 3411 3944 3482 3711 3319 3075 3075 1331 2306 5086 5530 1032 2527 687 687 6358 6218 6292 2024 2066 2935 2624 3344 3666 3583 2633 2475 2469 2469 810 1412 1914 3825 3669 4237 4158 3858 4994 4994
7305 6683 5464 6611 5928 2440 3197 6682 6780 6939 6893 6849 6621 6850 6850 4584 3809 5553 6985 5871 5179 2417 2380 2210 3982 5651 5651 4336 3538 3538 3637 3058 3162 2844 2532 2646 2593 2593 2672 1533 2311 2149 3697 3460 4004 3382 3606 3857 3857 1568 1280 1229 1229 1418 2991 1455 4305 4305 1354 1354 1797 1797 3630 3598 3105 2582 2867 2867 3367 2498 2381 2894 2471 2471 810 810 1914 3011 2208 4239 4191 3858 4685 5238
5315 5315 3153 3153 3757 3732 4977 7012 6954 6939 6787 6787 6220 6379 6311 6311 3809 4089 3723 5871 5179 3660 1971 2210 3164 5523 5248 3780 3780 3538 2898 2898 3389 2580 2357 2357 2593 4166 1720 2672 1903 2672 3835 3849 3742 2895 3232 3230 3293 1889 2119 1778 1925 1093 1715 2022 4305 5139 1354 1516 1157 2505 7289 7204 6235 2582 2921 2921 3272 2280 2563 1894 3960 4355 2175 1552 3877 3877 3651 3554 4191 3534 4050 5218
4635 5315 6044 6480 6307 5867 5867 6509 6954 7607 6837 6837 5907 5843 6261 6352 6352 5987 5205 3698 4450 2655 1971 5233 5233 5523 5523 4187 3660 3660 2898 2898 2670 2679 2809 3028 3093 3093 3093 2545 2545 2908 2900 3849 2822 2822 2977 3787 3796 1889 2119 1794 839 1925 1925 3447 3450 3288 1888 1888 540 929 4989 3935 3935 3509 3509 3270 3765 3231 3845 1589 3049 4567 4718 3662 3875 3875 3338 3197 3479 3479 3741 4520
4635 5827 5827 6650 6074 6624 6944 6509 6841 7094 7112 6603 6603 5596 6261 6252 5701 5701 4361 4018 5446 2655 1542 5233 5057 5057 5037 4187 3571 3326 4236 4019 4019 3529 3529 3028 2967 2967 2828 2694 3380 3380 2900 2680 2531 2531 2585 3492 2897 2650 2650 2402 1514 3512 3447 3447 3450 3288 1673 448 448 826 3963 7176 1233 3333 3443 3443 3345 2629 3088 4600 4067 4067 4452 4452 4238 4237 3910 3808 4116 4484 4484 5391
2416 4790 5183 5183 5997 6664 6944 6944 6807 6987 5605 4586 4965 5596 5991 5829 4911 4911 2943 2943 5525 4180 3489 5362 5474 5474 5131 3500 3661 3527 4679 4679 4236 4406 4406 3791 2594 2967 2967 2089 2192 3157 2879 2891 3388 3550 3575 3575 3575 4065 3754 1491 2424 2343 2691 5454 -9999 -9999 1453 1453 1896 1152 3963 7754 4770 7016 3758 2904 2763 3040 3040 3665 3106 3106 1874 1789 4238 4237 2850 3840 4085 4681 4401 4787
1644 3121 5268 7747 7747 7117 6248 6570 6570 6848 4672 3974 4965 5405 5901 5874 4831 3933 4546 4546 5224 4768 5058 4974 4974 5430 5430 3889 4292 3865 4594 4147 4147 4406 4406 3192 3192 2594 2594 2192 2192 3056 2548 2750 3550 3550 3550 3575 3564 2981 2981 1819 2080 2211 2691 2549 2549 -9999 961 2924 2890 2890 3866 5963 3432 4770 2845 1736 1736 3164 4781 4924 1208 662 662 1789 3258 3602 2908 3464 3474 3984 4401 5495
3572 4269 4785 5499 2110 6470 5042 6268 6206 6206 4240 3974 4916 5694 5694 5378 4109 3844 4820 5699 5269 4910 4533 4019 4974 5430 5430 3794 4135 4135 4594 4147 4147 4416 4416 4048 3316 3316 3316 3007 3007 3007 2272 2861 3112 1970 2076 2076 2076 2639 3172 3172 3172 3491 3357 3357 3357 2127 2592 2924 3800 3800 3866 4617 2781 4388 2100 1807 1807 5168 3982 3856 2255 1613 3106 1674 1781 3313 3135 3135 2929 3984 2167 4937
2618 3366 4785 5499 3407 3093 3571 4803 3355 3684 3684 4214 4530 5928 5270 5270 4109 4408 4961 5446 4547 4942 4121 4019 3681 3681 3527 3413 3599 3744 4184 4842 4842 4416 4416 4040 4040 3316 3316 3353 3097 3097 3183 3183 2856 1970 1970 2250 3009 3009 3620 2362 2820 3977 3977 3482 2793 3335 2592 2986 4545 4545 2036 2036 4617 3378 3378 2100 2100 8890 3281 3345 1749 2128 4544 4544 1932 2419 2619 3566 2929 3160 2288 4508
3261 3418 3819 3819 6284 4793 5048 4721 3355 3308 3529 3529 3764 4465 5131 4954 4954 4906 4703 4624 3963 4391 4121 3697 3324 3135 3135 2674 3714 3744 3744 4201 5152 5152 4844 4758 4100 4100 4100 3353 3353 3280 3534 2631 2631 2785 3130 3144 3539 2977 3620 2952 2950 4151 4656 3091 2931 3335 3335 3395 4900 4545 782 691 3835 3835 3111 3111 3111 4481 1597 3548 2872 2781 3679 2450 3161 1638 2982 3566 3566 3506 3566 3566
4078 4078 4443 4131 2475 4133 2951 3422 3422 4506 3693 2148 2148 4308 4373 4373 4124 4124 3808 4670 4789 4391 4021 3996 3239 2995 3197 3197 3714 4365 5493 5493 4982 5050 5050 4758 3518 4379 4379 3021 3371 3371 3568 2457 2862 2862 3557 3126 3213 3096 3025 2586 3165 4656 4656 4656 4269 3700 3945 3945 5029 5029 5029 4252 691 3204 3204 3204 3111 3816 1597 2811 4240 3517 3679 3589 3161 2856 3007 2502 2566 3111 3111 3111
3983 3983 3583 3587 1967 3668 2163 3100 3100 5904 3693 1488 1474 4308 4660 4660 4700 4700 3901 4169 4258 3672 3672 3935 3399 3612 3645 3197 3533 2279 1451 2313 4592 1498 5940 5649 2580 4379 4379 2934 3803 3371 2787 2812 3392 3458 3458 3233 3213 3096 2785 2729 3800 4768 4768 4499 4499 3558 3907 4044 5114 5114 4454 4454 711 2908 3069 3069 3069 3816 2491 2137 2167 3129 3129 3578 3578 3578 3238 2873 2793 2815 3111 3111
4075 3628 3583 3587 3587 3555 3193 4039 4039 4421 4421 3816 4357 4360 4714 4714 4508 3521 3653 4242 4258 3655 3863 3863 3759 3870 3999 4331 4172 3509 2812 4241 4111 4111 4299 4299 4217 3875 3738 3738 3597 3597 3738 4041 4041 3762 3788 3788 3283 3453 3402 3402 2490 3170 3564 3378 3378 3468 3954 4353 4862 4862 1007 903 4047 2908 1987 3202 3202 2046 2046 2090 2172 3352 3129 3689 3509 3509 4014 3078 3143 3127 3127 3127
4075 3628 3628 3387 3387 3645 3902 3921 4691 5244 5244 4000 4261 4149 3869 4508 4508 3723 4697 4242 4977 4192 4134 4597 3809 3959 3687 3847 3865 4571 4321 4241 4445 4445 3928 4036 3875 3875 3875 3875 3597 3597 3455 3168 3168 3168 3471 3471 3525 3519 3381 3102 2151 3170 3609 3818 3717 3717 4133 5288 2740 2216 3657 3657 3863 2817 2817 3504 3504 2393 2430 2430 3478 3478 3739 4181 4338 4338 5698 5698 4936 3157 3157 3157
3344 3898 4081 4081 4552 4805 3510 3921 5140 5140 4285 4009 4009 3101 2929 3913 3913 4848 5005 4528 5277 4275 4303 4597 4509 4509 3651 3016 3782 4619 4321 3455 4168 4168 4370 3928 3933 3933 3801 3801 3085 3085 3085 3168 1765 3552 3443 2909 2909 3307 4095 4095 4023 2689 3553 4023 4124 4124 4115 4245 5343 4673 3657 3657 3863 3000 2980 3644 3644 3584 4327 4392 4392 3588 3739 3739 3535 4181 5720 5720 3640 4610 3446 3553
2879 4043 4944 4944 5164 4144 3510 4022 4092 3286 3437 3699 3699 3340 2988 4210 4210 4959 3788 3788 4012 4012 4303 4840 4964 4771 4771 3500 3791 4181 3997 3997 3822 4251 4396 4420 3933 3933 3933 3801 3085 3085 2847 2514 1765 3228 3491 3148 3294 4306 4306 3722 3803 4000 4000 3864 3342 3633 4049 4168 4791 5237 5647 5647 5647 3517 3669 2918 3065 3065 3150 3150 4023 3076 2496 2631 2631 3739 4238 5087 3109 5461 4405 4323
3068 4723 4315 5305 5227 4244 3279 3620 3544 3286 3286 4163 4163 4275 3884 4210 4959 4959 3788 3788 4317 3822 3846 3967 3602 4271 4271 3596 3085 3840 3849 3997 4976 5086 5045 5034 7239 3943 3864 3685 3685 3387 2818 3926 3941 3941 4461 4461 4461 4306 4306 3948 4087 3934 3934 4419 3342 3633 4050 4050 4533 4664 5647 5647 5647 2647 2296 2647 1341 1341 3150 4487 4487 3075 3075 2311 2311 3741 3593 3593 3071 4873 3672 3501
3456 3456 4907 4907 4658 4285 3894 3693 3324 3325 3325 3826 3797 3797 3884 4706 5059 5064 5064 5064 4297 3822 4036 4245 3804 3563 3721 3721 3085 3486 3852 3852 3849 5201 5379 5034 4148 4053 5178 3706 4546 4135 3712 3660 3941 3941 2458 3132 3118 4923 4454 4183 4072 4516 4426 4419 4484 4669 4375 4278 5443 5833 4834 4834 4834 2463 1832 4560 3240 1341 1409 3165 2647 2710 4358 4358 4353 3892 2972 3494 2616 3303 3303 3147
5266 4544 3588 3588 5230 4382 3355 3355 3394 3383 3383 4036 3797 3797 3549 4526 5775 5064 5064 5064 4297 4188 4202 4234 4154 5221 4799 3128 3128 3486 3852 3852 5347 5539 5539 5539 5539 5455 5172 3553 4546 4590 4590 4400 4121 4204 2090 2560 1998 4660 4454 4107 3760 3057 4426 4152 4152 4187 4412 3839 3839 5833 4341 4341 4341 2463 2276 4461 3240 2188 2188 3127 3268 2474 2572 3098 4153 3368 4510 2930 4224 3603 3303 2979
4147 3264 3550 3518 3518 2951 2951 3563 3463 3463 3428 4036 4381 4381 4493 5047 5775 5711 5711 5711 4879 3877 3689 4238 4580 4704 4799 2469 1716 5499 5347 5347 5347 5403 5403 5403 5552 5455 5455 4831 4831 4581 4543 4543 3924 3921 4315 4315 4315 4579 5020 3535 3613 3057 3527 3758 3758 4078 4533 4165 2949 2949 4173 3945 3805 3759 3687 3376 3376 3376 3376 4617 2424 3193 2888 2888 2433 3117 4413 4510 2956 3603 3130 3130
3820 3264 3712 3761 3761 3762 3496 3496 3220 3220 2957 3598 4455 4455 4193 4421 5744 5711 5711 5711 5284 4905 3772 2937 2882 2882 3809 3050 3360 4536 4902 4902 5537 5537 5403 5403 5552 5552 5552 4831 4831 4027 3784 3784 3299 3921 4440 4497 4497 4395 4345 3020 3613 2858 3429 3595 3973 3973 4128 4165 3972 4083 4083 3958 3913 3680 3808 4000 4547 4547 4664 2827 2424 4322 2303 2431 2462 3117 4310 4310 3354 3427 3517 3691
3820 3828 3828 3365 3365 3711 4222 3496 4323 3820 2957 3428 4665 4757 4757 5760 6133 6076 5478 5270 4752 4752 3788 4004 3492 3492 3450 4283 4402 4536 4902 4902 5537 5537 5537 5537 5746 5746 5552 4344 4344 3519 3567 3877 3877 3984 4169 4107 4107 4371 4528 4544 3116 3116 2854 3385 4564 4439 4648 4006 3932 4057 3989 3989 3913 3680 3546 3930 4160 4547 4829 2827 2827 3493 2307 2327 2508 3063 3597 3594 3761 2881 3382 3827
4160 4185 4185 3394 3394 3711 4222 4222 4733 3820 5096 5399 5399 5220 5220 5769 4665 4084 3835 3958 3696 3345 3788 4756 3761 4172 4172 4278 3584 4748 4651 4651 5597 5597 5537 5537 5746 5746 5746 4344 4344 1526 1762 3565 4787 4861 4748 4149 4555 4555 4498 4817 4628 3851 3851 4373 4564 4439 4490 4490 4333 4198 4225 3989 4113 4233 3882 3913 3913 3625 3719 5784 6276 3418 3006 2811 2508 2263 2794 2418 5787 2876 3647 3990
4062 3984 4185 3394 3510 3157 4729 4269 4456 5099 5876 5210 5210 4896 4896 4906 3956 3956 3789 4308 4411 3345 3345 4137 3213 3314 3529 3529 3584 4722 4651 4651 5597 5597 5597 5597 5513 5513 5165 5197 5197 3810 3810 3874 4227 3282 4019 3650 4440 4779 4779 4533 4676 4606 4389 4373 4459 4490 4107 4530 4463 4255 4225 4153 4153 4333 4414 4177 4177 3625 3775 6408 4189 4189 3080 2811 2805 2356 2590 2590 4778 3590 3590 4000
3524 3524 4003 4003 3792 3792 4286 4165 4165 4340 4946 4714 5005 5427 4941 5310 4619 4937 4937 5540 4411 3982 4524 4524 2967 3111 3075 4104 4104 4722 4722 4722 5538 5538 5538 5513 5513 5513 5165 4711 5562 5562 5562 4540 5230 3457 3457 3650 4383 4884 4686 4686 4523 4870 4389 4389 4185 4264 4257 4271 4495 4255 4111 4757 4724 4724 4733 5655 5655 4496 4607 4229 2362 2937 3080 2877 2742 2742 3163 2742 3899 3899 4081 4081
