includes/gis/MODIS_ASCII/mod13q1_ndvi_2005_001.txt
ncols         829
nrows         925
xllcorner     164106.58989296
yllcorner     9637524.0094144
cellsize      264.9945474373
NODATA_value  -9999
[rows 228 to 265 of 925, columns 588 to 671 of 829]
6229 5875 5773 5182 6835 7572 7017 7171 7055 6168 7046 7156 7156 5755 6259 6051 5918 5766 6653 6697 6205 6205 5548 5494 4745 4540 5456 5656 6975 6674 6688 6795 7283 7213 7067 7501 7751 8027 8004 8174 7805 7747 7606 7513 7344 7240 6945 7009 6875 7204 6816 6642 6896 6505 6550 6844 6938 6619 7431 6412 6340 5301 5301 6094 6203 6905 7194 6690 6082 6140 6948 5364 5364 6253 6501 6730 5947 5283 6846 7004 6378 6121 6086 6006
5229 5869 5869 6840 7218 7510 6650 6633 6908 6972 7147 7128 6816 5425 5960 6300 6562 6352 6529 6031 5257 5726 6008 5185 4187 4652 6385 5709 6943 7135 7194 7045 6594 7155 7155 7575 7775 7981 8004 8256 7926 8051 7749 7630 7344 7436 7093 7350 7077 6707 6951 6642 6604 6604 6555 6513 6655 6619 7318 6823 6371 6252 6405 6755 6534 6761 7098 6761 6328 5455 5958 5987 6552 6491 6390 6390 6216 6110 6007 5992 6113 6216 6343 6006
5440 6094 7035 7035 7205 7510 7597 6511 6517 6943 6822 6106 6743 5206 6274 7134 7134 5797 4977 5035 5087 5909 5944 6519 4187 5773 6590 6590 7253 7400 7019 7045 6408 6634 7418 7938 7938 7981 7717 8223 8484 7958 7315 7223 7397 7397 7267 7067 7110 6924 6951 6752 6027 6186 6497 6497 6740 6778 7008 6662 6518 6689 6767 6652 6699 6550 6631 6781 6969 6899 6532 6108 6599 6497 6381 5676 6584 6584 6329 6233 6179 6648 6959 6612
5768 6257 6673 7141 7318 7345 8271 8271 7738 7190 6703 6300 6518 6340 6253 7065 6444 5716 5006 5270 4743 4671 3615 6519 5851 5903 6985 7455 7567 7803 7463 7360 7408 7083 7727 7749 7621 7900 7841 7854 7923 7822 7131 7223 7312 6948 6798 6798 6956 6675 6939 6623 6036 6345 6296 6523 6912 6958 6163 6260 6537 6931 6793 5449 6288 6841 6242 6703 6703 6899 7094 6475 6280 6304 6151 5396 6353 5971 5971 6298 6432 6681 6959 6909
6044 6159 6774 7141 7544 7491 8161 8239 7669 7669 7206 7324 7262 7022 6070 7313 6444 5590 5235 5235 5032 4645 4014 5342 6796 7445 7480 7447 7317 7758 7758 7473 7090 7402 7991 7961 7621 7934 8013 8013 7663 7095 7299 7263 7392 6927 7013 6822 6822 6718 6724 6474 6457 6760 6189 5947 6250 6168 6558 6558 6666 6636 6793 6704 5917 6568 6373 6559 6693 6562 6571 6342 6225 6430 6040 5396 5515 5823 6689 6949 6501 6681 6896 6520
6343 6655 6703 7350 7512 7161 7764 8137 8125 7153 7153 7108 7228 6975 6684 7313 6951 6855 5671 4856 6191 5816 4014 5516 7254 7354 7437 7946 7317 7835 7586 7403 7088 7558 7953 7892 7560 7705 7785 7765 7765 7292 7222 7460 6844 6754 6905 6533 6497 6500 6826 7306 6982 6791 6665 5947 6023 6325 6626 6694 6803 6636 6335 6616 6965 6783 6439 6548 6693 7251 7044 7044 6429 6099 6040 6399 5097 5754 6546 6254 6603 6630 6755 6627
6328 6328 6703 6303 6441 7531 7516 7701 8125 7477 7147 7032 7032 7051 7308 7233 6540 6602 5234 4616 6295 6020 6020 6776 6681 6899 7517 7745 7659 7525 7553 7393 7610 7853 7871 7816 7512 7909 7695 7508 7096 7215 7360 7384 7374 7111 7147 6907 6663 6665 6788 6658 6658 6570 6665 6513 6544 6103 6332 6698 6576 6460 6460 6953 7129 6923 6642 6548 6335 6970 6962 6620 6122 5603 5883 5317 4793 5455 5932 6620 6603 6775 6775 6469
6161 6288 6288 6486 7085 7195 7177 7215 8105 7771 7308 7128 7513 7395 7308 6950 5023 5911 5086 4783 6174 6391 6495 7329 7329 7586 7598 7475 7557 7396 7450 7635 7827 7967 7950 7721 7819 7828 7666 7429 7454 7159 7074 7116 7116 6934 7153 6907 6450 5857 6680 6754 6927 6467 6693 6627 6400 6454 6023 6395 6576 6813 7163 6983 6983 6782 6642 6662 6493 6788 6734 6923 6082 5318 5318 4888 4247 5723 6346 6620 6350 6192 5381 6045
6552 6603 6740 6896 6896 7177 6982 7215 7576 7764 7242 7264 7093 7205 7408 7027 6938 6605 6142 6922 7071 6557 6637 6018 6285 6849 7579 7315 7406 7467 7547 7746 7679 7967 8051 7232 6900 7820 7740 7424 7454 7522 7279 7061 6923 6950 7153 6821 6519 5409 6692 6814 7132 6467 6519 6519 6509 6639 6368 6395 6151 7088 7044 6720 6815 6843 7117 6763 6552 6531 6305 6248 6082 5601 4679 6750 6272 6272 6554 6419 5144 4398 6066 7610
6552 6373 6218 6217 6974 6884 6645 7358 7779 7193 7417 7895 7288 7040 6995 6889 7376 7361 7448 7726 7476 7635 7358 7064 7081 7139 7579 7643 7198 7712 7593 7872 7679 7272 7571 7564 8098 7845 7845 7424 7325 7109 7374 7345 7005 6840 7004 7004 6647 6410 6738 6604 7132 6061 5772 5840 6055 6055 6364 5913 5848 6497 6666 6612 6642 7208 7208 7066 7066 6773 6562 6251 6597 6500 6401 6099 6627 6530 7038 6570 5600 5780 6654 7355
5617 6226 6347 6136 6485 6776 6917 7994 7644 7644 7428 7451 7680 7120 7025 7379 7187 7163 7174 7308 7308 7581 7129 7243 7145 7139 7726 7841 6967 7835 7627 7627 7943 7826 7491 7538 7361 7481 7339 7569 7224 6944 7032 7309 6865 6840 6782 6683 6683 6721 6925 6604 6277 6432 6476 6784 5972 6172 6364 6146 6331 6558 6345 6605 6807 7164 6842 7058 7300 6876 6876 6251 6696 6336 6107 5984 6153 6693 6431 6592 6366 6712 7126 7172
6483 6507 6285 5554 5659 6776 6724 7180 7450 7166 7190 7190 7996 7706 7086 7282 7432 7469 7174 7395 7369 7237 7080 6975 7012 7346 8143 7928 7393 7597 7416 7432 7432 7585 7541 7687 7303 7033 7339 7182 6975 6975 6680 6524 6865 6902 7106 6453 5304 5887 5887 6885 6925 6999 6827 7081 6913 6997 6622 7008 7334 7334 6451 6692 6807 6925 6758 7017 6749 6627 6394 6394 6652 6558 6547 6533 6666 6693 6794 6407 7028 7028 6780 7172
6521 6521 6145 5926 5819 6486 5877 7233 7386 7026 6883 7269 7957 7957 7554 7646 7691 7469 7350 7402 7196 7285 7595 7595 7012 7288 7900 7743 7585 7507 7416 7346 7507 7522 7522 7353 7491 7033 7123 7027 7085 6942 6942 6756 6711 6167 7028 6492 5766 6419 6394 6888 6888 6523 7018 7291 7136 6997 6870 6901 7202 6565 6519 6692 7080 7251 6986 6737 7062 7443 6721 6310 6912 6916 7024 6558 6666 6458 6428 5932 6679 6537 5930 6350
6397 6580 6521 6521 5819 6107 6751 7005 6838 7322 6883 7245 7591 8102 8282 8036 7415 7464 7837 8028 7994 7958 8094 7313 7313 7369 8086 8000 7712 7502 7225 7451 7575 7330 7602 8023 8023 7490 7890 7707 7239 7337 6843 5557 6465 5863 6121 6177 5069 5252 6481 6951 6735 6491 6491 6342 7136 7424 6944 7280 7167 6618 6896 6849 6849 7070 7203 6793 7037 7443 7083 6939 7055 6883 5909 6558 6291 7007 6350 5443 6735 6789 5930 6602
6136 6435 6555 5837 5837 5450 6799 6720 6941 6708 7106 7007 6818 7304 7963 7647 7415 6558 8104 8066 7904 7537 8094 7800 7929 8471 7920 7920 7594 7502 7828 7488 7410 7214 7211 7556 8034 7366 7366 7699 7939 7369 7008 6208 4819 5499 5499 6072 5051 5252 6247 7021 6801 6246 6313 6711 6705 7160 7187 7538 7388 6884 6896 6951 7172 6847 7230 7025 7037 7149 7068 6825 6799 6378 6295 6053 6053 6313 6370 5290 6100 6789 6582 7138
6117 6240 6199 5634 5783 6125 6125 6364 6409 6708 7241 7396 7357 7644 7465 7647 7600 7600 7827 7654 7653 7660 7580 7861 7563 7691 7619 7590 7390 7409 7697 7717 7585 7489 7598 7556 7541 7501 7524 7150 7755 7366 7008 6983 6636 6705 6620 6624 5051 6094 6879 7132 7060 7034 6723 6711 7193 7262 7262 7296 7654 6884 6173 7038 7124 6935 7469 7469 6870 6948 6963 6942 6734 7102 6295 5912 6281 6141 5170 5253 4301 6086 6642 6823
6539 6240 6199 6118 6196 6303 6569 6097 6409 6653 6838 7060 7208 7298 7310 7309 7368 7635 7451 7261 7435 7690 7520 7253 7197 7429 7419 7247 7222 7266 7853 7853 7381 7173 7598 7576 7468 7269 7233 7206 7150 7366 6748 6931 6756 6964 6859 6864 6915 6915 6929 7041 7329 6993 6723 7385 7203 7329 6974 7221 7241 6438 5504 7164 6981 7040 6631 6892 6892 7383 7383 6871 6629 7005 7087 6739 6040 6104 4828 5490 5621 7209 7268 6549
6539 6269 6403 6387 6635 6306 6059 6097 6575 6575 6844 6892 6634 7485 7477 7302 7443 7684 7185 7099 7355 7466 7466 7218 7464 7442 7308 7247 7381 7323 7292 7322 7211 7211 7578 7737 7362 7803 7757 7567 7084 7154 6747 6970 7192 7108 6998 6864 6250 7106 7181 7181 7185 6993 6934 7418 7404 7451 7629 7131 7241 7212 7212 7314 7381 7056 5663 6638 7058 6980 6832 6756 6756 6971 6965 7050 5493 6107 6487 5490 6039 6039 6635 6818
5751 5663 5218 6001 6050 6477 5894 6202 6878 7199 6936 6936 6634 7433 7598 7158 7196 7011 7166 7099 7355 7059 7388 7602 7602 7507 7419 7477 7347 7433 7227 7155 7524 7396 7396 7860 7296 7390 7439 7567 7020 6412 6909 6979 6991 6950 6998 6717 6425 6879 7429 7308 6494 7164 7403 7120 7028 7192 7107 7870 6842 7061 7823 7924 7924 6964 5713 6978 7335 6974 6882 6837 6816 6627 6357 6489 6369 6549 7342 6250 6526 6782 6647 6647
6333 6214 6043 6087 6243 6088 6172 6236 6814 6829 6962 7024 7024 7504 7264 7182 7074 7011 7166 7074 7161 7342 7543 7004 7004 7507 7419 7621 7492 7549 7768 7673 7524 7355 7587 7491 7491 7384 7342 7364 7091 6372 6241 6762 6762 6998 7149 7483 7424 7473 7427 7618 6981 6833 6897 6897 7205 7248 7518 7354 7516 7520 7187 7104 7130 6964 6195 6894 7185 7391 6975 6844 6644 6818 6887 6887 7278 6825 7342 7452 7002 6483 6872 7054
6510 5795 5039 5039 6243 6133 6494 6849 6445 6119 6962 7012 6967 6704 6704 7281 7455 6831 6624 6728 6969 7130 7885 7004 7418 7418 7411 7259 7456 7326 7490 7673 7507 7704 7710 7592 7415 7428 7342 7294 7254 7102 7192 7097 6255 7605 7605 7382 7195 7446 7687 7519 7516 7105 7076 7147 7318 7318 7518 7235 7708 7569 7378 7342 7324 6664 6239 6976 7468 7396 6797 6844 6647 6655 7584 7618 7094 6825 7613 7284 6552 7395 6654 6768
6233 5437 5168 5434 5434 5945 6207 6774 6780 5422 6424 6457 6668 6791 6916 6840 7455 7357 7084 7137 7279 7361 7586 7704 7171 7559 7753 7753 6973 7141 7490 7887 8215 7714 7720 7721 7534 7686 7270 7215 6848 6960 7002 7097 7578 7372 7087 7418 7418 7618 7312 7519 7747 7042 6890 6747 6996 7727 7727 7313 7759 7710 7832 7555 7324 7006 6829 6912 7186 7083 6797 6859 6619 6690 7580 7582 6870 7599 7599 7625 5927 6445 6396 6768
6662 5734 6183 5371 5824 6487 6487 6612 6283 5422 5831 6290 6715 6371 6108 6111 7036 6998 7031 7100 7331 7353 7583 7874 7441 7483 6625 6379 7173 7671 7671 7954 7836 7958 8170 7721 7296 7180 7011 7011 7242 7094 7002 7251 7444 7319 7095 7476 7771 7938 7312 7180 6698 7776 7761 7604 7532 7520 7943 8149 8280 8242 7662 7555 7311 7011 6786 7180 6967 7083 7183 7417 6941 6299 5860 7278 6870 7655 8046 7917 7845 7547 7115 7132
7260 6568 6183 5602 5680 6274 6473 6464 6464 5975 6169 5988 6070 6918 7081 6673 7241 7009 7167 6937 7107 7342 7273 7257 7372 7647 7462 7632 6908 7317 7406 7434 7597 7602 8170 7699 7229 7355 6822 7058 7156 7094 7120 7217 7384 7237 7249 7529 7286 7938 7406 7406 6616 7588 7485 7991 7532 7393 7862 8125 8517 8517 7662 6917 6512 6548 6924 7059 7070 6815 6955 6849 7182 7182 7714 7226 7544 8225 8284 7727 7424 7704 7704 7823
6575 6705 6078 5906 6228 6361 6253 6510 6428 6295 5853 5853 5760 6418 5619 5611 6917 7092 7355 6866 7281 7191 7191 7251 7343 7346 7382 7632 7538 7095 7197 7647 7459 7459 7798 7591 7299 7301 7228 7259 7156 6959 6959 6880 7436 7523 7746 7529 7286 7744 7331 7331 6847 7153 7459 7991 7712 7750 8273 8268 8455 7767 7997 8035 8035 7745 6930 7196 7278 7168 7135 7065 6825 7055 7714 8207 8183 8188 8187 8343 7696 6544 6600 6652
6345 6705 6649 6377 6627 6336 5732 6108 6595 6058 6246 6097 5938 5938 5927 5961 7143 6925 6756 7117 7281 7470 7450 7330 7236 7151 6798 7124 7415 7367 7160 7563 7609 7777 7777 7877 7620 7769 7423 7259 7045 6742 6934 7200 7200 7297 7550 8063 6857 6724 7437 7076 6781 7153 7459 6979 7034 8012 7599 8098 7310 8042 7503 7021 7021 6932 7177 6836 7131 7057 7200 6945 6939 6525 7558 7558 7859 8257 8468 8392 7869 6532 6768 6820
5908 6160 6141 6141 6514 6244 5875 5256 6213 6339 6458 6440 6618 5639 5639 6533 7085 7188 6657 7117 7033 7015 7010 7237 7068 7068 6798 6721 7127 7250 7042 7408 7609 7676 7387 7470 7470 7394 7526 7148 7431 7481 7319 7594 7760 7497 7458 7904 6908 7223 7920 7580 6567 6295 5544 5544 6523 7577 7711 8098 7975 7903 6427 6584 6697 6697 7177 6968 6729 7194 7126 6676 6678 6525 6092 7777 7933 7933 8400 8021 7869 6428 6007 6176
5803 5754 5001 5197 6013 6013 5875 5739 6255 5899 6137 6580 6618 5945 6627 7072 7072 6976 7008 6653 7084 7205 7174 7183 6887 7077 7077 7034 7027 7760 7665 7143 7626 7810 7413 7620 7798 7837 7526 7383 7319 7139 7075 7265 7322 7402 7324 7798 7424 7724 7989 6860 6567 6140 5379 6584 7213 8206 7711 8368 8190 7753 7567 7179 6875 7046 7046 7176 6852 7318 7145 6676 6678 7216 7270 7623 7963 7963 8645 8021 7686 6945 5974 5454
6051 5937 5262 5411 6726 5957 5957 6298 6484 5970 5897 6575 6690 6144 6293 6315 6778 7499 7008 6844 6963 6942 7011 7170 6887 6754 7073 7428 7383 7383 7881 7143 7162 7317 6978 6926 7820 7807 7621 7404 7404 6970 7147 7030 7322 7152 6951 7345 7022 7967 7280 6860 6532 6858 6890 6997 6839 7684 8272 8272 8317 7876 7574 7398 6875 6949 6857 6974 6844 6917 6859 7143 7190 6762 6724 8528 8389 8645 8645 8413 7257 6704 6105 5752
6305 6574 5738 6858 6642 6932 6875 6462 6462 5699 5716 6575 6610 6350 6007 6344 6485 8005 8005 8088 7682 7414 7039 7047 7086 6899 7102 7197 7680 7264 6979 6994 7026 7047 7239 7516 7371 7807 7461 7191 7553 7403 7403 7030 7433 7455 7152 7244 7048 6429 6429 6296 6139 6772 6943 6494 7025 7684 8184 8186 8507 7787 7186 6935 7004 6898 6853 6828 6808 6808 6859 6992 6966 6987 6914 7873 8389 8494 8614 7962 7131 7183 6791 6295
6100 6457 6311 6422 6642 6578 6636 6473 6150 6405 5716 6511 6878 6596 6489 6548 5843 7507 7965 7983 7893 7059 6539 6736 6879 7022 7196 7117 7598 7494 6979 6631 6969 6969 7066 7291 7371 6848 7534 7770 7720 7831 7701 7237 7714 7941 7812 7788 7340 7241 6311 6311 6104 6497 6609 6483 7025 7839 8302 8014 8292 7267 6592 6935 6557 7217 6983 7029 6770 6521 6521 6795 7426 7426 8123 8320 7927 8182 8422 7920 7170 7124 7096 6450
7063 6958 6958 6422 6633 6867 6262 6100 5936 6914 6341 6331 6559 6559 6204 6516 5937 6427 6606 7117 6877 6883 6989 6941 6941 6960 6838 6185 6940 7494 7249 7058 7082 7049 7295 7295 7504 7314 7605 7744 7918 7505 7701 7700 7379 7379 7792 7373 7394 7152 7386 6543 6223 6223 6146 6332 6899 7806 8381 8156 8503 6921 6605 6605 7737 7198 6705 7131 6773 6915 6944 7208 7270 8029 8604 8835 8822 8753 8199 8094 7587 6700 6654 6654
6293 6360 6647 6874 6507 6932 6577 5768 5648 6549 6374 6200 6586 6358 5991 5991 6913 6047 6054 6464 6137 6474 6989 6983 7101 6616 6283 6789 6748 7087 6821 6955 7156 7155 7366 7421 7421 7322 7695 7551 7393 7505 7650 7390 7644 7538 7502 7676 7394 8193 7425 6858 6294 6312 6294 6332 7063 7365 8215 8051 8370 6718 7172 7420 6787 6929 6929 7827 6750 6918 6930 6958 7014 7332 8605 8740 8740 8755 8366 8061 7987 6700 6591 6370
5993 5947 6217 5937 7108 7108 6435 6485 6304 5818 6649 6464 6219 6023 5740 6164 6164 6844 5267 5935 6086 6474 6575 6713 7060 6654 6714 6714 6748 6987 7053 6873 7061 7155 7366 7905 8045 7303 7177 7476 7879 7342 7377 7501 7899 7473 7225 7676 7391 7723 6491 6776 7244 7028 6811 7003 7206 7206 8111 8266 8449 6445 7230 7421 6699 5485 5689 7827 6483 6795 6722 6787 6649 6759 8605 8928 8577 8609 8609 8628 7987 7529 6396 6331
6188 5947 5840 5578 6225 6184 6171 6171 6304 6301 6190 6527 6585 6039 5740 6035 6605 6388 5970 6796 6299 6664 6856 7214 7351 6544 6160 6836 6836 6315 6631 6884 6861 6974 7356 7834 7838 7411 7792 7741 7879 7863 7434 7456 7502 7650 7431 7987 7447 6127 6127 6404 6905 7587 6620 7058 7610 8360 8110 8163 8449 6788 7271 7427 6820 6368 6888 6635 6996 7115 6991 6864 7217 6759 8433 8741 8642 8787 8667 8667 8290 7246 6252 6664
5896 5873 6096 5660 6485 6310 6019 5879 5879 6545 6462 6364 6897 6843 5956 5998 6568 6657 6822 6822 6299 6463 6124 6737 7946 7239 6650 6195 6256 6093 6093 6681 6851 6974 7461 7180 7442 7374 7877 7762 7694 7239 7239 7435 7490 7445 7431 7541 7180 6807 6902 6911 6911 7198 7088 6963 7223 8081 7914 8010 7589 7165 6911 6657 6677 7276 6888 7344 7010 6907 6907 7117 7698 7356 8303 8604 8828 8774 8603 7986 7986 7000 6459 6525
5896 5671 6016 6344 6798 6008 5382 5997 6372 6966 6724 6375 6676 6843 7055 6968 6533 6492 6444 6681 6681 6435 6541 7299 8102 8029 6650 6793 6181 6358 6635 6706 6719 6815 7070 7538 7425 7757 7617 7762 7772 7857 7783 7541 7541 7445 7428 6801 7197 7042 6687 6829 7170 7170 6619 6359 7259 8104 7922 8010 7651 7039 7039 6208 7041 7276 7056 6793 7010 7535 7176 7717 7698 7602 8231 8438 8726 8736 8603 8385 6962 6910 7290 7417
6482 6482 6512 5851 5916 6325 5382 6630 7122 7167 7125 6566 6676 7080 6748 6729 6845 6109 6835 6282 6448 6611 6739 6142 7524 8403 7633 6507 6293 6880 6951 7333 6401 7021 7220 7220 6763 7426 7617 7606 7869 7833 7456 7617 7329 7668 7170 6662 7609 7580 6901 6829 6879 6771 6908 7175 7252 8083 7922 8371 8122 7444 6745 6745 7361 7290 6775 6627 7138 7500 7046 7717 7756 7979 8864 8691 8788 8931 8813 8273 6735 7120 7235 7635
