includes/gis/MODIS_ASCII/mod13q1_ndvi_2008_337.txt
ncols         829
nrows         925
xllcorner     164106.58989296
yllcorner     9637524.0094144
cellsize      264.9945474373
NODATA_value  -9999
[rows 333 to 369 of 925, columns 672 to 755 of 829]
5121 4182 4274 4330 4529 4433 4584 4737 4737 4743 6069 6638 4472 5283 4591 5037 4952 4601 4940 7398 6601 4703 4970 5061 5346 5121 4650 4721 4721 4417 4827 5470 5470 5119 4843 4823 4823 4287 5374 4857 4857 4411 4712 5045 5414 4985 4726 5190 4826 4826 4972 5257 4338 4338 4209 4311 4003 4123 4123 4314 3731 3954 4022 4058 3921 4976 4045 3980 3883 3724 4082 4537 4571 5086 4851 3917 4207 4726 4896 4126 4067 4066 4324 4293
4758 4540 4233 4233 4529 4960 4992 4737 4737 4928 4694 5036 5825 6883 4845 4192 4611 4611 4940 4737 4154 4668 5211 5507 5110 4975 5383 5714 5714 4536 4827 4729 4729 4545 4225 4506 4313 4287 4272 5028 5254 5254 5168 4467 5414 4986 5216 5130 4605 4520 4520 5257 4058 4058 4156 4029 4067 5037 4749 3913 4160 4455 4184 4253 4737 4459 4089 4263 4654 3834 3951 4669 4567 4843 4705 4705 4711 4365 3968 3917 3928 4171 4127 4578
4740 4490 4129 4283 4283 4600 5066 4848 4524 4928 5288 5746 4779 5825 5028 4470 4562 4308 4308 4365 5248 5248 5211 5507 4850 4429 4614 4610 4242 4536 4751 5375 4223 4223 4314 4261 4313 4540 4700 4146 4359 4359 4802 4467 4443 4313 5298 4916 4753 4786 4819 4819 5269 5190 4759 5047 4346 4925 4343 4274 4705 4242 4158 4253 4441 4430 4385 4521 5112 3941 4315 4315 4219 4486 4052 5016 5294 4300 4086 4449 4457 4267 4274 3804
4211 5105 3943 4380 4998 4998 4613 4111 4524 4948 5157 5247 4611 4722 4917 4735 4562 4222 4527 4527 5073 5248 5046 5435 4572 4572 5005 4520 4242 4213 4213 5317 4550 4502 4502 4261 3936 4574 4291 5241 4907 4839 4802 4099 4152 4416 5084 4531 4267 3627 4436 4436 6001 5570 4759 4759 5149 5643 5156 4742 4498 4242 4230 4158 4565 4430 4979 4607 4669 3941 3829 4148 4148 4107 4204 5265 5265 5551 2553 4114 4470 3794 4480 4561
4211 4211 4227 4629 5123 4593 4593 4111 4011 4593 4479 4614 4717 4878 4553 4735 4352 3981 4051 4051 5073 5355 5355 5800 5358 5146 5146 4520 4108 4947 4947 5463 5153 4444 4502 5292 4869 5147 4509 4582 5116 3807 3700 3700 4487 4852 5084 5084 4299 4094 4467 4961 4961 5570 4791 4939 4939 5713 5042 4528 4498 4694 4486 4365 4365 4837 5016 4669 4669 4243 3958 4032 4451 4451 4204 4496 4784 4784 4510 4613 4732 6347 6347 5510
3973 4648 4648 4405 4402 5271 4593 3840 4185 4390 4753 4753 4831 4878 5411 4553 4464 3859 3989 4859 5933 5734 5630 5630 5646 5146 5146 4415 4792 5369 4425 4511 5008 5137 4232 4232 4018 3949 4509 4509 5085 4734 4295 4217 4217 4396 4427 5108 5108 4571 4240 4217 4403 4705 5165 4863 4863 4902 5056 4528 5168 5463 5036 3923 4299 4299 4634 4226 4226 4522 4276 3949 4026 4026 4825 4610 4722 4219 4315 3481 3561 4366 5604 5510
3819 4285 4982 5026 4348 5271 4739 4739 4587 4165 5191 5750 4831 5070 3961 5540 5540 5059 4467 4467 4961 5536 5280 5095 4877 4570 4906 4767 4767 4569 4741 4561 4211 4907 5010 4025 4025 4020 4096 4737 4737 4813 4100 4190 4139 4396 4129 4774 4774 5263 5182 4217 4403 5061 5549 4354 3988 3988 5056 5152 4668 4668 4257 4102 3515 3515 4634 4726 4362 4362 4426 4335 4452 3883 3645 4770 4198 4078 4779 4647 3773 4160 5589 5589
4447 4909 5165 4765 4348 3865 4082 4572 4572 4528 6112 5750 5750 4940 1950 3801 5888 6145 4812 5071 4180 4338 4338 4897 5145 4570 4570 5375 5375 4220 4741 4559 4837 4290 3978 4101 4136 4020 4564 4626 4626 4926 4713 4190 4139 4139 4223 4483 4491 4491 5182 4021 3429 4648 5125 4681 4481 4011 4011 4458 4569 4380 4380 5142 4615 3683 4027 4357 4368 5466 4426 4335 4321 4021 3928 4298 4193 4078 4169 5001 4650 4236 4876 4876
4828 5208 4898 4765 3958 4332 4838 5109 5109 4723 5212 5796 5456 5456 5208 5272 5390 6145 4973 5475 5710 5516 5409 5409 5377 4761 5104 5922 4524 4220 4244 4377 4348 4348 4174 4101 4136 4136 4151 4353 3997 3997 4713 4440 4897 5188 4805 5437 5849 5667 5667 5368 4442 5121 5121 4607 4481 4233 4152 4152 4858 4432 5402 5402 4676 4105 4406 4877 4149 5466 4878 4878 4669 4220 3963 3891 4193 3818 4028 4150 4150 3775 4679 4091
4536 4706 5166 4353 4201 4201 4817 6135 5790 6179 5664 5224 5155 4789 4789 5272 5297 4735 5227 5320 6083 6829 6677 5409 5807 4517 4998 5922 4524 4524 4492 5003 4244 4244 4174 4311 4423 3848 3848 4179 4322 4093 4093 3816 3889 4743 5136 6321 5849 4648 4204 4204 5142 5342 4390 4390 4947 4579 4934 5166 4858 5483 5020 5753 5753 5648 5012 4967 4149 4681 4531 4355 4355 4072 3665 4444 4444 3858 3798 4384 4075 4075 4679 3764
4522 4273 4647 4352 4271 4271 4374 6135 6364 5865 5008 4967 4789 4067 5308 5308 4571 5049 4890 4890 5782 5948 6677 6266 6266 4721 4860 5753 4479 4397 4397 4975 4855 4323 4323 4739 4542 3837 4436 4204 4322 3742 3742 3877 4853 4252 5318 5318 6036 5561 5209 5052 5052 4697 4696 4696 4825 4960 4628 4906 5166 5275 5015 5483 5483 6135 4705 5036 4279 4444 4439 4249 4249 1987 3372 4653 4653 4585 4297 4944 4815 4075 4636 4081
4522 4152 4152 4340 4360 4515 4374 5775 6782 5448 4527 4741 5030 4067 3750 4701 4701 3820 4581 4720 4720 5948 6482 5969 4615 4710 4574 4959 3942 3999 4357 4357 4855 4436 4436 4346 3732 4251 4121 4367 4614 4735 4621 4669 4669 4252 4722 5995 5995 5362 4843 4644 5052 4402 4892 4392 4392 5377 5700 4906 5686 5617 5553 5740 6647 6647 5766 5036 4612 4693 5120 5046 4899 4758 4758 4808 6017 6017 5203 4969 4815 4731 4661 4935
3974 4100 4100 4365 4915 4515 4873 4873 5161 4970 5478 6922 5030 3918 4177 4038 4038 4383 4642 4830 4720 6221 6036 6411 5859 5281 5209 4952 4958 4653 4113 3280 4333 4878 4865 4325 4325 4251 3909 4874 4618 4650 4906 4640 4669 4806 4174 5314 5314 5595 4506 4644 4065 4065 5689 4821 5044 5044 5700 5818 5367 5314 5878 5374 6647 5341 5341 5262 4932 4932 5468 5253 4899 5298 4773 5166 2809 5810 5396 5185 4172 5120 5237 4982
4183 4603 4601 4601 4915 4935 4846 4846 6613 5887 5688 7014 7014 4894 5288 5856 5473 5473 4882 4830 5713 5713 6559 5846 4961 5224 5667 5918 5918 4945 4740 4745 5212 5039 4901 4269 4325 4049 3940 4861 4605 4404 5144 4640 4451 4451 4244 4757 5076 5076 4506 4332 4159 3998 4157 5393 5044 5044 4850 4911 5049 5347 5081 5374 4647 4732 4732 5061 5159 5159 4987 4957 5435 5050 4458 5181 6030 6030 5211 4895 4849 5683 4905 4202
4467 4643 5629 5594 4180 4579 4996 5479 5479 5611 5140 5920 5920 4315 3956 4272 4968 6166 5568 5322 6432 6330 6330 5441 4961 5415 4802 4253 5202 5202 4948 5087 5786 5747 4841 4269 3902 3902 3733 4570 4197 4197 5144 5010 5111 5050 5050 5755 5076 5076 4693 4359 4391 4290 4422 5393 5166 4676 4676 5083 5106 5174 5081 5191 4878 3834 4321 4941 4928 4928 4747 5191 4962 4360 2904 4852 6744 7048 4641 4641 3684 4102 4207 3789
4624 4954 4908 5594 4936 4744 4277 3944 3762 3762 5140 3808 4091 4447 4447 5532 5259 6637 6326 4854 4933 5666 5578 5441 4648 4935 4856 4253 4202 4202 3981 5154 5482 5747 4841 4648 3741 4224 4224 4283 4197 4197 4195 4126 4495 4465 4465 6446 6272 5279 5279 4497 4819 5418 4422 4203 4482 4596 5200 5200 6095 5081 4680 4680 4824 2370 3866 4629 5132 4052 4478 4478 4989 4870 2904 4896 5396 5530 4318 3643 3643 3767 4207 3981
5039 4948 4908 5203 5143 4655 4256 4124 3952 4092 4092 3999 3755 4254 4254 4630 5827 6895 5307 4871 4776 5504 5578 5657 5657 5595 4856 4873 4842 4698 4698 5325 5405 5026 5054 5835 4221 4469 4469 4613 4104 4283 4283 4952 5114 4644 4115 5967 4781 5812 5425 4916 4507 4623 5065 5065 4812 4016 4801 5480 6095 5678 6505 5563 5563 4863 3866 4629 6011 5357 5627 5928 4940 4870 4371 3996 5012 4468 4614 4238 4385 3767 4096 5005
5309 5574 5579 5325 4970 4447 4256 4603 4914 5385 4899 4899 3745 4003 4003 4865 5338 6251 4861 5496 5627 5504 5357 5704 5704 6204 5311 4774 4983 5146 4604 4604 5405 5400 5400 5942 4727 5135 5247 4613 4522 3785 4844 4844 4847 4887 4449 4132 4907 5219 5436 5294 4507 5049 4788 4260 4260 4356 4801 5480 5482 5482 6135 5514 5011 4863 5333 6050 7028 6562 7262 6707 5256 4293 4293 4039 5110 5110 4351 4190 4385 4912 4912 5031
4594 5611 5775 5536 4504 4447 4240 4324 4703 4939 4820 5098 3818 4543 4948 4948 5338 5944 4892 5496 5496 5900 6246 5909 5869 5869 5721 5391 5232 5274 4790 4604 4279 4862 5301 5301 4104 4109 4432 4552 5123 4791 4106 4847 4847 4406 4437 4905 5273 5369 5436 5294 4931 4931 5000 5845 4979 4356 4214 5130 5524 5524 5114 4384 5011 5011 5181 5940 6397 3241 3935 5894 5256 4445 4631 4282 5148 5148 4650 4190 4429 4348 4348 5010
5613 4910 5002 5190 5154 4776 4339 4220 4438 5191 5548 5576 4227 4156 4948 5364 5364 4203 4517 5302 6163 6163 6131 6410 5887 5189 5946 6027 5761 4782 4790 4884 4884 5377 5189 4628 4628 5044 4861 4495 4507 5274 4106 4039 4154 4154 4529 4509 6066 5369 5031 5856 5450 5450 4481 5485 4979 4979 4277 3668 4610 5325 5732 4384 4865 5359 5359 6128 6377 4607 5303 4939 4453 3944 3944 4399 4607 4484 5651 5651 5367 4819 5561 6022
4921 4921 4574 4610 5154 5231 4874 4255 4863 5464 5548 5576 4724 4156 4244 4500 4500 3870 4675 4334 5249 5750 5819 6081 6046 5984 5579 5280 5839 4927 4968 4927 5081 5081 5189 5028 4984 4984 3839 3685 3532 5274 4284 3621 4279 4279 4309 5335 6066 6066 5655 4781 5625 4792 4792 5485 5966 5005 5005 5027 4298 4274 5732 5349 5370 5646 6067 6067 6467 4607 5303 5546 4682 4025 4571 4571 4020 3885 4684 4684 4295 4302 5192 4382
3969 4587 4574 4610 4672 5795 5795 5620 5013 5464 5344 5344 5079 4433 4565 4719 5317 3870 4173 4256 3987 3987 5108 4638 5893 6383 6670 5406 5311 5350 4609 4558 5026 4549 4905 4796 5083 5083 4862 4550 4431 3722 2437 3464 3982 3815 3815 5001 4307 4810 4810 4026 5019 4532 4752 5131 4796 4975 4975 4458 4355 4274 5176 5074 5413 4443 4557 4899 4899 4692 4123 4102 4629 5459 5809 4456 4456 4008 4404 4196 4196 3662 5192 4070
4700 4587 4587 4487 4263 5088 5637 5637 5013 5184 5310 4909 5475 5930 6576 5082 4246 4246 4301 5413 3572 4261 5432 4855 4351 5142 5412 5184 5242 5032 5265 5368 5419 5003 4954 5015 4755 4725 4725 4550 4431 4549 4549 4485 4717 4639 5201 5001 4517 5199 5199 4849 4032 4532 4752 5239 5448 4799 4819 4618 4618 5745 4290 4107 4107 4663 4557 4357 4875 4875 4554 4350 5475 5260 5809 5016 4848 4819 5014 4362 3958 3662 4519 4541
4700 4437 5287 5287 5182 4564 5182 4711 4711 5513 6394 5832 5477 5930 5159 4665 4786 4786 5020 4674 3314 3961 4537 4386 5326 5788 5788 6095 5242 5845 6012 5865 5642 4794 4829 5234 4647 4915 4568 4568 4101 3819 3819 4702 5182 4639 5201 5201 4256 4196 5008 5008 4801 3718 5248 5295 4072 3763 4819 4638 4638 5278 4538 5237 5237 4663 4865 4384 4048 4048 4347 4015 4415 5260 4521 4308 5177 4775 4688 4819 3958 3958 4325 5542
5463 5237 5222 4992 4992 5078 4925 5079 5947 5947 5464 6145 5931 5322 4746 4791 4502 4748 4748 4986 3604 3887 4883 4883 4654 4588 4188 6095 7103 6489 5862 5862 5581 5119 4558 5292 5631 4915 4786 4786 4424 4956 4868 4868 5182 4138 4543 5378 5048 4720 5029 5893 5893 4666 4915 4447 4626 3763 4173 5404 5473 5473 4499 4647 5420 5420 5134 5171 4885 5508 4347 4015 4415 4415 5653 5103 5297 5285 4688 4819 4176 3896 3896 4381
5170 5910 5919 5911 5528 5078 4538 5582 4929 4929 5231 6309 5931 5618 5618 5281 4540 4632 6028 4986 4507 4397 5003 4727 4727 4726 4250 5671 6613 5476 5109 5273 5273 5226 4583 4583 5631 5032 4872 5344 4571 4571 4713 4833 4833 4458 4865 5262 4135 4720 4676 4915 5905 5905 5937 4788 4037 4037 3864 4550 5569 4967 4967 4647 5740 4596 4596 5036 5783 5609 5651 4450 3795 4845 4845 4330 4508 4420 4420 4095 3711 3788 4560 4560
5270 4814 4325 4490 5528 5312 5508 4616 4752 4844 4844 6309 6009 6236 6236 5121 4120 4621 6028 5127 4629 5231 4872 4695 4695 4323 4063 4323 5898 5480 4332 4415 4735 4735 4015 5140 5140 5907 6236 6151 5665 4571 3761 4542 4383 4383 4235 4489 4135 4318 4573 4629 5128 4643 4643 4788 4198 4334 4334 4356 5686 4990 4967 4220 4439 4058 4058 4561 4803 5609 5246 4869 4058 4445 4445 5730 5722 4808 4051 4051 3453 3896 4112 3987
4433 4433 4362 4490 5181 5289 4729 4695 5286 5077 5144 5144 5093 4986 4788 4788 4724 4621 5862 4661 5350 5420 5003 4321 4089 4089 4065 4384 5193 5193 4775 4461 4867 4735 4681 4890 5580 5580 6514 6366 5665 5525 4410 4518 4419 4680 4680 4489 4199 4472 4472 4471 4444 4753 4643 5421 4253 4364 4364 4925 5635 4990 4531 4197 4258 3582 3833 3833 4803 4567 4621 4621 4341 4289 4570 4710 4710 4166 4392 3791 3791 3908 4112 4054
4756 4789 4362 4604 5063 5975 5597 5604 5286 5077 4979 4979 5217 5140 4376 4788 4724 5682 5231 4297 6571 4933 5520 5604 4794 4631 4631 4070 5073 5073 5355 5498 4867 5310 5310 4800 5485 6211 6211 6366 5553 5575 5434 5507 4971 4525 4680 4752 5166 4227 4227 4669 4628 4753 4902 4902 4014 5114 5619 5619 5635 4565 4421 4991 4783 4120 3746 4059 4059 5074 4680 4746 4341 4289 4333 4266 4409 4409 4712 3880 3681 3908 3696 3423
4756 4789 4625 4625 4606 5393 6008 5604 5332 5228 5362 6573 6573 5963 4522 5233 6031 6031 5083 5542 5670 7041 5501 5513 4952 4652 4621 4621 4229 4947 4947 5498 4451 4504 4794 4136 4246 4453 6211 5667 5824 6086 5154 4630 4536 4525 4303 4303 4737 4682 5080 5080 4628 4840 4212 4692 4320 4207 5357 4135 4135 4298 4485 4867 4489 3879 3726 3642 4256 4256 4466 4746 5522 5522 4428 4147 4977 4977 4693 3880 3681 3681 3506 3487
4966 4563 4602 4602 4688 5515 5202 5895 5895 5740 5650 5302 5094 5963 5080 4749 5786 5344 5344 5656 5670 5981 5981 5382 4731 4397 4634 4621 4446 4273 5245 5245 4423 4097 4592 4348 4246 4453 5124 5124 4745 5778 4919 4630 4536 4598 5725 5479 5479 4592 5080 5080 4506 4210 4252 4654 5441 4444 5227 4877 4676 4676 4576 4626 5409 5409 4395 3917 5626 6591 6591 5717 5358 4167 4167 4263 4667 4717 4693 4494 3730 3309 3309 3306
4314 5351 6162 4850 4989 5045 5859 5903 5614 5614 5774 6324 5094 4837 5609 5234 5400 5690 5690 5656 5679 5920 5157 5157 4279 4080 4634 5072 4551 4273 4391 4391 4130 3941 4485 4348 4765 5343 5214 4208 4208 4039 4211 4919 4573 4112 4344 4125 4457 5258 5441 5683 4219 4219 3826 4423 5441 4560 3815 4444 4534 4852 4852 4626 4718 4718 4804 4163 4337 4430 6591 6417 5806 4618 4618 3943 3738 3675 3951 3613 3772 3522 3037 3037
4602 4774 4566 5310 4989 4989 5443 5447 5676 5333 5333 6324 5389 5074 5479 5455 5208 6198 4683 4683 4830 5265 4706 4706 4204 4080 4394 4808 5941 5389 4407 3983 3983 4173 4919 4533 5227 5403 4576 4473 4773 4884 4447 4873 4853 4853 4849 4461 4516 4789 5415 5293 4198 4097 4482 4482 4755 4046 3692 4328 4368 4320 4852 4727 5050 5265 5265 4733 4022 4430 5152 4756 5264 4998 3893 3893 3529 3675 3880 3924 4075 3987 3780 3780
5522 5522 5097 5310 5879 5173 5173 5339 5485 5876 5333 5637 5093 5456 5502 5502 5281 6198 5702 4573 4573 5518 4790 5242 4204 3894 4029 4587 5043 5368 5090 4384 4070 4803 4641 4488 5177 4052 4052 4211 4694 4184 4062 4779 5401 5401 4480 4820 4147 3863 5853 5853 4198 4049 3925 4021 4152 3982 3982 4141 4664 4320 5383 5383 4596 4742 5140 4733 4022 4528 4819 5369 5141 4899 3893 3777 3777 3720 4136 3861 3861 3966 3776 3544
6338 5522 5097 4685 4783 4876 5122 4873 5485 5876 5699 5699 5532 5487 4321 5502 5281 4861 5201 4630 4630 5881 4790 5242 4778 4778 4055 3949 4251 4823 4557 4723 4741 5591 5591 4952 4538 4210 4426 4426 4761 4472 4472 4580 4820 4028 3676 4013 4013 4117 5853 4189 4189 4044 3948 4327 4265 3590 3745 4141 4664 4290 5348 5348 3975 4504 5140 5140 4495 5050 4909 4430 4356 4337 3833 3495 4016 4016 4347 3940 3861 3643 3702 4049
6338 4846 4846 4768 4705 4384 5048 4873 4441 4395 5564 6175 6175 5937 4905 3746 3746 4395 4547 5107 5614 5194 5783 5568 5280 6566 6566 4730 4251 4875 4823 5637 5306 5676 5358 5358 4640 3976 4126 4435 4549 4391 4932 5090 5109 5258 4139 4173 4173 4350 4718 4997 4997 4506 4127 4168 3935 3801 3745 3745 4292 3756 3679 4135 4135 4504 4785 4279 4944 4944 6397 5429 4298 4298 3709 3393 3340 3275 3910 3940 3751 3751 4259 4460
5079 4964 5700 5700 6073 5602 4927 4565 4380 5431 5966 5176 5176 4872 4750 4417 4369 4369 5229 5237 4465 5918 7255 6871 5351 5521 5137 4730 4628 5377 5531 4949 5162 6688 5538 5358 4124 3753 4030 4590 4590 4556 4462 4678 5104 5112 4270 4741 4276 4350 5117 5474 5063 5063 4554 4554 4294 4294 3835 4285 4261 4451 4111 4678 5165 5199 4438 4271 4042 4042 4570 5429 4300 4300 3712 3260 2987 3566 3275 3855 3921 3904 3904 4284
