includes/gis/MODIS_ASCII/mod13q1_ndvi_2000_273.txt
ncols         829
nrows         925
xllcorner     164106.58989296
yllcorner     9637524.0094144
cellsize      264.9945474373
NODATA_value  -9999
[rows 555 to 591 of 925, columns 510 to 594 of 829]
2092 2092 1877 1864 1740 1827 1713 1894 1894 1728 1689 1707 1591 2020 2022 2045 2045 2122 2140 2140 1947 2025 2114 2114 2044 2184 2137 2275 2103 2082 1992 2356 2356 2024 1947 2065 1699 2075 2037 2081 2018 1969 1969 2092 2013 1861 1861 1824 1819 1841 2141 2146 2080 1848 1848 1949 1986 2177 2181 2068 2166 2110 2110 2057 2148 2335 2335 2335 2335 2112 2081 2015 2008 1935 1950 1953 2032 2001 1997 2263 2028 1942 1907 1857 1803
2088 2088 1877 1864 1812 1812 1593 1891 1660 1660 1673 1677 1723 1984 2228 2245 2245 2200 2115 2140 1928 1928 1954 1954 2044 2184 1992 1992 2137 2418 2044 2231 2541 2431 2303 2272 2321 2294 2318 2081 2048 1979 1979 2011 2063 1875 1872 1872 1924 1932 2162 2112 2080 1900 1883 1969 1969 2182 2167 2068 2136 2057 2072 2076 2107 2014 2064 2267 2410 2179 2181 2096 2023 1903 1947 2039 2053 2098 2119 2250 2051 2030 1945 1911 1841
2078 2078 2200 2200 2198 1965 1862 1669 1562 1564 1564 1617 1809 1944 2052 2184 2114 2200 2115 2177 1950 1955 1992 2147 2098 2034 1979 1979 1992 2132 2037 2231 2620 2722 2549 2376 2339 2291 2318 2353 1975 1946 1969 2093 2170 1875 1966 2028 2027 2027 2065 2109 2070 2021 1829 1837 1940 1940 2156 2101 2003 1954 2001 2023 2061 2075 2095 2267 2410 2112 2181 2096 1983 1973 1973 2097 2166 2098 2101 2201 2039 2055 1969 1997 1841
2089 2114 2255 2255 2337 2089 2010 1720 1604 1616 1630 1630 1809 1907 1974 2184 2078 2078 2112 2140 2146 2190 2166 2166 2145 2391 2136 2170 2075 2075 2037 2040 2434 2436 2299 2242 2200 2291 2383 2424 2307 2367 2348 2093 2170 1928 1906 1982 2053 2044 2044 2109 2136 2094 1962 2008 1884 1805 2067 2079 2059 2008 1951 2001 2061 2063 2094 2094 2176 2152 2095 2020 2014 2106 2099 2099 2166 2129 2090 2252 2162 2162 2078 1997 2008
2225 1983 2050 2050 2047 1877 1876 1776 1687 1804 1779 1914 1914 1885 1937 1968 2170 2204 2204 2137 2146 2208 2207 2207 2200 1528 2135 2162 2140 1975 1975 2082 2354 2424 2391 2253 2200 2145 2284 2312 2284 2557 2479 2479 2183 2042 1995 2027 2018 2135 2143 2055 2055 2138 2113 2214 2271 1805 1955 2068 2068 2003 1933 2001 2037 2061 2132 2168 2168 2096 2095 2063 2053 2012 2041 2035 2073 2144 2136 2153 2384 2173 2078 2005 1993
2356 2356 2074 2077 2044 2044 2058 1956 1877 1721 1836 1903 1927 1919 2020 1986 2198 2178 2204 2137 2131 2149 2149 2149 2162 1607 2108 2239 2164 2001 1950 1950 2417 2417 2417 2590 2185 2185 2263 2320 2288 2599 2431 2569 2074 2074 2002 1965 2017 2135 2193 2154 2174 2174 2091 2121 2271 2040 1938 1972 2099 2052 1933 1970 2036 1979 2131 2151 2036 2096 2085 2111 2107 2038 1990 2035 2111 2110 2033 2123 2309 2245 2055 2092 2171
2294 2294 2355 2355 2304 2382 2156 1956 1925 1877 1861 1942 1942 1906 2046 1986 2293 2178 2168 2168 2187 2206 2136 2112 2162 1712 2490 2737 2685 1804 2147 2147 2537 2537 2537 2416 2346 2386 2689 2689 2503 2503 2476 2476 2129 2025 2019 2019 1984 2088 2100 2121 2115 2166 2166 2121 2136 2120 1958 1934 2022 2063 2051 2051 2017 2026 2034 2142 2036 2011 2044 2044 2069 2009 1968 1935 2082 2070 2029 2062 2309 2325 2148 2048 2071
2298 2257 2257 2257 2365 2382 2367 1956 1925 1960 2065 2086 2059 2204 2046 2015 2015 2015 2111 2091 2092 2068 1916 1851 1851 2970 2970 2708 2685 2391 2422 2535 2258 2303 2218 2129 2081 2275 2426 2426 2689 2689 2523 2553 2088 2049 2038 1931 1984 2094 2079 2156 2167 2170 2166 2143 2143 2157 2146 2146 2116 2063 1792 1672 1672 1952 2146 2142 2079 2014 1960 1983 2023 2200 2130 2042 1971 2040 2030 2037 2200 2253 2270 2133 2102
2298 2243 2339 2339 2441 2441 2367 1873 1999 2311 2292 2023 2078 2106 2030 1952 2133 2005 2005 2006 1967 2068 2058 1991 2043 1848 3102 3102 1221 2288 1947 2096 2096 2096 2303 2086 2134 2296 2506 2506 2506 2523 2523 2558 2125 2040 2023 1931 1970 1970 1983 2050 2104 2102 2198 2089 2128 2128 2146 2072 2116 2172 2111 1985 2104 2191 2187 2201 2020 1960 1973 1942 1834 2151 2170 2091 1991 2021 2032 2087 2009 2161 2158 2204 2243
2365 2243 2243 2242 2182 2441 2414 1460 1829 2370 2483 2237 2146 2097 2009 2085 2107 2107 2094 2075 2289 2311 2438 1656 960 1887 1721 1117 1884 2251 1953 1991 2076 2076 2076 2086 2414 2239 2239 2239 2506 2522 2522 2468 2147 2092 2023 2077 2100 2019 2066 2066 2174 2102 2140 2134 2173 2208 2206 2072 2005 2040 2164 2152 2073 2087 2192 2192 2187 2012 2175 2025 2019 1903 2206 1992 1992 2036 2057 2087 2061 2127 2098 2115 2259
2294 2294 2242 2242 2182 2182 2182 2242 2335 2430 2437 2260 2146 2175 2188 2150 2197 2185 2241 2161 2144 1936 2098 2060 1987 1887 1387 1981 2228 2044 1966 1978 1991 1991 2189 2118 2171 2333 2333 2333 2333 2522 2522 2522 2468 2092 2116 2096 2037 2060 2065 2127 2174 2151 2133 2193 2148 2143 2131 2023 1994 1994 2076 2110 2101 2087 2131 2192 2143 2284 2284 2372 2372 2096 2046 1859 2006 2006 2057 2145 2107 2117 2161 2161 2137
2274 2294 2280 2280 2120 2120 2008 1922 1960 2325 2325 2260 2239 2164 2238 2180 2169 2258 2219 2115 1918 1818 1845 1963 1976 1831 1892 2158 2255 1887 1927 1989 1952 1952 1738 1738 1852 2176 2176 2176 2333 2586 2586 2544 2544 2224 2098 2235 2046 2051 2006 2053 2094 2224 2224 2212 2163 2167 2131 2054 1981 2033 2033 2058 2101 2015 2057 2192 2152 2155 2214 2375 2375 2360 2278 1930 1926 1992 2066 2084 2100 2096 2160 2109 2137
2055 2062 2212 2069 1746 1837 1910 1801 1860 1860 1875 1835 1888 1888 1936 1946 1946 2103 2025 2029 1883 1431 1359 1963 1853 2041 1883 1701 1676 1716 2485 2485 2088 2189 1783 1783 1858 1774 1803 1901 2250 2307 2390 2390 2289 2152 2086 2086 2093 1932 2014 2016 2037 2115 2147 2147 1991 2167 2171 2174 2018 2105 2189 1969 2095 2071 2004 2067 2058 2003 1961 2036 2069 2360 2229 1968 1886 1992 2027 2092 2092 2226 2094 2076 2119
2037 2055 2055 2117 2015 2000 2058 2125 1873 1860 1863 1944 1957 1957 1947 1936 1933 1933 1894 1928 1968 1856 1689 1933 1889 1870 1883 1735 1674 1724 1854 1909 1984 1984 1880 1846 1846 1722 1832 1832 2261 2251 2582 2642 2575 1892 2124 1972 1957 1957 2014 2068 2200 2115 2082 2222 2039 2039 2095 2096 1979 1935 1969 1969 2013 2013 1984 2089 2168 2186 2125 2015 2136 2207 2102 1757 1737 1828 1898 1987 2187 2103 2075 2062 2049
1858 1990 2085 1976 1976 1951 1992 2090 2058 1741 1897 1914 2101 2245 2245 2248 2059 1985 1868 1819 1879 1907 1845 1701 1687 1870 1866 1757 1633 1724 1739 1772 1911 1911 1911 1909 1767 1709 1707 2150 2233 2129 2187 2187 2230 1916 2020 1930 1955 2011 2031 2031 2116 2026 2087 2755 2376 2159 2171 2171 1992 1951 1969 1896 1921 1864 1864 2069 2163 2223 2147 2058 1977 2023 1999 1704 1737 1825 1805 1902 2114 1911 2002 2002 1966
1806 1959 2020 1753 1681 1866 1866 1997 2101 1295 1277 1870 2011 2109 2074 2248 2034 1956 1934 1842 1843 1868 1845 1599 1629 1790 1858 1600 1633 1584 1697 1655 1727 1767 1951 1824 1818 1763 2044 2437 2437 2582 2357 2563 2462 2015 1826 1898 1955 1761 2008 2045 2027 2034 1996 2516 1865 2144 2129 2006 2016 1951 1906 2041 1901 2006 2039 2138 2056 2019 2066 2182 2062 2145 2044 1900 1952 1995 2031 1878 1926 1911 2030 1808 1737
1693 1981 2004 1907 1607 1653 1832 2002 2080 1954 1911 1779 2130 2109 2139 2338 2204 2194 2189 2014 1953 1868 1804 1685 1655 1669 1645 1571 1585 1673 1673 1789 1806 1767 1793 1896 1940 1799 1964 2372 2524 2524 2334 2120 2250 2027 1826 1898 1794 1553 2008 2024 2107 2046 1996 1998 2040 2277 2291 2033 2016 1976 1931 2005 1972 1933 1899 2138 2014 2014 2053 2125 2143 2075 2044 1978 1971 1976 2019 2120 1926 1909 1868 1744 1715
1914 2024 2004 1878 1948 1948 2060 2142 2008 2186 2076 2076 2185 1961 2000 2147 2058 2068 2174 2083 1960 1822 1745 1653 1653 1642 1645 1692 1836 1801 1709 1768 1963 1908 1969 2016 2052 1971 1901 2372 2530 2507 2374 2374 2328 2047 1818 1721 1830 1810 1959 1969 2030 2046 1983 1940 1988 2029 2109 2176 1995 1942 1960 1960 1917 1936 2122 2122 2249 2004 2228 2228 2324 2075 2072 2077 1947 2010 1990 2120 1991 1999 1890 1829 1829
1927 2092 1916 1512 1949 1949 2060 2075 1959 2146 2251 2208 2239 2053 2066 2018 2094 2108 2075 2226 2103 1996 1883 1814 1773 1642 1704 1720 1779 1737 1770 1823 1963 1976 1976 1969 2026 2049 2031 2449 2441 2398 2335 2429 2369 2179 1771 1726 1875 1860 1837 1906 1920 1914 1789 1877 1877 1921 1976 2176 2149 2014 1969 1912 1912 1950 1933 1933 2072 2013 2018 2347 2324 2197 2053 2192 2128 2179 2136 1947 1947 1783 1790 2103 1995
1807 2092 2130 1984 2265 2254 1994 2005 2023 2214 2182 2059 2250 2068 1957 1957 2047 2144 2185 2091 2043 1986 1875 1875 1822 1768 1629 1531 1567 1687 1860 1896 1989 2008 1996 2136 2136 2086 1966 2203 2042 2091 2031 2293 2380 2179 2125 1823 1909 1824 1795 1780 1942 1908 1886 1906 1969 1969 1976 2087 2204 2172 2036 1984 1984 1950 1923 1914 1933 2001 1976 2347 2283 2182 2182 2213 2250 2230 2136 2005 1966 2006 2006 2117 2052
1807 1950 2023 2138 2341 1976 1968 1974 2002 2002 2182 2059 2163 2016 2076 2098 2098 2098 2044 2022 2043 1977 1872 1835 1870 1835 1623 1551 1573 1768 1899 1883 1789 1763 1953 2119 2095 2128 1966 1911 1951 1733 1892 1852 2182 2350 2458 1938 1821 1861 1731 1780 1889 1908 1889 1971 2046 1981 1980 2049 2107 2272 2289 2034 1984 1891 1845 1845 1961 1995 2018 2201 2268 2271 2178 2178 2372 2230 2279 2275 2148 2123 2097 2191 2191
1695 1840 1971 1971 2230 2022 2004 2000 1977 1982 2138 2118 1970 2016 1876 1734 1853 2002 2004 2022 1970 1897 1845 1815 1837 1775 1769 1682 1608 1834 1834 1744 1700 1729 1854 1714 1838 1872 1874 1796 1796 1883 1967 1820 1803 1803 2000 1857 1857 1717 1731 1726 1726 1793 1949 1987 2042 1981 2049 2061 2061 2080 2073 2034 1954 1954 1923 1923 1964 2068 2018 2097 2256 2252 2296 2343 2378 2378 2353 2282 2186 2185 2153 2041 1986
1614 1588 1774 1946 2089 1982 2018 1990 2041 2026 2014 1957 1993 1878 1834 1667 1710 1921 2004 1921 1918 1868 1779 1790 1814 1761 1761 1816 1458 1757 1920 1774 1938 1840 1847 1892 1907 1996 1919 1931 1934 1969 1967 1979 2103 2135 2082 1817 1796 1812 1800 1675 1710 1710 1923 1967 2042 1991 2014 2004 2005 2005 2073 1851 1895 1945 2047 2049 2136 2072 2072 2119 2387 2311 2286 2370 2430 2344 2344 2236 2240 2330 2153 2110 1976
1474 1499 1774 2036 2167 2014 1982 1992 2035 2026 2021 1919 1902 1953 1906 1806 1785 1739 1916 1916 1887 1741 1579 1724 1629 1752 1752 1559 1718 1843 1960 1872 1828 1910 1910 1892 1938 1938 1876 1949 1875 1829 1992 2091 2091 2009 2095 1807 1818 1801 1633 1668 1691 1714 1756 1967 1923 1970 2027 2017 2006 2055 2045 1987 1974 2023 2071 2028 2136 2105 2167 2167 2369 2352 2308 2370 2376 2446 2406 2365 2365 2330 2298 2277 2070
1491 1472 1618 2036 1993 1993 1986 2042 2065 2031 2036 1931 1929 1918 1925 1902 1910 1893 1825 1778 1770 1770 1714 1575 1634 1539 1633 1821 1718 1989 1952 1909 1876 1939 1962 2000 2015 1961 2019 2049 1994 1829 1857 1937 1901 1916 1916 1833 1849 1801 1671 1570 1637 1637 1608 1855 1867 1901 1864 1913 2005 2049 1996 1962 1965 1965 1931 1929 2070 2135 2166 2219 2225 2225 2308 2366 2442 2387 2372 2346 2366 2389 2383 2379 2253
1539 1487 1471 1991 2007 1988 2005 2005 2065 2096 2094 1892 1908 1877 1918 1957 1943 1935 1933 1940 1946 1853 1803 1635 1721 1687 1774 1821 1924 2043 2055 1952 1892 1975 1962 2005 2018 2018 1993 2005 1994 1824 1842 1916 1965 1962 1979 2032 1847 1855 1785 1667 1602 1629 1623 1810 1853 1919 1917 1884 1989 1992 2013 1904 1835 1856 1947 1939 2051 2117 2114 2131 2209 2328 2328 2430 2434 2402 2389 2343 2366 2430 2186 2186 2353
1447 1560 1618 1976 2001 2018 2034 2083 2083 2144 2071 1787 1704 1772 1858 1880 1818 1818 1804 1902 1891 1872 1803 1767 1808 1808 1774 1950 1950 2015 2072 1942 1949 1975 2010 2005 2008 1996 2005 2005 2026 1968 1932 1976 2039 1993 1983 1840 1829 1829 1856 1788 1784 1762 1773 1852 1852 1961 1905 1919 1967 1988 1911 1980 1980 1840 1871 1950 1990 2021 2094 2032 2032 2244 2338 2411 2411 2425 2461 2343 2360 2439 2327 2347 2316
1409 1580 1667 1899 2005 2032 2034 2073 1906 1860 1794 1695 1751 1820 1858 1826 1847 1790 1809 1923 1928 1872 1848 1767 1803 1877 1879 1972 1987 1957 1957 1930 1922 1981 2019 1984 1987 1967 1989 2014 2003 1904 1807 1882 1972 1977 2002 1835 1862 1860 1860 1816 1823 1777 1773 1711 1882 1882 1912 1893 1957 1988 1932 1949 1988 1950 1962 1962 2014 1998 2092 1997 2036 2221 2282 2348 2366 2392 2431 2455 2365 2329 2271 2271 2270
1602 1602 1929 1929 1971 2008 1984 1981 1870 1858 1844 1706 1706 1820 1905 1856 1812 1841 1934 1988 1928 1903 1908 1842 1860 1829 1741 1837 1870 1561 1501 1925 1925 1950 1983 2011 1982 1971 1982 1977 1983 1997 1949 1949 1941 1977 2002 1841 1853 1864 1877 1835 1835 1777 1794 1761 1657 1744 1831 1885 1919 1955 1954 1931 1920 1856 1957 2010 2068 2046 2147 2007 2010 2221 2285 2237 2237 2239 2302 2377 2372 2320 2324 2322 2290
1731 1824 1892 1940 1971 1986 2014 1972 1969 1978 1957 1825 1764 1764 1880 1834 1781 1798 1836 1944 1975 1968 1948 1889 1812 1811 1741 1760 1878 1774 1896 2007 1950 1950 1725 1327 1277 795 1947 1963 1966 2025 1967 1952 1884 1819 1854 1858 1834 1863 1863 1832 1765 1765 1761 1742 1614 1712 1831 1931 1931 1973 1964 1965 1927 1963 1957 2045 2045 2074 2222 2020 2002 2011 2026 2115 2230 2229 2302 2303 2352 2403 2432 2339 2327
1701 1717 1790 1911 1884 1884 1898 1948 1967 1969 1983 1949 1833 1865 1838 1838 1721 1694 1726 1944 1895 1895 1827 1784 1805 1819 1815 1927 1970 1979 1962 1970 1931 1960 1600 1605 1605 795 891 1725 1927 2031 2033 1987 1827 1801 1801 1849 1870 1849 1865 1832 1785 1776 1787 1787 1724 1712 1767 1838 1806 1806 1821 1867 1863 1843 1978 2021 2143 2302 2315 2036 2035 2042 2026 2017 2161 2149 2225 2304 2263 2242 2313 2433 2330
1755 1739 1642 1778 1911 1967 2012 1985 1985 1984 1983 1996 1882 1876 1903 1861 1853 1824 1783 1800 1817 1802 1917 1998 2046 2043 2018 1964 1964 1965 1962 1978 1933 1798 1464 1660 1072 679 679 1661 1883 1992 1982 1987 1936 1816 1837 1868 1868 1911 1865 1858 1786 1800 1727 1744 1915 1834 1805 1811 1937 2220 2238 1955 1831 1730 1901 2079 2109 2313 2367 2034 2013 2085 2032 1950 1963 2149 2080 2176 2176 2235 2255 2276 2330
1712 1554 1611 1778 1934 1991 1946 2001 2023 2028 1979 2050 1978 1854 1869 1859 1853 1807 1848 1904 1812 1827 1811 1798 1862 2026 2010 1962 1954 1965 1960 1974 1844 1285 1278 1187 1697 1659 1892 1920 1920 1944 1982 1983 1973 1846 1832 1830 1829 1895 1905 1886 1840 1878 1759 1695 1754 1942 1942 2200 2196 2220 2293 2246 1893 1979 2265 2196 2237 2347 2367 1996 2089 2089 2017 2025 1963 2057 2031 2012 2085 2085 2109 2276 2276
1740 1740 1611 1804 1926 2013 2024 2015 1992 2028 2056 2056 1886 1808 1820 1825 1817 1828 1912 1962 1922 1922 1397 1052 1842 1931 1930 1982 1954 1945 1958 1958 1936 1445 1387 1187 1710 2079 1941 1921 1908 1959 1953 2005 2007 1599 1815 1824 1835 1895 1847 1847 1848 1870 1781 1850 1633 2044 2044 2161 2113 2344 2344 2354 2150 2124 2124 2191 2265 2347 2478 2247 2043 1956 1980 1980 1963 1985 2099 2121 2037 2053 2113 2113 2134
1841 1729 1677 1830 1873 2021 2031 1994 1992 1914 1982 1992 1931 1872 1820 1824 1796 1827 1938 1981 2019 1914 1914 1916 1952 1944 1971 2017 1985 1981 2009 1952 1822 1822 1894 1541 1912 1949 1956 1879 1867 1974 1973 1985 1960 1876 1888 1904 1838 1839 1784 1816 1816 1757 1902 1850 1847 2016 2085 2085 2068 2159 2159 2159 2008 2108 2203 2203 2265 2346 2351 2231 2185 2083 1973 1990 1990 1974 1992 1990 2032 2069 2082 1993 2006
1836 1729 1801 2035 2035 1971 1973 2153 1923 1912 1918 2122 2034 1872 1747 1747 1769 1773 1937 2024 1990 1990 1947 1941 1941 1960 1941 2017 1982 1956 1972 1964 1938 1905 1889 1768 1754 1771 1843 1844 1857 1934 1979 1994 1968 1868 1868 1904 1853 1868 1822 1763 1816 2030 1902 2128 2133 2150 1968 2016 2066 2193 2193 2171 1984 2108 2029 2011 2318 2318 2289 2161 2054 1947 1973 1899 2074 2064 2060 1913 1995 1869 1846 1812 1829
1794 1889 1969 1906 1859 1899 1972 1972 1912 1882 1937 1974 1970 1814 1893 1825 1795 1795 1904 2122 1990 1956 1949 1924 1920 1919 1919 1978 1954 1981 1947 1943 1924 1901 1889 1817 1843 1843 1838 1945 1888 1884 1967 1941 1997 2025 1979 1979 1977 1884 1801 1736 1775 2030 2108 2108 2149 2105 2018 2058 2066 2208 2208 2211 2287 2111 2116 2011 2150 2234 2234 2288 2279 2100 2129 2037 2052 1898 1879 1913 1865 1848 1873 1817 1825
