includes/gis/MODIS_ASCII/mod13q1_ndvi_2006_081.txt
ncols         829
nrows         925
xllcorner     164106.58989296
yllcorner     9637524.0094144
cellsize      264.9945474373
NODATA_value  -9999
[rows 259 to 295 of 925, columns 588 to 671 of 829]
5538 5538 5538 5203 5203 5203 4075 3498 3216 3407 5015 5015 5194 4420 4484 4484 5100 4724 5917 5917 6174 6174 6174 4648 5334 5550 5550 5550 5805 5805 5805 3979 3979 7161 7161 7212 7212 8423 6932 6119 6119 1627 1627 7740 7740 8508 7390 7390 7390 6729 6729 6377 6377 6105 6105 6105 7387 7387 7387 7712 7712 6569 6569 6569 6931 6636 6636 6636 6233 6233 6324 6667 6667 7025 8158 8414 8414 8488 8488 6694 6694 6694 5733 5733
5181 5181 5538 5203 5203 5282 4788 4788 4994 5246 5246 5246 5062 4425 4034 4487 4487 4724 5917 5917 6174 6174 6174 4648 4648 3990 3990 3990 5493 5493 5805 3979 3979 7161 7161 7161 7161 8641 6932 6119 6119 4486 2296 7613 7817 8508 7237 7237 7237 6892 6892 6729 6729 6149 6149 7183 7183 7183 7183 7570 7570 6725 6725 6931 6931 6636 6636 6636 6195 6195 6195 6213 6213 6213 8158 8414 8669 8669 8488 8488 7229 7229 6649 5669
5033 5033 5033 5282 4742 4742 4605 4494 4494 4115 4951 3936 4370 4578 3907 5523 5523 5523 5448 5448 5809 5809 5809 5217 5217 3990 3990 3990 5493 5493 5493 2073 2073 4965 4965 4965 7161 8641 5839 7908 4416 5714 5620 4095 4095 8382 7344 7237 7237 6892 7203 7203 6561 6574 6574 7561 7561 7561 7183 7570 7570 6725 6725 6725 6725 6301 6301 6301 6314 6195 6195 6213 6213 6213 8051 8051 8398 8398 8398 8398 7229 7229 7229 5857
5033 5033 5033 4739 3856 3856 4603 4583 4494 4115 4951 4381 4370 4261 4051 5382 5382 5382 5767 5767 5809 5809 5809 5217 5217 4564 4564 4564 5300 5300 5300 2073 2073 4965 4965 4965 8410 8410 3814 7908 7908 5714 3872 7567 7829 8238 7369 7369 7344 7203 7203 7203 6561 6574 6574 7561 7561 7561 7768 7768 7768 6842 6842 6842 6655 6301 6301 6301 6314 6314 6569 6569 6569 6569 7894 7894 8398 8398 8398 8398 6830 6830 6830 5864
4493 4493 4493 4739 4705 4705 4428 4583 4583 5031 5003 4381 4549 4013 4003 5382 5382 5382 5767 5767 5766 5766 5766 7438 7438 4564 4564 4564 5300 5300 5300 4917 4917 7067 7067 7067 8138 8138 800 1252 6039 1984 6163 7829 7829 8238 7369 7369 7369 6846 6846 6846 6599 6599 6561 7166 7166 7166 7758 7758 7768 6842 6842 6842 6655 6655 6655 6655 6555 6555 6569 6569 6569 6569 7894 7894 8474 8474 8474 6875 6875 6875 6830 5864
4464 4464 4464 4951 4847 4428 4428 4683 5279 5279 5003 3635 4206 4520 4996 5432 5432 5432 5673 5673 6141 5766 5766 7438 7438 7241 7241 7241 4422 4422 4422 4113 4113 7257 7257 7257 8448 8448 800 1367 7931 6327 6327 8340 8340 8340 7241 7241 6592 6846 6846 6846 6599 6599 6561 7166 7166 7166 7758 7758 7758 7321 7321 7321 6722 6722 6655 6655 6555 6555 6916 6916 6916 7885 7885 7885 8474 8474 8474 6875 6886 6886 6886 5878
4869 4869 4869 4445 4847 4441 4441 5017 5439 5855 5855 5380 5380 5380 5447 5447 5432 5432 5673 5673 6141 6170 6141 7709 7709 7797 7797 7797 3402 3402 3402 4717 4717 7257 7257 7257 8448 8448 554 644 7931 6327 6327 8489 8340 8340 7241 7241 6592 6592 6592 6592 6552 6552 7260 7260 7260 7260 8128 8128 8128 7321 7321 7321 6722 6722 6722 6768 6768 6768 6674 6916 6916 7553 7553 7553 8398 8359 8359 6886 6886 6886 6540 6540
4879 4908 4908 4505 4028 4802 4802 5366 5367 4751 4751 5447 5447 5447 5198 5198 5198 5419 5779 5779 6170 6170 5869 5645 5686 6279 6279 6279 3402 3402 3402 4717 4717 7716 7716 7716 8351 8351 7309 5911 5291 1615 6106 8489 8489 8489 7340 7340 6570 6570 6592 6592 6552 6552 6552 7260 7260 7260 8128 8128 8128 7564 7564 7564 6876 6876 6876 6596 6596 6614 6614 6614 6614 7553 7553 7553 8398 8398 8398 6975 6975 6975 6151 6540
5017 5017 4879 5211 4718 4547 5121 5121 5716 5350 5350 5885 5885 5489 5198 5198 5168 5213 5213 5820 5820 5820 5820 5686 5686 5686 6200 6279 5860 5842 5842 6464 6464 7064 7716 7716 8351 8351 7331 4141 1441 1918 8631 7929 7929 7340 7340 7340 6570 6570 6570 6570 6764 6764 6764 7218 7060 7060 7964 7964 7964 7492 7492 6894 6894 6894 6894 6883 6596 6614 6614 6614 6614 7696 7696 7696 8087 8087 8398 6975 6975 6975 6151 6151
4201 5391 5314 5296 4662 4486 5165 6160 6160 6270 5911 5731 5414 4996 5211 5211 5211 5422 5267 5267 5820 5698 5698 5971 6034 6034 6177 6177 5947 5860 6507 6464 6464 7203 7064 7064 7165 7165 7165 7260 8139 8139 7929 7929 7929 6833 6833 6833 6617 6617 6617 6279 6279 6279 6279 6687 6687 7957 7957 7957 7957 7484 7492 6894 6894 6894 6894 6883 6883 6904 6904 6904 6949 7696 7696 7696 8087 8087 8087 7284 7284 7284 5957 5957
5205 4736 5702 5702 4640 4640 5267 6657 6657 6468 6667 5731 5975 5176 5210 5210 5210 5422 5422 5935 5935 5935 6043 6043 6034 6034 6075 5947 6026 5947 6653 6653 6653 7227 7227 7064 7165 7165 7165 7260 7260 7260 6823 6658 6658 6349 6349 6349 6675 6675 6661 6932 6867 6279 6279 6687 6687 7957 7957 7957 7484 7484 7484 7215 7215 7215 6994 6994 6994 6904 6904 6904 6949 6949 6949 6949 7972 7972 6846 6846 7284 7284 5957 5957
5205 4736 5427 5470 5951 6596 6596 7384 7015 7015 6667 6151 5880 5731 5933 5933 5933 5416 5416 5740 5740 5740 6043 6043 6198 6198 6289 6254 6254 6254 6653 6653 6669 7227 7227 7227 7709 7709 7689 7414 7414 7414 6788 6788 6708 6708 6827 6827 6675 6675 6675 6932 6932 6867 6867 6733 6733 7670 7720 7720 7256 7256 7256 7215 7215 7215 6994 6994 6994 6994 6948 6948 6883 6883 6883 6949 7972 7972 6846 6846 6846 6846 5869 5869
4818 4818 4627 5092 5266 5752 5752 5726 7015 7015 6256 6519 7496 5861 5922 5922 5922 5416 5416 5210 5210 5210 5484 5484 5484 6302 6302 6219 6219 6254 6765 6175 6157 6944 6944 6944 7551 7551 7591 7092 7092 7092 6788 6788 6788 6714 6714 6827 6257 6257 6232 6232 6232 6461 6777 6777 6777 7367 7670 7720 7256 7256 7114 7114 7114 7114 6983 6983 6983 7089 6948 6948 6883 6883 6883 6883 7732 7732 5718 5718 5718 6846 4441 4441
4823 4823 5402 6147 4564 5062 5752 5726 5636 5636 5833 8064 8737 5610 6369 5707 5543 6154 6154 5436 5024 5024 5484 4886 4886 5646 6388 7245 7245 7265 6765 6765 6576 6474 6474 6474 6814 7551 7591 7092 7092 6956 6432 6432 6432 6106 6106 6147 6257 6257 6257 6232 6232 6461 6794 6794 7300 7399 7399 7670 7471 7315 7315 7287 7114 7114 6983 6983 6983 7089 7089 7089 6587 6587 6587 7153 7153 7153 5428 5428 5428 4239 4441 4441
4858 5041 5041 6147 5639 5062 5403 5403 5165 5563 5563 7585 8737 8391 7997 7081 6302 6226 6226 5360 5360 5066 4970 4970 4970 5646 5646 6969 6969 6969 6960 6960 6576 6576 6474 6474 6814 6814 6900 6834 6834 6834 6658 6432 6432 6106 6106 6147 5935 5935 5935 6502 6730 6730 7681 6794 7300 7300 7399 7645 7471 7471 7471 7287 7310 7276 7276 7276 7276 7271 7271 6786 6786 6786 6690 6981 6981 7153 5428 5428 5428 4239 4239 4239
4921 4712 5041 5107 4834 5935 5709 5709 5511 5514 5514 6907 8305 6048 6639 6336 6302 6047 6047 5360 5360 5360 4726 4726 4726 5537 5537 7154 7154 7154 6960 6960 6704 6704 6607 6607 6502 6502 6814 6834 6834 6820 6658 6658 6658 6119 6119 6111 5758 5935 5935 6502 6502 6730 7681 7681 7821 7876 7876 7699 7833 7645 7645 7593 7593 7801 7801 7801 7801 7276 7276 6786 6786 6786 6786 7054 7054 6981 6415 6415 5970 5970 5648 5648
4921 4712 5909 6010 5245 5374 4133 4133 5854 5707 5707 6208 7114 7114 7470 6672 6672 5873 5873 6454 6454 6454 4792 4792 4792 5537 5537 6321 6321 6321 6627 6627 6627 6627 6679 6679 6502 6502 6537 6210 6210 6210 6323 6357 6357 6119 6119 6119 6111 5805 5805 6233 6233 6233 7206 7206 7601 7601 7665 7935 7861 7861 7699 7674 7674 7927 7927 7801 7801 7416 7416 6883 6883 6883 6896 7821 7704 7704 6415 6415 6415 5852 5852 5648
5363 5661 5786 5786 4938 5374 5053 5164 5542 6060 5839 5839 5934 7114 7470 6390 6390 5688 6103 5978 5978 6454 5623 5746 5746 6140 6140 6163 6488 6488 6627 6627 6627 6525 6143 6143 6102 6102 6102 5479 6210 6210 6323 6357 6323 5693 5693 5693 5693 5442 5442 6793 6793 6756 6907 6914 7601 7601 7601 7935 7935 7861 7679 7679 7679 7879 7879 7879 7879 7510 7359 7379 7379 6883 6883 7821 7821 7821 6671 6520 6520 6244 6217 6217
5089 4935 5987 5786 4938 5240 5432 5520 5520 5047 4760 4760 5934 5934 5834 4697 4697 4643 5198 5198 5957 5957 6862 6157 6157 5557 5693 6148 5983 5953 5953 6037 6037 6037 6143 6143 6102 6102 6015 5738 5738 5479 5661 5661 5661 6093 6093 6093 6283 6283 6283 7431 6793 6793 6907 6907 7129 7129 7386 7972 7871 7871 7687 7552 7637 7606 7606 7606 7510 7510 7510 7310 7310 7310 7379 7600 7600 7609 6201 6671 6671 6244 6244 6244
5215 4736 5987 5680 5680 5407 5166 5710 5710 5283 4407 4760 5020 5169 5582 5101 5101 4595 5198 5198 5438 5438 5952 5783 6089 6089 5693 6427 6240 5738 5738 6037 6011 6011 6034 6064 6064 5931 6164 5738 5738 5738 5801 5946 5946 6674 6674 6093 6314 6314 7412 7412 7431 7412 7119 7053 7120 7129 7129 7972 7972 7871 7765 7552 7552 7578 7578 7606 6829 6829 6829 7048 7048 7048 7310 7600 7600 7600 6298 6201 6201 6063 6145 6063
4736 4736 5311 5855 5855 5230 5230 5710 5382 5382 4407 4407 4297 4334 4971 4788 5521 4595 5195 4675 4534 5458 5458 5402 6089 5302 5961 5347 4007 5268 5894 5196 4976 5299 5299 5741 5741 5793 6086 5884 5884 5836 5801 5801 5801 6688 6688 6674 6980 7095 8142 8142 8142 7119 7119 7119 7086 7086 7120 8022 8022 7949 7798 7798 7765 7508 7589 7589 7280 6829 6829 6828 6828 6828 7048 7075 7075 7075 6345 6281 6281 5645 5645 6003
5065 5065 5482 5572 5572 5755 5230 5510 5133 5133 5379 4968 4968 5721 5721 4788 5521 5521 5909 5715 5211 5868 5868 5320 6102 6095 6095 5707 4007 5268 5417 5417 5091 4632 4632 6223 5741 5793 6141 5884 5884 5836 5805 5805 5805 6379 6379 6379 6980 6980 8141 8141 8141 7600 7600 7523 7092 7092 7086 8022 8022 8022 8019 8019 7508 7508 7508 7589 7244 7097 7097 7270 7270 7270 7178 6712 6712 6728 5905 5905 5905 5645 5645 5645
5719 5719 5354 6277 5933 5755 5720 5720 4942 4942 5260 5757 5815 5086 5086 5534 5112 5649 5649 5861 5211 5915 6334 6334 6539 6096 6096 5920 5707 5538 5343 5343 5480 5477 5477 6223 6223 5452 6214 6721 6721 6764 5805 5805 5805 6167 6167 6167 7289 7289 7982 8038 8038 7584 7600 7600 7002 7002 7092 8087 8087 8204 7597 7597 7346 7244 7244 7244 6982 6982 6982 6747 6747 6983 6983 6794 6794 6712 5959 5959 5905 5666 5666 5741
5963 5963 5963 6510 6510 6510 5763 5763 6509 5827 5827 6663 6727 6059 5553 5553 5322 5309 5649 5861 5712 4860 5757 5757 5990 6484 6096 6298 6107 6223 5806 5806 5764 5477 5719 6334 6195 6195 6214 6721 6721 6721 6897 7081 7081 7041 7020 7020 7765 7289 7982 7982 7982 7777 7777 7777 7292 7292 7129 6954 6954 7029 7123 7089 7089 5808 6153 6153 6724 6724 6724 6747 6747 6747 6747 6732 6732 6794 5518 5518 5518 5626 5626 5666
5865 5865 5865 5393 5393 5393 4942 4942 4942 6223 6223 6223 6316 5432 5105 5105 5322 5309 5309 5505 6073 5980 6310 5207 5990 6484 6450 6450 5743 5743 6125 5764 5764 5447 5549 6392 6495 6495 6698 7370 7514 7514 7281 7081 7041 7041 7041 7041 7338 7338 8212 8212 8212 8200 8200 8244 7792 7713 7713 7144 7144 6954 7123 7123 6621 6621 5808 5808 6632 6632 6632 6447 6447 6447 6504 6104 6104 6104 5701 5701 5701 5632 5632 5626
5653 5653 5653 5078 5078 5393 3071 3071 3071 4586 4586 4586 6223 6223 6316 6177 6177 5330 5330 5506 5122 5516 6310 5207 5207 6219 6272 6272 6207 6207 6125 6559 6559 6707 6135 6095 6685 6884 6685 7370 7370 6973 6940 6994 6486 6715 6715 7205 7205 7205 8182 8182 8062 8289 8289 8289 7792 7792 7792 7365 7365 7365 7333 7333 7278 5579 5579 6357 6071 6174 6174 5927 6447 6447 6020 6020 6020 6104 5919 5855 5855 5729 5729 5729
5420 5420 5338 5338 5338 5338 2972 2972 5313 5313 5313 4586 6686 6686 6177 6177 6177 6217 5330 5330 5034 5516 5712 5706 5706 4951 5014 5014 6207 6207 6325 5905 5905 6048 5897 5787 6303 6428 6793 6685 6973 6973 6940 6940 6486 6486 6486 6813 7187 7187 8062 8062 8062 8189 8189 8189 6350 6350 6123 5516 5516 5516 7333 7333 5146 5146 5146 5579 6071 6071 6071 6174 5907 5927 5924 5766 5766 5766 6041 5919 5752 5752 5752 5729
5109 5109 5263 5263 5263 5338 4020 4020 5980 5536 5536 5536 6436 6705 6657 6536 6536 6536 5574 5574 5574 5776 5824 5824 5375 5375 5174 5103 6083 6305 6305 6448 4542 4851 4328 5693 6303 6303 6685 6685 6793 7341 7341 7352 6814 6925 6486 6813 6813 6813 8178 8178 8178 8074 8047 8047 6273 6350 6350 4875 4875 4875 7276 7276 7010 3752 3752 3752 5503 5503 6105 6105 6379 5907 5924 5924 5924 6606 6482 6321 6163 6163 6163 6147
5109 5109 5568 5530 5530 5530 5704 5704 5980 5980 5980 6502 6436 6436 6251 6251 6536 6536 6245 6533 6245 5810 5750 6000 6000 6000 5744 5672 5949 6335 6335 6448 4542 4202 4202 5748 5829 6571 6488 6488 6696 7126 7341 7341 6925 6925 6925 6874 6874 7054 8098 8098 8178 8074 8074 8074 6930 6930 5991 5991 5724 5724 6666 7276 7276 4172 4172 3752 5281 5503 5640 6597 6597 6597 6401 6401 6401 6442 6442 6482 5860 5860 6000 6000
5509 5766 5568 5568 5568 5792 5792 5704 5557 5663 5557 6116 6116 6116 6927 6778 6778 6124 5840 6124 6124 5882 5882 6096 6096 6089 5710 5735 6380 6335 6742 6742 6241 6349 6349 5927 5939 6571 6581 6581 6464 6317 6924 6924 7182 7182 7182 6874 6874 6874 7892 8098 8098 8017 8017 8032 6889 6889 5991 5991 5991 5991 6601 6059 6601 6108 6108 6134 7231 7231 5281 6568 6568 6597 6289 6289 6404 5748 5748 5748 5860 5860 5860 6043
5509 5766 5766 5766 5766 5725 5725 5229 5229 5229 5229 5900 5900 5900 6927 6927 6778 6069 6374 6374 5952 5952 5581 5397 5397 5681 5681 5715 6099 5841 6380 6380 6458 6707 6707 6313 5939 5908 7150 7150 7488 6800 6800 7090 6721 6721 6708 6299 6299 5649 6233 7876 7925 7925 8017 8017 6593 6593 6644 6644 6644 6644 6131 6131 6131 6872 7100 7100 7217 7217 7231 6795 6591 6591 6265 6289 6289 6053 6053 5748 5906 5906 5897 6298
5724 5996 5996 5996 5783 5783 5783 5642 5642 5229 5900 5900 5900 5900 6101 6101 6022 4776 6069 6374 6067 6059 5563 5424 5485 5485 5934 5934 5951 5969 5792 6079 6079 6956 6707 6313 5863 5863 6264 6377 6377 6604 6367 6420 6536 6536 6164 6438 6438 6528 6084 5578 6380 6380 6107 6268 6268 6130 6401 6401 6401 6401 6183 6183 6183 6872 6872 6935 6935 6935 7217 6795 6795 6326 6326 6265 6265 5794 5607 5607 5982 5906 5906 6461
6133 6133 6133 6133 5912 5783 5783 5642 5642 5642 5889 5889 5889 5901 5901 6101 6022 5061 5009 5933 5668 6067 5796 5796 5828 5828 6278 6278 6278 6093 6093 6093 6784 7020 6521 6521 6340 6340 6074 5546 6377 6604 6354 6198 6225 6327 6043 5900 5900 6015 6033 5540 5124 6380 6107 5427 5427 6003 6460 6460 6401 6082 6082 6082 6082 7537 7537 7379 7088 7088 7088 6563 6726 6402 6402 6402 6326 5794 5794 5794 5609 5982 5609 6141
6133 6133 6133 6133 5912 5912 5912 5764 5764 5077 5077 5889 5889 5901 5901 4994 4188 4188 5009 5203 5668 6323 6086 6086 6086 6086 6053 6367 6278 6093 6093 6093 6414 6017 6444 6327 6558 5972 5972 5712 5361 5860 6051 6271 6277 6549 6549 6403 6071 6071 5680 5470 5124 5874 5874 6258 6230 6230 6447 6447 6447 6441 6313 6313 6313 7643 7537 7379 7379 7379 7088 6406 6563 6236 6236 6402 6402 5882 5882 5571 5491 5491 5609 6141
5707 5707 5707 5800 5800 5800 5912 5764 5764 5077 5077 5077 5077 5969 5969 5788 5382 4188 4396 4724 5772 5693 6086 6086 6086 6053 6053 6053 6053 6481 6481 5842 5842 6019 6020 6497 6251 6656 6656 6325 6517 6517 6297 6306 6511 6573 6573 6289 5873 5873 6340 5503 5823 6052 6052 6326 5556 5556 5972 5972 5972 6441 6441 6441 6441 7192 7192 6696 6696 6835 6835 6305 6305 6463 6407 6407 6407 5882 5882 5675 5562 5562 5562 5066
5707 5707 5707 5800 5800 5800 5449 3288 4190 4513 4513 4663 5939 6259 6259 5047 5382 5550 5550 4956 5328 5693 5604 5584 5584 5645 5645 5645 5928 5928 5928 5558 5558 6849 5946 6576 6576 6686 6678 6114 5963 6388 6116 6170 5815 6431 5878 5878 5812 5375 5742 5961 6552 6487 5885 5885 5985 5608 5471 5471 5668 5977 5637 6263 6415 6060 6060 6696 6696 6696 6098 6098 5404 6077 6077 6419 5844 5844 5844 5922 5643 5643 5346 5346
5754 5754 5754 6109 6109 6109 5857 4811 4190 4924 4924 5630 5832 5419 5014 4686 4901 5443 5443 5588 5588 5588 5604 5604 5779 5779 5779 5779 5821 5821 5928 5558 5558 5922 6297 6174 6457 6828 6300 6300 5998 5806 5806 6102 5529 5789 5963 5800 6354 6485 6485 6027 6027 6165 5760 5621 5794 5546 5546 5754 5754 5830 5628 6263 6028 5772 5772 5852 5554 5554 5496 5496 5496 5211 6077 6077 5736 5736 5736 5736 5517 5517 5233 5233
