includes/gis/MODIS_ASCII/mod13q1_ndvi_2010_273.txt
ncols         829
nrows         925
xllcorner     164106.58989296
yllcorner     9637524.0094144
cellsize      264.9945474373
NODATA_value  -9999
[rows 228 to 265 of 925, columns 168 to 251 of 829]
2525 2525 2510 2254 2147 2497 2129 1926 1810 1602 1600 1428 1428 1617 1918 2533 2394 2724 2656 2384 2402 2290 2290 1751 1873 1674 1665 1791 1594 1554 1641 1723 1765 1890 2201 2176 2043 2235 2573 2505 2212 2433 2465 2076 1913 2033 2806 1962 1666 1617 2229 3089 2893 2676 2531 2656 2684 2778 2777 2777 2850 3005 3152 2590 2590 2415 2302 2662 2783 2545 2518 2596 2596 2596 2327 2327 2436 2436 2420 2476 2476 2320 2320 2252
2520 2288 2180 2432 2432 2432 2050 1887 1810 1876 2110 1865 1681 1890 1890 2321 2400 2744 2863 2479 2395 2264 2061 1940 2224 1918 1946 2008 1594 1561 1539 1671 2034 2034 2106 1948 2081 2009 2298 2489 2611 2611 2465 2129 1778 2062 2736 1991 1666 2084 2782 2995 2733 2733 2541 3323 3237 2396 2924 2942 2942 3275 2853 2699 2481 2481 2720 2843 2516 2545 2604 2655 2655 2416 2416 2327 2436 2436 2420 2420 2420 2240 2240 2233
2622 2288 2780 2928 2371 2073 2073 1887 1777 2115 2280 1824 1691 1668 2038 2285 2479 2716 2442 2318 2355 2264 2363 2106 2106 2030 2004 1970 1717 1526 1505 1687 2324 2190 2106 1724 1531 1886 2018 2904 2702 2898 2898 2388 2333 2529 3192 2190 2100 2296 2725 2919 2769 2545 2428 3703 3703 2852 2838 3069 3133 3133 2853 2572 2421 2379 2541 2588 2516 2214 2645 2816 2979 2416 2416 2416 2232 2232 1995 1995 1995 2240 2240 2233
2359 2196 2507 3011 2172 1890 1743 1913 2176 2299 2011 1750 1825 1940 2038 2602 2602 2877 2663 2313 2355 2292 2328 2138 2060 1941 1941 1970 1958 1717 1576 1586 1921 2190 1945 1575 1699 1699 1968 2406 2867 2634 2481 2383 2604 3230 3230 2702 2599 2874 2717 2722 2606 2505 2428 3426 3426 2839 2813 2911 2771 3133 2997 2554 2628 2604 2317 2588 2546 2591 2766 2835 2829 2441 2441 2441 2089 2089 1995 1995 1839 1839 1839 2054
2359 2057 2734 2456 1974 1783 1656 1945 2016 1913 1776 2028 2143 1940 2402 2635 2903 2903 3099 2407 2446 2364 2272 2248 1992 1922 1838 1838 1988 2097 1821 1652 1771 1939 2132 2261 2124 2372 2241 2235 2998 2928 2362 2259 2633 3364 3290 3191 2701 2768 2631 2692 2477 2505 2568 2969 2492 2492 2578 2766 2771 2497 2497 2495 2628 2749 2837 2699 2699 2529 2383 2897 3057 2593 2441 2441 2089 2089 2014 2014 1990 1990 1990 2054
2354 2135 2382 2051 1700 1437 1656 1732 1613 1613 1744 1958 2197 2483 2836 2724 2554 2645 2645 2407 2549 2480 2332 2557 2286 2185 2127 2167 1895 1640 1509 1509 1778 2014 2118 2197 2138 2538 2638 2097 2724 2704 2104 2185 2738 3120 3290 2211 2211 2517 2586 2485 2477 2568 2568 2616 2407 2539 2539 2766 2859 2433 2433 2411 2520 2670 2606 2745 2834 2609 2609 2878 3057 2593 2593 2593 2066 2066 1942 1942 2170 2170 2277 2277
2004 2488 2288 1788 1575 1437 1476 1669 1523 1583 1904 1904 2197 2378 2628 2447 2874 2670 2487 2382 2341 2341 2458 2490 2286 2091 2156 2336 2252 1818 1778 1569 1688 1907 1956 1983 2011 2210 2638 2229 2456 2456 2036 2076 2746 3120 3176 2532 2459 2508 2508 2502 2374 2442 2589 2458 2322 2539 2539 2678 2800 2406 2304 2494 3273 3426 3426 2617 2741 2465 2572 2444 2444 2628 2628 2389 2389 2389 2285 2285 2040 2040 2277 2277
2138 2535 1732 1732 1657 1514 1613 1695 2076 2277 2199 2358 2266 2451 2451 2672 3025 2670 2515 2508 2465 2414 2473 2473 2315 2240 2234 2553 2465 2166 1900 1569 1691 1691 1822 1808 1921 2210 2636 2422 2186 2170 2035 2035 2746 3153 3153 3019 2524 2290 2454 2502 2445 2424 2451 2337 2322 2443 2646 2646 2744 2452 2193 2494 2816 3470 3286 2656 2794 2596 2422 2730 2358 2502 2502 2310 2310 2310 2258 2285 2040 2040 2142 2142
1967 1848 1771 1798 1993 1730 1730 1827 2292 2507 2209 2402 2524 2571 2576 2576 3025 2738 2554 2504 2391 2554 2732 2676 2471 2490 2559 2502 2230 2216 1900 1658 1650 1740 1740 1707 1808 1879 2221 2311 2781 2491 2193 2619 2619 2941 2977 2572 2373 2175 2454 2425 2422 2414 2640 2282 2172 2205 2870 3129 3129 2572 2224 2105 2612 3569 3728 2877 2649 2667 2422 2849 2574 2646 2646 2310 2310 2310 2258 2041 2041 2041 1993 1993
1830 2119 1791 1942 2056 1911 2024 2099 2407 2507 2389 2290 2445 2517 2387 2815 3051 2718 2520 2589 2625 2720 2614 2676 2598 2598 2591 2543 2479 2216 1747 1685 1790 1941 1883 1872 1808 1883 1851 1801 2813 2353 2193 2519 2773 3097 3097 2697 2268 2241 2420 2360 2380 2459 2366 2281 2216 2195 2309 2987 3129 2714 2221 2256 2341 3206 3544 2784 2784 2777 2767 2826 2600 2646 2646 2563 2563 2201 2201 2093 2041 2041 1993 1993
1667 2183 1879 2075 1876 1869 2085 2387 2407 2358 2196 2385 2609 2750 2829 3065 2539 2539 2559 2664 2676 2694 2614 2584 2709 2815 2693 2693 2707 2491 2193 1773 2014 2039 1929 1872 1851 1851 1732 1725 2610 2368 2077 2589 2731 2628 2505 1972 2051 2097 2164 2335 2239 2231 2117 2105 2067 2029 2244 2987 2711 2711 2212 2067 2304 2849 3544 3328 2802 2782 2767 2767 2912 2808 2677 2677 2677 2201 2201 2093 2093 2093 1932 1932
1673 2451 1879 1811 1954 2027 2029 2294 2254 2060 2407 2609 2723 2985 2965 3065 3107 2505 2505 2630 2568 2634 2658 2612 3059 2874 2799 2722 2544 2544 2304 1843 2206 2414 2340 1931 2262 1912 1871 1737 2598 2373 2046 2650 3006 2748 2395 1928 2099 2083 2134 2335 2326 2321 2079 2040 1995 1995 2244 2821 2699 2699 2254 2035 2991 2849 3518 3123 2841 2627 2555 2555 2529 2808 2677 2677 2677 2291 2291 2291 2172 2170 2170 1932
2268 2127 2127 1642 2035 2037 2062 1962 2254 2737 2847 2847 3040 3056 2965 2908 2865 2593 2582 2620 2620 2634 2571 2578 2668 2683 2867 2722 2620 2640 2639 2511 2511 2577 2563 2485 2354 2179 1834 1569 2148 2148 1900 2384 2773 2528 2328 1928 2240 2398 2267 2317 2330 2061 2061 2076 1995 2083 2083 2584 2648 2248 2248 2082 2991 2713 2713 2661 2626 2421 2555 2555 2529 2529 2448 2448 2448 2370 2370 2291 2172 2170 2170 2170
2301 2221 1706 2089 2140 2174 2004 1962 2227 2873 3070 3113 3113 3029 2926 2734 2663 2398 2563 2576 2575 2575 2581 2581 2662 2586 2654 2578 2634 2614 2514 2557 2511 2446 2455 2433 2133 1983 1893 1701 1755 1801 2056 2056 2266 2407 2328 1937 2077 2516 2031 2347 2318 2077 2104 2104 1997 2020 2020 2385 2740 2316 2047 2082 2888 2527 2527 2433 2545 2394 2279 2352 2509 2509 2450 2448 2448 2410 2410 2287 2287 2249 2249 2249
2301 2076 2076 2020 1822 1652 2004 1757 1960 2883 2807 2964 2876 3029 2914 2717 2457 2464 2628 2584 2477 2385 2555 2706 2678 2586 2625 2599 2595 2592 2563 2437 2464 2521 2521 2342 2056 1913 1933 1701 1704 1696 1775 1761 1827 1827 2146 1801 2012 2225 2226 2261 2424 2340 2206 2104 1918 1943 2063 2063 2427 2196 2047 2047 2917 2452 2287 2287 2500 2394 2194 2194 2407 2476 2519 2532 2475 2173 2366 2346 2287 2118 2118 2152
2117 2183 2108 2117 2016 1652 1874 1938 2328 2559 2541 2629 2397 2397 2895 2479 2277 2506 2628 2529 2513 2422 2574 2653 2560 2717 2677 2603 2579 2452 2509 2496 2464 2386 2160 1726 1726 1738 1933 1817 1666 1531 1545 1462 1374 1789 1789 1756 1916 2174 2321 2456 2424 2401 2189 2036 2036 1873 1861 1861 2427 2196 2541 2548 2699 2370 2205 2399 2399 2404 2191 2337 2407 2469 2495 2532 2475 2714 2366 2442 2221 2105 2105 2137
2321 2634 2271 1979 2179 2191 2374 2684 2482 2561 2541 2588 2793 3142 3142 2766 2274 2506 2587 2610 2545 2485 2678 2849 2560 2703 2733 2733 2536 2337 2166 2496 2459 2282 2145 1911 1892 1912 1903 1774 1558 1462 1547 1477 1374 1611 1796 1874 1874 1986 2210 2325 2585 2527 2131 2199 2175 2105 2056 1905 1905 1987 2517 2866 2618 2370 2251 2390 2289 2289 2205 2424 2487 2495 2495 2230 2486 2498 2520 2509 2105 2105 2105 2137
2019 2311 2490 1826 2136 2625 2872 2872 2897 2561 2748 2788 2954 3155 2711 2483 2274 2514 2775 2808 2651 2532 2850 2849 2736 2687 2803 2820 2684 2514 2166 2123 2322 2333 2278 2214 1964 1912 1670 1670 1514 1600 1704 1477 1371 1339 1486 1781 1961 2289 2289 2285 2376 2535 2157 1939 2141 2002 2070 1929 2164 2294 2816 2898 2647 2407 2295 2292 2229 2229 2227 2424 2575 2418 2392 2142 2271 2498 2325 2325 2105 2105 2105 2172
2039 2263 2793 1826 2282 2492 2558 2881 2881 2425 2711 2634 2792 2685 2600 2570 2431 2431 2754 2827 2742 2896 2850 2871 2625 2551 2638 2638 2580 2514 2455 2502 2453 2506 2304 2214 1964 1736 1589 1657 1537 1643 1723 1633 1385 1287 1418 1949 1875 2321 2284 2304 2304 2425 2096 1939 1974 2049 2233 2102 2634 2739 2802 2898 2722 2454 2338 2315 2195 2220 2227 2496 2585 2392 2392 2490 2419 2419 2220 2220 2220 2267 2230 2219
3561 3945 2793 1945 2310 2412 2405 2699 2538 2639 2743 2742 2563 2537 2609 2570 2708 2754 2858 2981 2933 2896 3191 2809 2557 2650 2687 2570 2580 2643 2509 2571 2479 2487 2304 2235 2121 2158 1938 1572 1598 1554 1631 1664 1526 1534 1861 1897 1875 2270 2252 2247 2253 2041 2041 1964 1964 2855 2361 2160 2379 2739 2912 3012 2673 2331 2219 2323 2187 2229 2277 2462 2500 2376 2376 2236 2249 2249 2221 2220 2220 2267 2368 2463
3948 3930 3283 2192 2417 2344 2499 2637 2538 2758 2866 3035 2766 2697 2609 2725 2822 2994 3198 3174 3066 3097 2811 2696 2475 2451 2597 2570 2575 2693 2609 2609 2555 2470 2460 2417 2176 2180 2018 1577 1598 1700 1798 1746 1876 2041 2121 1897 1892 2178 2143 2111 2111 2137 1982 1931 2148 2996 2361 2160 2160 2326 2670 2501 2441 2038 2255 2171 2187 2200 2315 2441 2434 2376 2376 2376 2458 2458 2407 2407 2432 2395 2428 2428
4335 3930 2383 2299 2299 2204 2366 2637 2464 2704 2824 2824 2708 3015 2702 2828 2961 3235 3089 2951 3066 2994 2974 2637 2618 2805 2667 2664 2628 2472 2381 2378 2454 2470 2330 2394 2298 2268 2054 1677 1675 1888 1892 1892 1867 2059 2121 1930 1905 2121 2046 2180 2239 2239 1948 2121 2490 2490 2094 2140 2282 2282 2594 2543 2273 2112 2255 2248 2245 2354 2408 2431 2287 2352 2352 2478 2595 2223 2223 2237 1734 2135 2321 2198
4335 4179 2322 2508 2518 2134 2302 2349 2464 2870 2950 2916 2692 3015 2667 3022 3158 3054 3026 2907 2954 2787 2470 2511 2511 2546 2886 2670 2589 2518 2434 2321 2241 2553 2479 2310 2028 2279 2064 1677 1966 1958 2009 1972 1885 2059 2397 2084 1927 2046 1972 2337 2159 2159 1913 2886 2490 2333 1955 2125 2193 2486 2486 2433 2348 2016 2160 2287 2320 2376 2376 2600 2600 2491 2500 2466 2595 2341 2418 2418 2215 2206 2333 2166
3780 3500 2625 2646 2489 2661 2302 2380 2262 2461 2375 2437 2495 2570 2968 2968 3050 3066 3026 2989 2919 2789 2399 2280 2495 2791 2729 2576 2525 2594 2487 2178 2241 2236 1903 1998 1998 2203 2064 1775 2110 1877 1715 1652 1489 1876 1876 1843 1933 2074 1784 2258 2210 2296 2296 2886 2661 1879 1977 2127 2210 2369 2386 2386 2244 2049 2231 2280 2274 2418 2376 2850 3895 3010 2619 2559 2433 2296 2296 2215 2215 2284 2353 2191
3580 3013 3013 2577 2244 2756 3030 2754 2533 2293 2478 2437 2406 2502 2968 3079 3003 3003 2924 2871 2840 2720 2538 2351 2513 2791 2524 2524 2505 2509 2340 2178 2185 2341 2112 2254 2248 2248 2194 2011 2028 1897 1466 1537 1489 1547 1819 1967 1967 1906 1784 2060 2022 2056 2296 2321 1880 2091 2204 2204 2280 2396 2376 2258 2258 2206 2219 2289 2274 2418 2430 2850 2502 2368 2644 2559 2410 2399 2434 2415 2415 2327 2422 2275
3646 2775 2548 2760 2244 2113 2243 2311 2421 2499 2668 2432 2553 2287 2866 3365 3223 2999 2831 2827 2739 2594 2602 2489 2513 2765 2739 2666 2504 2504 2340 2322 2499 2472 2169 2113 2125 2151 1958 1958 1929 1662 1588 1537 1549 1712 1799 2042 1882 1998 1979 2079 2033 2363 2068 2068 2034 2081 2193 2204 2325 2521 2444 2334 2334 2254 2219 2297 2285 2355 2391 2829 2483 2167 2447 2390 2311 2311 2426 2435 2707 2686 2413 2275
3356 2411 2502 2444 2444 2327 2197 2138 2256 2455 2475 2756 2938 2777 3410 3610 3135 2999 2833 2806 2772 2554 2528 2489 2642 2982 2954 2659 2678 2599 2346 2209 2110 2172 2335 1977 2125 1996 1781 1904 1802 1728 1645 1530 1507 1600 1805 1812 1782 1998 2006 2188 2188 2371 2099 2086 2086 2175 2193 2295 2295 2542 2554 2489 2368 2254 2195 2250 2250 2348 2245 2707 2441 2214 2452 2361 2278 2352 2371 2371 2580 2623 2413 2340
2789 2179 2474 2315 2220 2220 2195 2349 2289 2455 2503 2663 3115 3088 3545 3256 3135 3081 3030 2707 2683 2683 2564 2696 2710 2754 2700 2725 2706 2599 2253 2013 2013 1846 2393 1953 1877 1891 1918 1890 2055 1951 1642 1620 1499 1445 1553 1858 1851 1685 1762 1853 1853 1867 2072 2124 2181 2175 2207 2121 2121 2282 2375 2483 2368 2368 2206 2225 2295 2295 2299 2476 2594 2361 2452 2374 2268 2399 2428 2327 2467 2623 2415 2303
2472 2195 2355 2582 2451 2453 2453 2556 2289 2438 2569 2522 2548 2729 2888 3256 2973 3073 2881 2633 2569 2625 2593 2593 2535 2470 2586 2614 2419 2578 2617 2267 2126 2351 2182 2232 2097 2044 2108 2048 2281 1951 1650 1645 1628 1628 1846 1770 1851 1828 1802 1994 1820 1820 2125 2150 2181 2181 2117 2249 2435 2435 2453 2483 2369 2241 2193 2252 2244 2244 2299 1579 2594 2276 2477 2362 2252 2411 2372 2299 2296 2391 2500 2500
2430 2138 2355 2354 2277 2224 2321 2462 2415 2421 2441 2992 2506 2639 2955 3026 3031 3035 2881 2633 2572 2519 2496 2559 2490 2630 2584 2787 2725 2697 2416 2255 2400 2496 2182 2330 2330 2248 2126 2256 2275 2069 1646 1451 1492 1939 1939 1770 1830 1966 2033 2119 1982 1982 2125 2150 2295 2096 2096 2221 2419 2453 2453 2525 2446 2232 2105 2273 2253 2259 2259 2041 2000 2530 1955 2548 2476 2672 2268 2277 2294 2301 2484 2200
2009 2138 2472 2340 2328 2375 2561 2721 2511 2482 2695 2551 2419 2639 2745 2783 2822 2763 2703 2733 2601 2600 2643 2591 2462 2605 2684 2604 2516 2471 2470 2590 2529 2532 2380 2495 2296 2263 2263 2314 2275 2208 1774 1682 1452 1627 1813 1848 1848 2039 2119 2255 2071 2084 2084 2186 2339 2132 2132 2240 2419 2532 2532 2552 2522 2305 2127 2273 2308 2046 2115 1947 2416 2477 2745 2562 2562 2656 2199 2114 2323 2477 2680 2531
2378 2374 2374 2572 2327 2444 2604 2679 2759 3236 3342 3342 2481 2727 2724 2641 2622 2632 2569 2733 2669 2691 2669 2719 2802 2697 2579 2745 2564 2564 2624 2694 2521 2532 2466 2455 2466 2438 1980 2314 2173 2078 1724 1488 1654 1531 1789 1886 1985 2071 2071 2257 2071 2011 2011 2185 2371 2136 2173 2240 2476 2483 2636 2440 2440 2389 2207 2328 2322 2083 2210 2210 2335 2338 2396 2584 2417 2007 2199 2163 2378 2477 2765 2836
3438 2387 2401 2440 2554 2768 2702 2672 2887 3459 3326 2790 2590 2715 2593 2597 2709 2527 2461 2709 2683 2647 2684 2725 2783 2860 2579 2580 2726 2816 2816 2736 2521 2356 2317 2532 2585 2349 1865 1841 1888 1888 1883 2027 1892 1531 1731 1824 1936 2078 2074 2036 1784 1906 1991 2178 2314 2205 2311 2298 2417 2520 2711 2462 2440 2389 2114 2328 2328 2006 2143 2367 2367 2419 2610 2674 2698 2007 2241 2241 2605 2483 2651 2943
3988 2480 2178 2044 2676 2768 2875 2833 2956 3157 3175 2797 2612 2700 2692 3103 2899 2574 2461 2556 2634 2634 2639 2677 2694 2860 2597 2559 2479 2324 2411 2736 2331 2283 2323 2381 2378 2217 1865 1846 2264 2165 2100 2100 1892 1771 1952 2076 2140 2066 2076 2077 2030 2153 2153 2237 2251 2206 2301 2210 2327 2462 2434 2354 2358 2259 2054 2247 2247 1509 2143 2352 2415 2524 2524 2847 2698 2277 2233 2495 2471 2696 2642 2818
3766 2771 2272 1822 2676 2804 2933 2933 2973 3042 3252 2797 2790 2798 2798 2834 2686 2574 2520 2612 2753 2500 2659 2659 2694 2620 2430 2471 2472 2462 2499 2152 2171 2171 2149 2309 2401 2217 2101 2136 2096 2198 2029 1941 2069 2069 1632 1855 1753 2017 2076 2021 2110 2241 2312 2320 2320 2206 2374 2196 2280 2423 2271 2354 2250 2250 2161 2258 1722 1398 1844 2289 2497 2755 2649 2847 2717 2482 2446 2794 2616 2851 2521 2382
3656 2972 2250 1938 2382 2638 2798 3036 3036 2967 3252 2884 2921 3290 3216 3216 2847 2730 2488 2389 2641 2586 2488 2676 2855 2712 2682 2649 2791 2588 2499 2253 2240 2126 2319 2335 2188 2195 2119 1939 2139 2244 2139 1941 1892 1502 1726 1726 1709 1945 2189 2146 2201 2299 2189 2356 2231 2231 2380 2216 2182 2365 2348 2313 2379 2117 2046 2295 2137 1398 1621 2070 2310 2888 2525 2671 2951 2536 2263 2691 2864 2837 2585 2382
2798 2798 2144 2332 2375 2778 2936 2931 3025 3034 3026 2997 3272 3526 3421 2961 2828 2828 2679 2723 2534 2573 2488 2509 2600 2600 2635 2818 2656 2595 2434 2160 2186 2186 2138 2140 2178 2178 2118 2300 2387 2414 2370 2097 1932 1706 1648 1697 1697 1945 2268 2196 2161 2307 2224 2221 2332 2404 2233 2233 2091 2232 2348 2407 2487 2083 2018 2179 2137 1373 1422 1803 2282 2751 2553 2671 2856 2565 2387 2710 2718 3040 3040 2631
3081 2637 2385 2332 2060 2548 2814 2883 2992 2898 2810 2839 3135 3209 3189 2961 2773 2640 2640 2583 2366 2438 2490 2607 2659 2435 2511 2470 2656 2314 2500 2402 2324 2444 2454 2440 2180 2333 2338 2181 2238 2466 2370 2250 1872 1755 1496 1462 1996 2267 2267 2356 2302 2389 2270 2221 2306 2331 2204 2092 2018 2232 2475 2364 2362 2035 2014 2190 1429 1429 1741 2316 2604 2460 2222 2241 2426 2638 2591 2511 2658 2786 2360 2276
