includes/gis/MODIS_ASCII/mod13q1_ndvi_2002_001.txt
ncols         829
nrows         925
xllcorner     164106.58989296
yllcorner     9637524.0094144
cellsize      264.9945474373
NODATA_value  -9999
[rows 874 to 911 of 925, columns 84 to 167 of 829]
1569 1537 1595 2385 2010 2010 1938 1858 1806 1810 1722 1506 1429 1555 1809 1809 1727 1609 1644 1515 1441 1441 1533 1432 1499 1800 1699 1720 1756 1787 1822 1783 1802 1748 1748 1985 1918 1986 1986 2023 2046 2013 1987 1784 1846 2005 2149 2000 2375 2543 2300 2263 2311 2344 2344 2779 2865 2758 2408 2537 3357 3086 3612 2868 2717 3236 3200 2645 2605 2407 2430 2565 2565 2992 2896 2882 3318 3233 3044 3129 3038 2699 2810 2810
1637 1653 1595 2434 2161 1889 1889 1750 1729 1810 1703 1434 1404 1433 1579 1477 1727 1638 1639 1523 1535 1579 1627 1627 1572 1569 1569 1606 1732 1777 1803 1790 1790 1790 1820 1992 2013 1986 2007 1976 2000 1988 1857 1800 1769 1934 2216 2004 2428 2710 2629 2399 2311 2881 3376 3081 3081 2796 2541 2778 2757 3053 3612 4074 2708 3177 3586 3710 2580 2407 2425 2543 3185 3185 2944 2679 3318 3361 3361 3532 3249 2870 2838 2680
1841 1696 1653 1959 2157 1939 1755 1755 1729 1791 1696 1423 1402 1487 1543 1477 1492 1492 1576 1706 1468 1646 1569 1550 1586 1559 1634 1616 1788 1817 1769 1763 1813 1875 1991 1991 2091 2091 2261 2007 2007 1832 1857 1864 2002 2137 1984 2068 2440 2676 2864 2813 2765 2922 3345 3432 2894 2796 2541 2470 2423 3053 2874 3758 4074 2899 2802 3434 2580 2499 2487 2290 2516 3034 3034 2731 3258 3568 3218 3425 3425 3114 2924 3168
1717 1755 1756 1801 1997 1856 1795 1806 1806 1887 1901 1596 1433 1454 1543 1467 1401 1591 1591 1828 1601 1703 1569 1581 1647 1561 1634 1634 1768 1807 1712 1916 1916 1972 1991 1991 2116 2116 2223 2307 2083 1832 2036 2125 2029 2029 2013 2232 2077 2523 2824 2824 3121 3080 2779 2176 1561 1962 2501 2360 2423 2702 2422 2840 3037 3138 2323 3209 2443 2443 2325 2067 2746 3300 3224 3224 3210 3342 3287 3324 3182 3114 3025 3409
1642 1821 1713 1953 2215 1918 1795 1858 1845 1845 1788 1701 1455 1476 1476 1449 1459 1685 1715 1824 1714 1618 1637 1639 1584 1561 1654 1754 1785 1881 1870 2087 2123 2123 1948 2031 2251 2141 2141 2044 2083 2083 2309 2377 2114 2377 2377 2413 2311 2496 2913 2913 3075 2685 2779 2177 2177 2315 2503 2419 2426 2417 2679 2735 2793 2941 2787 3209 4217 3766 2934 3023 2469 2561 3235 3623 3623 3231 3002 3540 3182 3182 3659 3717
1554 1953 2000 1926 2429 1918 1852 1880 1803 1803 1850 1893 1523 1502 1454 1454 1429 1632 1604 1658 1852 1618 1660 1647 1599 1697 1709 1815 1767 1830 1862 2087 2260 2260 2372 2244 1966 2196 2141 2402 2516 2550 2636 2636 2490 2219 2390 2390 2504 2573 3075 3294 3075 2897 3036 2658 2658 2446 2404 2419 2716 2404 2639 2814 3105 2941 2941 3316 2816 3296 3296 3145 2469 2199 2865 3859 3859 2608 2606 3540 3677 4166 4166 3455
1594 1894 1808 1808 2073 2073 1859 1835 1793 1784 1850 1893 1780 1475 1454 1454 1477 1539 1625 1597 1647 1700 1700 1634 1663 1683 1787 1787 1776 1746 1862 1871 1924 2095 2095 2003 2047 2527 2527 2395 2484 2546 2477 2716 2490 2225 2372 2372 2509 2714 2886 3294 2747 2671 2925 3021 2687 2687 2404 3226 2697 2363 2614 2810 2906 3109 2884 2884 2764 3412 3429 3145 2668 2337 2659 3250 3133 2554 2606 3557 3958 4297 3273 3273
1531 1893 1823 1902 1987 2279 1981 1931 1911 1997 1944 2133 1816 1630 1630 1532 1564 1604 1648 1627 1647 2073 2028 2026 2026 1777 1766 1795 1846 1902 1902 2082 2243 2183 2172 2243 2243 2475 2293 2293 2530 2850 2645 2716 2716 2346 2549 2687 2687 2986 2886 3690 3469 2783 2737 2849 2720 2687 2514 2886 2979 2486 2686 2765 3091 3300 3179 2971 2971 3025 3429 2720 2720 2527 2845 3262 3090 2554 2975 3338 3359 3909 4506 4375
2594 1721 1911 1875 1977 2279 2076 1923 1952 2028 1995 1940 1742 1642 1566 1536 1536 1581 1659 1665 1617 1698 1712 1824 2100 1968 1582 1578 1618 1813 1893 1893 2174 2327 2172 2065 2381 2388 2663 2593 2593 2791 2645 2432 2505 2505 2836 2744 2664 2986 3033 2910 2653 3233 3239 3377 2789 2958 2903 2903 2972 2888 2684 2684 3196 3438 3149 2862 3135 3434 3641 3091 3091 2758 2971 2990 3038 2862 3466 3079 3347 3658 4506 4375
1807 1917 1869 1789 1977 2034 2288 2076 1833 1833 1748 1641 1492 1572 1585 1506 1478 1754 1754 1665 1653 1682 1718 1835 1884 1965 1859 1603 1697 1683 1752 1846 1846 2327 2257 2307 2538 2538 2912 3074 3292 2791 3052 3000 2992 2992 2865 2755 2664 2664 2701 2648 2479 2637 2586 2995 2909 3044 3188 3188 2906 2888 2601 2811 2811 3050 3046 2764 3135 3135 2880 3203 3365 3365 3519 3293 3038 3322 3211 3281 3727 3758 2854 2854
1868 1873 1971 1789 1909 1907 2232 2006 1776 1776 1688 1723 1687 1510 1540 1389 1453 1619 1674 1674 1686 1505 1490 1544 1544 1744 1859 2012 2108 2197 1922 2003 2152 2197 2002 1976 2197 2745 3121 2704 3292 3292 3245 3053 3012 3229 3139 2755 2688 2659 2602 2602 2608 2637 2514 2514 2779 2793 2847 2777 2906 2678 2507 2595 2782 2782 2794 2764 2866 3183 2850 3106 3388 3388 3440 3293 3150 3586 4535 4535 2914 2914 2854 2854
1896 1927 1863 2055 1793 1851 2194 1904 1915 1939 1927 1856 1823 1833 1484 1443 1417 1436 1501 1346 1346 1480 1494 1574 1707 1744 1712 1816 2085 2206 2312 2312 2325 2546 2488 2430 2500 2762 3121 3239 3111 3039 3039 2919 2960 2717 3083 3083 2977 2629 2408 2422 2608 2700 2591 2553 2553 2794 2719 2777 2600 2600 2420 3265 2901 2901 2794 3175 3468 3331 3331 3242 3443 3660 3660 3829 4254 4254 4535 1918 1918 1918 1800 1800
1855 1855 1863 2071 2035 1931 2026 1963 1915 1964 1927 1908 1809 1875 1621 1657 1508 1536 1594 1692 1661 1661 1734 1734 1814 1862 1698 1663 1895 2206 2359 2314 2225 2225 2578 2956 3153 3130 3043 3185 3175 3085 2901 2901 2603 3040 3287 3391 3191 2606 2470 2422 2584 2584 2616 2436 2863 2863 2719 2639 2648 2763 2763 3555 3277 3303 3303 3531 3752 3362 3955 3852 3394 3162 3829 4254 4254 4254 4697 4939 4939 4188 4188 4188
1799 1834 1834 2122 2074 1948 2026 2004 1935 1883 1836 1689 1682 1682 1822 1631 1509 1374 1525 1634 1671 1604 1604 1752 1747 1761 1667 1745 1922 2004 2284 2353 2194 2364 2870 2870 3172 3130 3094 3325 3325 3264 2721 3272 2603 3245 3732 3036 3036 2990 2470 2531 2785 3013 3013 2701 2999 2974 2974 3126 3421 4049 4020 3106 3277 3152 3071 2910 3129 4372 3469 3569 4066 3162 3162 4526 4526 5510 5510 4935 4939 4188 4188 4188
1799 1974 2268 2261 2261 1800 1691 1936 1936 1832 1824 1849 1664 1617 1742 1599 1494 1451 1516 1648 1666 1695 1748 1898 1898 1980 2132 1923 1922 2042 2333 2500 2706 2364 2722 2866 2585 2703 2992 2916 2916 3264 3173 3272 3705 3705 3290 3704 3288 2990 2894 2650 2875 3007 3436 3989 2999 3249 4368 4368 4218 3569 3090 3106 3470 3809 3383 3301 3301 4372 3484 4099 4099 5500 5173 6192 6192 5510 5510 4935 4935 4570 4570 5228
1710 2043 2298 2238 2240 2062 1753 2038 1693 1693 1606 1743 2083 1786 1725 1832 1491 1442 1503 1678 1666 1704 1865 1820 1888 2010 2132 2097 2024 2034 2116 2569 2792 2947 3186 3214 2758 2758 2518 2694 2663 2663 2675 2712 3114 3095 3095 3351 3288 2635 2635 3139 3503 3211 3690 3690 3768 4151 3733 3733 2767 2912 3116 3337 3385 3583 3484 2985 3301 4151 3632 3604 4074 5500 5173 6192 6192 6219 6219 6247 6247 4817 4817 5228
1807 2022 2094 2108 2218 2039 1767 2156 1687 1687 1524 1562 2083 2015 2043 1734 1464 1464 1678 1678 1664 1703 1744 1995 1859 2092 2258 2258 2252 2252 2181 2404 2527 2882 2899 3177 3289 3289 2637 2600 2894 2894 2901 2641 2723 2795 2795 3055 3000 3126 3526 3526 3937 3231 3253 3512 4126 3099 2801 2845 2845 2912 3153 3274 3308 3418 3480 2985 3554 3554 4081 4210 5237 6037 6148 6681 7135 7135 7135 7348 4817 4817 4817 4631
1837 2068 2112 2035 1991 2039 1708 1593 1909 1607 1607 1602 1636 1672 2005 1553 1441 1698 1666 1650 1676 1631 1693 1856 1874 1840 2012 2281 2258 2175 2175 2366 2834 2712 2913 3185 3417 3518 3518 2600 2942 3191 3191 2990 2539 2883 2965 3055 2653 2888 3100 3100 3879 3987 2654 2538 2721 3114 3171 3377 3148 3148 3503 3571 3315 3315 3480 3208 3246 3750 3750 4309 5227 5838 6148 6148 6307 7135 7135 7348 5401 5363 4915 4388
1825 1991 2123 2123 1991 2010 1954 1731 1904 2007 1685 1602 1582 1602 1678 1621 1649 1790 1666 1689 1835 1848 1946 1876 2108 1840 2163 2147 2339 2491 2491 2534 2567 2700 3002 2985 3072 3192 3002 3002 2897 3173 2827 2827 2498 2322 2965 2965 2995 2991 2530 2759 3424 3162 3254 2921 3010 3905 3508 3377 3278 3645 3645 3744 3480 3315 3398 3536 3200 3550 3550 3815 3964 6118 6218 6218 6684 6307 6186 6186 5100 5363 4915 4915
1682 1986 2058 2236 2097 1785 1865 1864 1731 2049 1685 1431 1514 1671 1671 1665 1698 1790 1737 1703 1636 1641 1641 1931 2132 2237 2349 2460 2732 3016 2732 3024 2953 2961 3059 2907 3027 3192 3133 3133 3001 3100 2946 2442 2498 2272 2656 3189 3295 3040 2921 2759 2643 2643 2477 3141 2934 3905 3508 3201 3144 3325 3325 3386 3621 3200 3200 2892 2759 3132 3882 3882 3964 4462 4657 4657 4364 5460 5535 4818 3820 3092 4579 4579
1544 1912 2270 2236 1954 1815 1815 1816 1701 2049 1915 1457 1535 1638 1724 1652 1513 1629 1601 1516 1529 1754 1754 1931 2126 2359 2504 2644 2929 3016 3190 3017 3464 3869 4101 4101 3027 3178 3316 3060 3060 2665 2683 2842 2891 2891 3183 3886 3128 3179 2921 2789 2580 2580 2101 2880 2714 3184 3184 3295 3371 3395 3425 3425 3621 3115 2757 2757 2861 3216 3793 4243 4865 5295 4313 3534 4364 4419 6024 4986 4986 2548 4371 4170
1391 1829 2270 1916 1814 1879 1913 1718 1543 1949 2049 1684 1617 1707 1766 1652 1518 1588 1875 1966 1747 1664 2069 2055 2162 2375 2358 2358 2824 2955 3152 2840 2744 3110 3034 4317 4317 4266 4108 3452 3512 4093 3884 3576 3527 3610 3610 4353 4754 3179 3117 2759 2205 2149 2149 2448 2714 2898 3409 3409 3576 3566 3362 3425 3368 3118 3462 4175 4703 5450 5731 6036 6055 4081 3624 3534 3534 3370 4464 6364 7119 2728 4371 4363
1428 1829 2653 2054 1861 1850 1895 1847 1632 1613 1748 1956 1772 1779 1829 1669 1669 1883 1996 2054 1953 2304 1916 1904 2183 2342 2713 2644 2824 2639 3088 3190 3355 3609 3034 2987 3475 3475 3569 3547 3516 3812 3699 3603 3346 3481 3481 4486 4754 3760 3033 2531 2409 2300 2201 2448 2459 2522 3386 3386 3577 3524 3362 3567 4187 4187 4526 3252 4703 4703 5607 5284 4110 4110 3624 3466 3466 3621 3783 3829 6158 3476 4041 3943
1573 1520 1914 2057 1863 1916 1787 1766 1795 1668 1932 2000 2117 2162 1829 1735 1699 2072 2032 1920 1920 2304 1787 2567 2567 1828 2315 2690 3171 3160 3151 3235 3566 3104 3304 3854 4306 4090 4090 3970 3516 3392 3506 3426 3432 3377 3410 4486 3682 3465 3555 3134 2833 2716 2201 2522 2522 2952 3642 3521 3836 3836 3711 3387 3569 3806 4071 3252 4111 4364 4364 3606 3425 4110 3270 3182 3249 3249 3421 3395 3160 3160 3984 3771
1570 1499 1520 1571 1571 1925 1763 1741 1853 1913 1745 1726 1862 1882 1882 1854 1752 1885 2356 2197 1948 1948 1859 3023 3023 1017 2274 2432 2997 3578 3720 3404 3204 3043 3111 3555 3069 3051 3051 3970 3856 3552 3352 3189 3352 3377 3410 3491 3491 3201 3128 3128 3082 2716 2505 2441 2441 3138 3299 3414 4027 3993 3993 3768 3494 3845 4071 3054 3262 3437 3307 2897 3425 3426 3323 3259 2970 2970 3421 3395 3069 3069 3658 3955
1509 1506 1484 1435 1814 1875 1763 1561 1678 1900 1773 1619 1862 2060 2327 2327 2218 2200 2085 2652 2287 2074 1915 3023 3683 2905 3426 3426 3426 3578 3799 3356 3439 3209 3111 3267 3199 3095 3991 3991 4379 4110 4087 4087 3352 3622 3876 3452 3452 3293 3995 3636 3082 3692 3250 3318 3951 3779 3299 3365 3430 3939 3939 3671 3750 3896 4010 3101 3149 3044 2951 2694 3400 3547 3547 3388 2964 3421 3421 3663 3376 3448 3448 3558
1529 1481 1514 1437 1584 1875 1636 1636 1629 1838 1754 1709 1649 1612 1931 2456 2677 2677 2085 2267 2382 2205 2992 3245 3313 3313 3631 3631 4020 4020 3179 3119 3084 3031 3000 3510 3199 3095 3184 3392 3392 3508 3260 3804 3804 3491 3488 3374 3183 3183 3684 4184 3540 3540 3037 2893 3335 3374 3779 3078 3256 3238 3668 3668 4331 3896 3762 3351 3162 3160 2922 3016 2314 2272 3528 3246 2866 2767 2881 2925 2925 3630 3712 2989
1584 1555 1455 1483 1584 1878 1720 1633 1749 1749 1729 1709 1695 1664 1707 1844 2224 2303 2552 2265 2265 2342 2318 3324 3322 3550 3550 3631 3631 3853 4070 3968 3765 3370 2893 3489 3643 3612 3415 3444 3444 3270 3118 3225 3267 3267 3819 3293 3344 3880 3880 3956 3400 3582 3582 3155 2828 3374 3119 3288 3386 3175 3339 4153 4331 4292 4434 3440 3440 3108 2922 3016 2951 3049 3300 3275 3036 2834 2892 2754 2879 2879 2928 2989
1690 1690 1492 1512 1495 1799 1725 1654 1712 1718 1731 1634 1702 1663 1619 1817 2079 2049 2076 2475 2343 2343 2392 3322 3322 3550 3550 3349 2401 2401 3255 3485 4015 3293 3119 4078 3842 3759 3443 3478 3377 3191 3661 3981 3596 3768 3452 3361 3361 3386 3545 4088 3755 3728 3385 3385 2828 3093 3597 3502 3281 3429 4062 4153 4046 4046 4114 3578 3285 3108 2943 3080 3211 3599 3198 3275 3227 3084 2970 3000 3214 2794 2794 3466
1775 1541 1454 1512 1519 1737 1769 1695 1787 1895 1731 1880 1966 1966 1892 2010 2079 2226 2076 3382 3005 2845 3249 2282 2733 2733 2733 3349 2904 2843 2843 2493 4015 3965 4067 3581 3142 3655 3380 3270 3536 4267 4110 3685 3685 3883 3873 3425 3387 3433 3547 3336 3695 3695 3680 3385 2768 3474 3673 3425 3348 3852 4062 4290 4230 4230 4323 3309 3263 3010 3078 3078 2953 3056 3528 3328 3203 3180 3036 3103 3294 3033 2794 2989
1744 1544 1443 1482 1482 1697 1697 1715 1785 1868 1784 1812 1897 2069 2033 2084 2122 2211 2378 2572 3176 3513 3249 3197 2747 2432 1845 2265 2581 2341 3259 2493 3842 4376 4288 4170 4116 4058 3921 4213 4213 4447 4028 4238 4146 3785 3627 3331 3548 3476 3484 3323 3665 4441 4385 3882 3845 3753 3821 3784 4298 3852 4053 4016 3677 3934 3855 3309 3118 2926 3115 3077 3077 2850 3528 3519 3108 3108 3369 3540 3277 3033 3231 3231
1631 1596 1517 1531 1868 1807 1728 1544 1678 1704 1612 1680 1922 2198 2129 2228 2021 2126 2210 2210 2466 3513 3131 2800 3946 4907 2325 2996 3764 3661 3259 3755 4191 4528 3565 4092 4334 4871 5013 4511 3723 3723 4028 3835 3581 3581 3463 3401 3371 3476 3476 3157 5530 3990 3105 4764 4013 4013 3729 3446 4058 3915 3915 4283 3573 3825 4342 3623 2903 2953 3324 3298 3129 2850 2889 3043 3151 3384 3384 3216 3277 3209 3298 3303
1704 1707 1704 1629 1955 1945 1904 1693 1678 1600 1600 1731 2033 2345 2417 2228 2376 2469 2562 2562 2931 2694 2618 2258 2519 3886 5460 5809 5890 4879 4571 5081 5765 5611 4807 4622 4880 4757 4620 4575 4495 3832 3832 4248 4163 3776 3776 3422 3371 3393 3587 3587 4605 2891 3105 3105 3116 3363 3955 3542 3823 3843 4327 3760 3524 3524 4243 3465 2976 3033 2923 3099 3017 3084 3102 2720 3008 3131 3054 3216 3350 3348 3392 3185
1759 1634 1615 1566 1903 2054 2041 1936 2002 1833 1931 2009 2184 2345 2573 2573 2605 2719 2691 2343 2470 2887 2685 2451 2571 3853 3654 3192 4951 4760 4841 4583 4432 4003 4807 4622 4285 4300 4173 4643 4495 4637 4637 4728 4484 4276 3739 3422 3465 3482 4058 5484 5484 2891 3393 3088 3436 3436 3428 4218 3876 3706 4036 3843 3990 3986 3986 3824 3397 2887 3074 3074 3074 3203 3324 3324 3235 3294 3149 3064 3146 3340 3291 3187
1708 1708 1508 1594 2011 2107 2041 1956 2160 2063 2012 2112 2135 2346 2323 2323 2337 2542 2850 3182 2343 2767 3500 3390 2828 2730 3654 2898 2773 4006 3121 3154 3932 4003 4757 4757 3968 4053 4847 4643 4968 5657 5334 5334 4467 3760 3739 3739 3299 3388 5529 4904 4502 3677 3643 4068 3194 3232 3232 3600 3876 4005 4005 3848 3612 3416 3831 3765 3701 3206 3347 3429 3429 3186 3581 3564 3301 3286 3293 3120 3295 3310 3318 3043
1784 1582 1652 1652 1687 2107 2146 2105 2152 2210 2182 2159 1990 2373 2583 2752 2610 2735 2572 2292 2616 1216 1865 2934 2934 2730 3081 2901 2965 3987 3987 3388 3932 3603 4732 4732 5064 4943 4855 4855 5043 5220 5868 5953 5953 3760 3810 4626 5423 5423 3965 4904 3453 3359 3916 4014 3590 3415 3757 3757 4207 3730 3730 3673 3547 3473 3831 3810 3810 3682 3625 3804 3683 3683 3920 3259 3485 3542 3591 3591 3430 3248 3293 3087
1816 1738 1683 1783 2259 2114 2111 2127 2250 2335 2217 2159 2159 2534 2513 2373 2740 2325 2290 2368 2538 2866 2552 2797 3091 3261 3261 3238 2629 4152 4152 3388 4314 4201 3579 3613 3613 5292 4142 3420 3760 3608 4582 3450 5496 5496 5597 6464 6588 4035 3965 3907 4746 3994 3748 3900 3894 3415 3642 3642 4049 3689 3764 3764 3547 3473 3856 3804 3769 3769 3677 3689 3818 3771 3417 3417 3357 3402 3469 3179 3179 3318 3620 3677
2005 2176 1744 1816 2113 2265 2231 2320 2213 2421 2217 2309 2521 2488 2428 2938 2740 2647 2647 2597 2967 2795 2795 2797 3378 3653 3533 3533 2908 3063 3428 3428 3595 4405 4551 4197 3526 3526 4415 3596 4116 3699 3183 3450 3842 4682 6491 6300 5867 4035 4035 3692 3770 4397 3588 3588 3894 3407 3819 3965 3965 3694 4046 3698 3743 3730 3635 3804 3727 3729 3738 3607 3447 3645 3964 3446 3446 3402 3361 3745 4220 4220 3662 3580
