includes/gis/MODIS_ASCII/mod13q1_ndvi_2006_081.txt
ncols         829
nrows         925
xllcorner     164106.58989296
yllcorner     9637524.0094144
cellsize      264.9945474373
NODATA_value  -9999
[rows 814 to 850 of 925, columns 0 to 83 of 829]
-9999 -9999 -9999 -9999 -9999 -9999 -9999 -9999 -9999 -9999 -9999 -9999 -9999 -9999 -9999 -9999 2555 2746 2782 2942 3253 3553 3795 5948 5948 5822 5774 5774 5741 5920 6213 5666 5312 5312 5556 5537 5255 4789 4789 4744 4942 4942 4625 4681 4223 3765 3765 2909 4918 4918 5590 5866 4042 3819 2734 4300 4300 3653 3500 4194 4430 4227 4164 5784 5023 6238 4410 3746 3185 3185 3079 2988 3335 3335 3400 3043 2998 3182 3177 3298 3181 3373 3943 4109
-9999 -9999 -9999 -9999 -9999 -9999 -9999 -9999 -9999 -9999 -9999 -9999 -9999 -9999 -9999 -9999 2418 2566 2782 2846 3048 3210 3509 3643 3784 3920 4090 4080 3964 4071 4412 4682 4844 5137 5137 5537 5537 5334 5059 4816 4308 4308 4625 4681 4681 4230 3609 2733 4351 4918 5590 4056 4056 4438 3012 4805 1892 1892 2651 3136 3515 4775 4660 5608 6355 6238 4146 3311 2963 2765 3181 3317 3388 3232 3232 3251 3032 3150 3154 3033 3181 3373 3814 3923
-9999 -9999 -9999 -9999 -9999 -9999 -9999 -9999 -9999 -9999 -9999 -9999 -9999 -9999 -9999 -9999 3475 2566 2548 2748 2868 3185 3542 3625 3784 4004 3773 3773 3825 3779 4070 4147 4426 4956 4956 5346 4932 4932 4884 4884 4308 3894 3894 4363 4363 4152 3038 2864 4351 4351 4867 4684 4684 3793 4031 4805 4203 3089 3089 3410 3916 5236 4097 4435 5318 4773 4099 3287 2928 2779 3161 3589 3388 2915 2915 2748 2817 2904 2922 3033 3135 3527 3823 3838
-9999 -9999 -9999 -9999 -9999 -9999 -9999 -9999 -9999 -9999 -9999 -9999 -9999 -9999 -9999 -9999 3475 3158 3158 2821 3425 3848 3411 3248 3153 3299 3657 3736 3736 3779 3598 3844 4019 4425 4813 4813 4878 4493 4884 4884 4386 3611 3611 3817 3321 3321 2864 2864 2917 3943 3943 5247 5247 4022 3870 5505 4203 2887 2509 2509 2564 3660 3054 4435 4062 4222 3682 3744 3337 3360 3621 3589 3175 3083 3019 3019 3036 2891 2814 3034 3199 3412 3521 3655
-9999 -9999 -9999 -9999 -9999 -9999 -9999 -9999 -9999 -9999 -9999 -9999 -9999 -9999 -9999 -9999 4713 3629 3095 2481 2703 4591 3004 3004 2981 2943 3351 3362 3736 3420 3533 3739 3739 3972 4833 4364 4364 4141 4617 4617 4099 3517 3517 3481 2836 3321 2466 2440 2686 2394 2383 3357 5292 5292 4445 6591 4367 2661 2332 2332 2206 2041 3054 4324 4457 4209 3991 3682 3624 3759 3621 3576 2967 2943 3021 3021 2844 2891 2814 3135 3135 3395 3552 3655
-9999 -9999 -9999 -9999 -9999 -9999 -9999 -9999 -9999 -9999 -9999 -9999 -9999 -9999 -9999 -9999 1833 1772 1705 1890 2703 4528 3607 3287 3287 2754 2873 3362 3194 3194 3186 3423 3723 3972 4719 4872 4400 4400 4700 3728 3728 3210 3246 3481 2836 2427 2427 2023 2239 2394 3399 3399 6297 5911 5911 6586 4216 2607 2464 2647 2647 2041 2072 3768 3768 4033 4234 3990 3766 3759 3617 4098 3247 2886 3088 2993 2939 2939 2921 3149 3520 3261 3552 3575
-9999 -9999 -9999 -9999 -9999 -9999 -9999 -9999 -9999 -9999 -9999 -9999 -9999 -9999 -9999 -9999 1883 1722 1827 2229 2480 2480 3726 3899 2865 2865 2873 2928 2826 2681 2681 3103 3981 3981 4620 4888 4622 4622 4520 4932 4932 3210 3040 3040 3150 2625 2625 2023 2023 2427 3588 3588 6245 7067 7067 4894 4427 2966 2420 2810 2368 2368 2350 3789 3262 3318 3599 3990 3959 3853 3736 3936 3384 3384 3060 2836 3128 3128 2864 3090 3329 3261 3394 3426
-9999 -9999 -9999 -9999 -9999 -9999 -9999 -9999 -9999 -9999 -9999 -9999 -9999 -9999 -9999 -9999 1768 1735 1827 2154 2027 2027 2229 3171 3131 2575 2575 2384 2148 2271 2444 2915 3553 4232 4232 4209 4012 4039 4032 4125 3028 3028 2772 3057 3057 2625 2625 2115 2115 2385 3632 3632 5592 7067 7067 6620 3327 3327 2420 2810 2525 2525 2483 3119 2808 3318 3599 3380 3079 2801 2801 3998 3384 3384 3410 3319 2976 3034 3034 3005 3329 3384 3384 3190
-9999 -9999 -9999 -9999 -9999 -9999 -9999 -9999 -9999 -9999 -9999 -9999 -9999 -9999 -9999 -9999 1703 1689 1839 1813 1594 1669 1669 2530 3131 2512 2512 2313 2109 1964 2349 2915 2950 4018 3603 3603 3560 3280 3140 4395 3448 3448 3282 3006 3057 2723 2218 2218 2176 2176 3177 5592 5592 5553 5965 5965 2286 3327 2078 1910 1910 2497 2497 3056 2337 2321 2321 2756 2623 2731 4534 4040 3635 3151 3151 3478 3417 3175 3077 3005 3167 3209 2875 2875
-9999 -9999 -9999 -9999 -9999 -9999 -9999 -9999 -9999 -9999 -9999 -9999 -9999 -9999 -9999 -9999 1581 1689 1660 1564 1486 1460 1813 2530 3433 3486 2302 2302 2238 2259 2349 3437 3437 3543 3892 3531 3531 2968 3117 3709 4138 4138 3282 3006 3006 3031 2904 2904 2646 2176 3177 5367 5367 5218 5491 5491 2286 1900 1900 1685 1704 3408 3170 2792 2423 2545 2677 2677 2431 2808 4534 4534 6331 3446 3446 3719 2994 2785 3077 3077 3212 3074 2723 2723
-9999 -9999 -9999 -9999 -9999 -9999 -9999 -9999 -9999 -9999 -9999 -9999 -9999 -9999 -9999 -9999 1581 1697 1686 1686 2075 1812 1813 1831 1858 2153 2140 4212 1647 2333 3152 3215 5000 5000 3892 3413 3269 3269 3136 3709 4138 3710 3710 3233 2884 2884 2933 2731 2646 2646 2365 3122 3122 4758 4938 4938 2792 5202 4542 4542 4001 3408 3170 2548 2548 2514 2553 2553 2431 2808 4457 6651 6651 4994 4040 4040 3251 2785 3253 3253 3279 3048 2651 2675
-9999 -9999 -9999 -9999 -9999 -9999 -9999 -9999 -9999 -9999 -9999 -9999 -9999 -9999 -9999 -9999 1482 1465 1753 3092 2554 1812 1502 1714 1965 2608 4861 4212 4109 4109 4885 5028 4813 4813 4198 3636 3553 3553 3620 4140 3972 4011 4011 3774 3559 3559 2933 2731 2344 2395 2395 2435 2597 2597 3395 4261 4261 5116 4347 4597 3308 3235 2511 2520 2520 3285 2873 2418 2418 2747 4282 6215 7005 5800 5151 3251 3251 3183 3463 3463 3721 3361 2651 2515
-9999 -9999 -9999 -9999 -9999 -9999 -9999 -9999 -9999 -9999 -9999 -9999 -9999 -9999 -9999 -9999 1594 1431 1494 1697 1432 1432 1363 1574 5340 5340 4861 5739 5507 5897 5897 4614 4813 4182 4182 4008 3818 3661 3661 3467 3195 3199 3199 3536 3559 3559 3128 2916 2916 2691 2691 3081 2568 2568 2529 2516 2516 3567 4347 5070 3268 2764 2065 2417 3009 3240 3240 2231 2514 2807 3979 5846 6719 6341 5151 4616 4616 3682 3760 3622 3622 2607 2607 2576
-9999 -9999 -9999 -9999 -9999 -9999 -9999 -9999 -9999 -9999 -9999 -9999 -9999 -9999 -9999 -9999 2393 2030 2084 2038 1521 1521 1812 2966 5340 6501 6501 5562 3677 2852 2615 2615 3435 4089 3562 3377 3258 3115 3346 2917 3195 2964 3134 3536 3736 3271 3442 3470 3011 2989 2650 2650 2348 2464 2464 2488 2395 2038 2038 2395 3653 4215 3009 1972 2729 2458 2093 2038 2097 2097 2651 4787 6485 6305 3680 4106 3265 3265 2755 3295 3210 2569 2499 2932
-9999 -9999 -9999 -9999 -9999 -9999 -9999 -9999 -9999 -9999 -9999 -9999 -9999 -9999 -9999 -9999 2477 2366 2368 2192 1947 2240 4173 5082 5029 5698 5698 3595 2647 2424 2305 2615 2541 2691 3162 3444 3758 3115 2756 2917 3065 3090 2107 3229 3940 3140 3140 3470 3011 2856 2932 2932 2798 2742 2742 2488 2395 1922 1692 1692 1638 3434 1928 1967 1967 2360 2099 2603 3897 2130 3644 6235 6135 5764 3417 1942 3164 2657 2484 2865 3070 2805 2736 2913
-9999 -9999 -9999 -9999 -9999 -9999 -9999 -9999 -9999 -9999 -9999 -9999 -9999 -9999 -9999 -9999 -9999 2039 2039 2192 3685 4772 4888 6025 6723 3103 3000 2390 2453 2492 2305 2267 2267 2805 4540 4654 3758 3355 2906 3577 3529 3536 4581 3229 3229 3140 3524 3524 3513 3245 3830 3698 3698 2742 2742 2649 2313 1822 2008 1821 1638 1875 1816 2085 2085 3413 1782 4171 4171 2555 2485 3231 5162 5162 1842 1606 1793 2355 2056 2637 3101 3365 2931 2460
-9999 -9999 -9999 -9999 -9999 -9999 -9999 -9999 -9999 -9999 -9999 -9999 -9999 -9999 -9999 -9999 -9999 3679 3765 3765 4037 4710 5857 6650 5127 3103 2754 2371 2739 2611 2292 2292 2403 3314 5491 5226 3781 3718 3718 3509 3622 3732 3544 3404 3247 3221 3403 3403 3213 3495 4342 3698 3698 2866 2739 2739 2357 1766 2031 1821 1821 1756 1771 1708 2022 1719 2491 2102 2063 2063 1801 1272 2217 4703 2467 2470 2262 2262 1853 2385 2569 2920 3371 2648
-9999 -9999 -9999 -9999 -9999 -9999 -9999 -9999 -9999 -9999 -9999 -9999 -9999 -9999 -9999 -9999 -9999 5680 4397 5796 6496 6496 5634 4217 3844 3247 3011 2763 2862 2626 2730 2610 2729 3428 7061 5726 3610 4368 3478 3158 3158 3325 3341 3683 3516 3234 3494 3494 3178 3251 4342 3976 3976 3041 2640 2640 2671 2074 2031 1832 1773 1770 1770 1550 1760 1719 1719 2151 1947 1499 1499 1272 2217 3638 3638 2823 2319 1986 1986 2335 2697 3280 3280 3023
-9999 -9999 -9999 -9999 -9999 -9999 -9999 -9999 -9999 -9999 -9999 -9999 -9999 -9999 -9999 -9999 -9999 5680 7213 6726 4593 3863 3968 3968 3844 3814 3273 3477 3419 3166 3845 3634 3634 2809 5259 4644 4644 3701 3268 3231 3132 3040 3341 3240 2845 2892 2275 3685 3178 3251 3458 3880 3333 3333 2755 2640 2671 2081 2033 1872 1817 1872 1872 1550 1856 2189 2066 2217 1748 1546 1499 1255 1545 2467 3455 1907 1589 1986 1986 1987 2536 3193 3035 3103
-9999 -9999 -9999 -9999 -9999 -9999 -9999 -9999 -9999 -9999 -9999 -9999 -9999 -9999 -9999 -9999 -9999 6297 6031 4356 3799 3717 3717 3588 4591 4606 4356 3388 3431 3678 3849 3459 3459 2809 4074 3141 2543 2543 3181 2919 2960 2906 3068 2947 3119 3201 2457 2420 2371 2255 2255 2332 2119 2182 2182 1872 1763 1852 2032 2040 1882 1731 1719 1719 1765 2196 2183 2058 1857 1546 1374 1374 1665 2029 2518 1628 1589 1523 1247 1247 1998 2657 3081 2770
-9999 -9999 -9999 -9999 -9999 -9999 -9999 -9999 -9999 -9999 -9999 -9999 -9999 -9999 -9999 -9999 -9999 5989 4521 4140 3520 4938 4336 4546 4546 4606 3392 3222 3222 3262 3443 3233 3057 3057 3000 2596 2620 2620 3117 3015 2959 2906 2965 2696 2696 2995 2341 2341 2291 2591 2778 2641 2539 2301 2056 2056 1835 1910 1844 1505 1882 1731 1703 1703 2009 2489 2778 2058 1857 2343 2225 1494 1494 1767 2743 2643 1232 1076 1034 1218 1238 1328 1458 2128
-9999 -9999 -9999 -9999 -9999 -9999 -9999 -9999 -9999 -9999 -9999 -9999 -9999 -9999 -9999 -9999 -9999 5103 4368 4368 4594 4938 4821 3349 3619 3619 2591 3326 3181 3181 3250 3233 3039 2679 2679 2738 2761 2635 3212 2840 2742 3016 2880 2966 2952 2952 2475 2403 2403 2714 2686 2576 2539 2464 2174 1844 1844 2001 1798 1505 1579 1756 1749 2680 2680 2683 2499 2487 2141 2271 2271 1665 1665 1852 2504 2643 1460 1065 1065 1481 1716 1716 1961 1466
-9999 -9999 -9999 -9999 -9999 -9999 -9999 -9999 -9999 -9999 -9999 -9999 -9999 -9999 -9999 -9999 -9999 5574 5162 5094 4448 4664 3804 3349 2504 2504 2253 2722 3056 4291 3250 2967 2391 2337 2581 2574 2761 2635 2958 2737 2742 2807 2791 2114 2114 2374 2408 2416 2694 2694 2686 2606 2649 2597 2247 2061 2061 2030 2101 1476 1766 1851 2121 2805 2553 2553 2499 2210 2104 2097 2271 2019 2271 2233 2169 2945 2098 1170 1170 1684 1664 1664 1513 1816
-9999 -9999 -9999 -9999 -9999 -9999 -9999 -9999 -9999 -9999 -9999 -9999 -9999 -9999 -9999 -9999 -9999 5647 5499 5207 3768 3768 3804 2704 2505 3219 3219 2567 3056 4291 4291 3842 2796 2550 2781 2574 2575 2660 3146 2737 2985 2985 3047 2296 3025 3025 2215 2327 2992 2992 2696 2993 2545 2487 2260 2147 2120 2030 2101 2120 2184 2184 2456 2425 2318 2553 2202 2188 1861 1981 1565 1565 1949 3045 2169 2945 1647 1381 1381 1391 1634 1634 1513 1816
-9999 -9999 -9999 -9999 -9999 -9999 -9999 -9999 -9999 -9999 -9999 -9999 -9999 -9999 -9999 -9999 -9999 5916 5671 4353 2889 2658 2658 2956 3028 2316 2269 2567 2555 3466 3442 4273 3702 3098 3125 2777 2546 2878 3193 2642 3421 4129 4341 3620 2711 2711 2845 2687 3027 3255 2893 3400 2911 2911 2389 2197 2120 2148 2148 2191 2175 2175 2433 2425 2318 2171 2007 2007 1221 1900 1346 1197 2336 3082 3082 3027 1835 1457 1318 1318 1634 1834 1834 1691
-9999 -9999 -9999 -9999 -9999 -9999 -9999 -9999 -9999 -9999 -9999 -9999 -9999 -9999 -9999 -9999 -9999 4944 3846 3501 2692 3301 3301 3152 3247 2096 2570 2269 2571 2974 2869 3218 3563 3540 3746 2674 3607 3607 3437 3897 4215 3825 3825 3297 3317 2982 2845 2687 3296 3167 2679 2679 2822 2486 2486 2197 2267 2240 2240 2145 2204 2568 2469 2469 2348 2396 1997 1997 1190 1632 1192 1192 1898 2996 2996 2486 2346 1451 1318 1318 1637 1489 1489 1432
-9999 -9999 -9999 -9999 -9999 -9999 -9999 -9999 -9999 -9999 -9999 -9999 -9999 -9999 -9999 -9999 -9999 5046 3846 3425 3587 3343 2888 2888 2824 2457 2570 2663 2395 3321 3623 3364 3613 4337 4337 3901 5166 5166 3437 3897 3284 3358 3720 3720 2877 2982 2950 2950 3686 3480 3157 3157 3035 2416 2486 2186 2032 2070 2156 2478 2478 2681 2624 2624 2472 2468 2280 1189 1190 1499 1403 1757 1757 2136 2580 2366 2491 2040 1502 1633 1633 1537 1317 1505
-9999 -9999 -9999 -9999 -9999 -9999 -9999 -9999 -9999 -9999 -9999 -9999 -9999 -9999 -9999 -9999 -9999 5046 4304 3480 3471 3488 2730 2866 2866 2911 2458 2859 3887 3887 3623 4358 5691 6321 6075 5419 5977 5314 5314 4648 4512 2832 2314 2849 2849 2916 3059 3059 2827 2902 2889 2901 3035 2493 2389 2665 2252 2448 2440 2478 2478 2734 2769 2740 2740 2589 2280 1189 1189 1474 1564 1975 1975 2247 2616 2616 2651 2519 2169 1778 1778 1659 1531 2385
-9999 -9999 -9999 -9999 -9999 -9999 -9999 -9999 -9999 -9999 -9999 -9999 -9999 -9999 -9999 -9999 -9999 4659 3704 2984 2450 3054 2722 2947 3182 3182 2801 3718 3911 3887 4136 6219 6655 6557 6316 6156 7109 6184 4273 4273 3768 3513 2126 2263 2849 2890 2668 2589 2589 2929 3062 2875 2786 3267 3185 3153 2665 2766 2440 2508 2658 2712 2781 2856 2758 2589 2454 1508 1036 1036 1341 2062 2062 2342 2627 2627 2686 2692 2714 2012 2012 2506 1708 1708
-9999 -9999 -9999 -9999 -9999 -9999 -9999 -9999 -9999 -9999 -9999 -9999 -9999 -9999 -9999 -9999 -9999 5005 4563 3679 3159 3257 3257 3614 4192 3592 3592 3997 3844 4523 4523 5890 6354 7338 7549 7264 7109 5318 3533 3518 3518 3896 2503 2263 2526 2817 2635 2390 2588 2588 2120 2645 3150 3014 3542 3153 3354 2766 2729 2833 2890 2890 2545 3007 2758 2758 2760 1852 1562 1370 1397 2031 2122 2122 2531 2671 2671 2754 2810 2929 2607 2506 1807 1807
-9999 -9999 -9999 -9999 -9999 -9999 -9999 -9999 -9999 -9999 -9999 -9999 -9999 -9999 -9999 -9999 -9999 4982 4982 3408 3159 2750 2750 3353 3627 3798 3329 3329 3844 6533 7465 7804 7881 7464 6380 5356 5356 3582 3268 3823 3823 3408 2503 2170 2075 2231 2218 2627 3154 2551 2551 2350 2807 2855 3542 3390 3699 3534 2891 2687 2946 3331 3325 3007 2974 2524 2524 1688 1516 1804 2544 2473 2520 2520 2681 2674 2674 2574 2618 2585 2663 2663 2017 2017
-9999 -9999 -9999 -9999 -9999 -9999 -9999 -9999 -9999 -9999 -9999 -9999 -9999 -9999 -9999 -9999 -9999 4443 3375 3408 3297 2872 4017 4017 4319 6314 5265 3329 4442 8257 8169 6894 6894 5520 3399 3450 3414 3414 4239 5119 3829 3242 3147 3015 3017 3139 2218 3296 3595 2912 2978 2978 2932 2857 3021 3627 4141 4121 3646 3223 2934 3179 3325 3024 2752 2347 2347 1292 1459 2509 2697 2697 2684 2690 2690 2601 2601 2564 2688 2599 2659 2659 2134 1811
-9999 -9999 -9999 -9999 -9999 -9999 -9999 -9999 -9999 -9999 -9999 -9999 -9999 -9999 -9999 -9999 -9999 4301 3375 3567 3567 4100 4780 5421 5421 6314 7764 8070 7365 7529 6500 3573 6894 3116 3399 3305 4806 3726 3497 3986 3607 3108 2873 2962 3596 3935 2474 2474 2759 3596 4028 4028 3979 2857 3661 3661 4128 4574 3876 3876 3161 3179 3415 2964 2619 2466 1562 1924 3098 2710 2804 2690 2658 2730 2693 2626 2573 2573 2689 2668 2671 2652 2064 2064
-9999 -9999 -9999 -9999 -9999 -9999 -9999 -9999 -9999 -9999 -9999 -9999 -9999 -9999 -9999 -9999 -9999 4301 4013 4149 4149 4416 4919 5421 5421 7618 7627 6120 7076 7076 3968 3412 3212 4850 4850 3660 3537 2965 3497 3401 3401 3066 2982 3046 3596 3935 3097 3097 3014 3221 4830 4154 3979 3158 3348 3723 5083 4778 3931 3329 3329 3124 3527 2376 2376 1811 1562 2043 3098 3098 2925 2755 2728 2730 2820 2729 2630 2630 2658 2649 2666 2666 2517 1724
-9999 -9999 -9999 -9999 -9999 -9999 -9999 -9999 -9999 -9999 -9999 -9999 -9999 -9999 -9999 -9999 -9999 4164 4204 4218 5001 5001 4919 5209 5820 5820 4932 3994 3318 3481 4239 3344 3383 3482 3884 3884 3416 2965 3504 3182 3182 3094 3142 3287 3530 3712 3498 2958 2958 2661 4830 4154 4154 4241 4572 4142 4142 4778 3931 3159 3049 3049 3316 2219 2376 1811 1754 2267 2966 3190 3190 2786 2786 2907 2798 2759 2650 2741 2741 2668 2692 2664 2664 2186
-9999 -9999 -9999 -9999 -9999 -9999 -9999 -9999 -9999 -9999 -9999 -9999 -9999 -9999 -9999 -9999 -9999 3441 3551 3961 4524 4194 4969 3770 3714 3463 3012 2497 3659 4078 3602 3344 3809 3981 3516 3516 3416 3140 3569 3224 3009 3009 2953 3287 3640 3845 3524 3076 3076 2661 3554 4609 5037 5037 4965 3661 3618 3618 3803 3187 2668 2566 2566 2219 1676 1676 2030 2916 3581 3375 3375 2806 2786 2871 2832 2687 2710 2874 2862 2671 2660 2686 2647 2010
-9999 -9999 -9999 -9999 -9999 -9999 -9999 -9999 -9999 -9999 -9999 -9999 -9999 -9999 -9999 -9999 -9999 3361 3489 3573 3935 4194 3291 2770 2303 2509 2685 2930 3642 4535 4535 3932 2960 2960 3074 2872 3556 3788 3788 3182 3235 3156 2953 3106 3705 3590 3284 2808 3111 3111 3279 5218 5765 5755 4979 4146 3529 3905 3905 3832 3031 2566 2566 2410 1684 1684 1663 2313 2566 2128 3375 2806 2765 2782 2888 2888 2888 2907 2862 2863 2658 2726 2726 2390
