includes/gis/MODIS_ASCII/mod13q1_ndvi_2016_145.txt
ncols         829
nrows         925
xllcorner     164106.58989296
yllcorner     9637524.0094144
cellsize      264.9945474373
NODATA_value  -9999
[rows 185 to 221 of 925, columns 588 to 671 of 829]
4742 7475 7143 7143 7143 6770 7128 6857 6857 6899 6899 6687 6687 6930 6930 6853 6853 6867 6867 6867 6962 7024 7024 7031 7031 7031 6928 6957 6957 7000 7100 6913 6913 5731 6569 6569 7107 7318 7323 7323 6975 6975 6914 6914 7175 7175 7003 7003 6959 6959 7118 7055 7055 6957 6914 6572 6572 6572 6574 6700 6755 6727 6966 6966 6814 6814 6670 6619 6619 6635 6635 5826 5997 6072 6080 5565 5413 5932 6415 6415 5679 5153 5061 6248
5685 7475 7475 7060 7060 7060 7128 7128 6711 6711 6711 6687 6687 6677 6768 6846 6846 6930 6930 6930 6932 6932 7024 6930 6930 6880 6880 7034 7034 7100 7100 7100 6913 6935 6935 7021 7021 7118 7118 7118 6975 6975 6914 6914 6966 7184 7204 7204 7098 7098 7118 7118 7055 6957 6957 6914 6985 6572 6700 6700 6702 6702 6833 6833 6764 6764 6670 6619 6635 6635 6635 6210 6414 6233 6233 6066 6209 5799 5854 5854 5814 5640 6140 6248
5685 7775 7259 7259 7128 7232 7128 7142 6860 6860 6860 7080 7080 6768 6768 6846 6846 6948 6948 6890 6890 6842 6842 6930 6930 6930 6880 6643 6643 7034 7216 7060 7060 7060 6935 6935 7148 7148 7118 7118 7000 7000 7145 7145 7252 6966 7204 7204 7098 7098 7057 7076 7076 7134 7136 7136 6985 6985 6982 7006 6700 6702 6833 6833 6718 6718 6649 6668 6916 6916 7031 7220 6901 7126 7126 6066 6144 5895 5958 5900 6116 5285 6140 6554
7467 7578 7297 7297 7265 7265 7265 7142 7142 6860 7078 7078 7080 7080 7101 6945 6945 6948 6948 6948 6873 6873 6842 6444 6444 6041 6041 6279 6279 6279 7216 7216 7060 6289 6289 6241 6241 6693 6693 6693 7000 7000 7145 7157 7252 7252 7188 7188 7246 7246 7103 7057 7134 7134 7136 7136 7145 7059 7084 7059 6847 6799 6799 6799 6718 6675 6719 6719 6661 3521 4673 4673 6907 6108 6310 6310 6347 5957 6022 6101 6001 5285 5064 5532
7288 7578 7578 7053 7053 7265 7265 6947 7062 7062 6931 6931 6931 7101 7101 6945 6987 6987 7002 7002 7092 7162 7162 6444 6444 6444 5855 5855 6279 6279 6885 6929 6929 6705 6289 6289 6609 6609 6693 6607 6607 6710 6710 6643 6841 6841 7188 6872 6972 6972 7076 7045 7184 7184 7333 7333 7145 7145 7224 7059 6847 6570 6570 6546 6546 6691 6812 6719 6661 2678 4010 4010 6790 6108 6270 6439 6439 6335 6382 6245 6001 5953 6077 6369
7017 5996 6104 5686 5548 5930 5930 6505 6498 6573 6765 6765 6931 6944 4809 6883 6862 6862 6862 7092 7092 7092 7162 7227 6976 6976 6944 6821 6821 6821 6885 6885 6929 6746 6746 6705 6640 6787 6787 6295 6295 6398 6398 6564 6189 6189 6872 6872 6972 7076 7076 7045 7418 7418 7316 7316 7319 7145 7145 7097 7081 6570 6570 6546 6546 6691 6812 6812 6817 6286 6854 7094 6790 4130 5915 5683 5683 6278 6635 6245 6091 5811 6019 6270
6642 6287 5923 5269 4523 5516 5746 6777 6966 6573 6943 6943 6943 6944 4861 4559 6780 6780 6862 6862 6981 7152 7152 7227 7227 7227 6944 6944 6821 6821 6789 6789 6273 6273 6333 6333 6541 6382 6382 6519 6295 6295 6564 6564 6564 6025 6025 6112 6112 6883 6926 6926 6234 6012 7316 7319 7319 7292 7292 7201 7052 6906 6906 6994 6994 6908 6869 6817 6817 5692 5980 7094 6734 6530 5766 6037 6110 6110 6635 6187 5895 5399 5399 6286
7429 7353 7353 7024 7890 7857 7580 6563 6966 7104 6060 6126 4298 5394 7015 6765 6604 6604 6604 5282 6003 6511 6561 6948 6948 6822 6822 6822 6706 6623 6521 6521 6512 6444 6444 6444 6541 6541 6382 6524 6524 6519 4984 4984 4313 4313 6025 6025 6883 6883 6883 6926 6474 6000 7144 7024 7024 7131 7292 7201 7052 7052 6906 6994 6908 6908 6869 6619 6619 6537 6537 6480 6480 6653 6552 6552 6632 6569 6453 6313 5312 6237 6287 6237
7678 7429 7380 6772 6772 7450 7577 7169 6373 6469 6060 5791 4298 4491 7015 6824 7098 7047 7047 6632 6764 6316 6318 5119 6664 6664 7012 6762 6762 6762 6623 6623 6512 6512 6444 6444 6647 6647 6504 6758 6817 6817 4984 4984 4984 3494 3494 4476 4476 6064 6279 6279 6966 6430 5843 6793 6878 6632 7131 7115 7146 7146 6888 6880 7025 7025 6968 6930 6619 6537 6537 6480 6480 6457 6450 6506 6506 6685 5980 5980 6105 6417 6188 6268
7669 6196 6625 6203 6467 6327 6163 6996 6519 6653 3589 3225 6660 7047 7047 7047 7098 7047 7047 6707 6764 6764 6659 5876 6868 6992 7012 7012 6762 6808 6345 6345 6047 5824 5824 5824 6647 6647 6758 6758 6817 6817 6575 6575 5348 6084 5795 3494 6064 6064 6064 6279 5353 4905 5843 5801 5801 5251 7115 7115 7146 7175 7175 6888 7025 6998 6993 6992 6930 6825 6607 6607 6457 6457 6404 6367 6367 6501 5833 5887 5887 6417 6357 6595
2632 4938 7460 4385 6518 6452 6235 2946 2612 6653 6653 6660 7108 7108 6767 6767 5928 6841 6841 6707 6644 6450 6450 6010 5862 5862 7098 6909 6909 6810 6810 6047 6047 6047 5824 6151 6151 6237 6841 6972 6972 6972 6575 6575 6575 6084 6084 5795 7238 7238 6986 6986 6846 4905 5398 6786 6426 6897 6528 6682 6929 7196 7196 7122 7094 6998 6993 6992 6992 6892 6777 6777 6657 6657 6404 6367 6367 6501 5834 5379 5670 6328 6082 6074
2632 2632 4614 4614 4385 6288 6088 1465 818 6561 6080 6080 6080 7108 7050 6775 5752 6841 6841 6675 6692 6463 6339 5667 5988 5736 7098 7098 6909 6925 6925 6810 6858 6531 6531 6531 6151 6151 6841 6841 6972 6972 7133 7133 7091 7105 7063 7063 7238 6889 6703 6703 7005 7005 7004 7004 6897 6897 6528 6528 6685 7061 7061 7045 7045 7031 6985 7082 7062 6892 6777 6777 6657 6657 6628 6530 6407 6407 5903 5668 5670 6295 6442 6191
1477 1865 4614 4614 4614 6052 6055 5628 5628 6561 8964 -9999 5168 4432 4432 6143 6997 5618 5618 6417 6629 7333 7571 6332 5881 5881 7050 6923 6923 6846 6627 6858 6858 6858 6531 6663 6663 6464 6889 6889 6969 6969 7002 6920 6920 6892 6732 6732 6889 6889 6889 6703 6947 7005 7059 7059 6957 6957 6574 6528 7061 7061 7061 7045 6946 6946 7031 7082 7062 7062 7061 7061 7056 7056 6628 6530 6220 6220 5434 5668 5679 6170 6250 6454
2385 2385 892 2053 720 5082 6055 6055 5628 6165 -9999 -9999 4977 5227 4432 6143 7116 5871 7032 7032 7130 7387 7837 6332 5849 5579 7050 7050 6846 6846 6846 6709 6709 6709 6444 6659 6659 6498 6718 6782 6782 6782 7002 7002 7002 6892 6732 6732 7022 7022 7121 7121 7397 7276 7059 7059 6957 6957 6574 6574 6277 6277 6360 6360 6738 6946 6952 6924 6974 7062 7061 7061 7056 6750 6581 6581 5778 6220 5434 5888 6452 6165 6072 6397
4509 4509 1338 1663 609 6657 6657 6627 6627 6165 6165 6950 6950 6950 5227 6568 6671 6567 6577 6538 6377 6377 6620 6332 7394 7096 7096 7096 6981 6981 6908 7074 7074 6855 6855 6860 6757 6757 6718 6718 6782 6978 6978 7053 7053 6920 6614 6614 7022 7022 7121 7397 7397 7276 7235 7235 7055 7055 7222 7072 6277 6277 6360 6360 6738 6738 6723 6924 6974 6974 6659 6659 6803 6907 6887 6581 5778 6023 6023 6019 6319 6226 6504 6504
3691 3691 1909 4059 5017 5012 5012 6657 6627 6740 6902 6902 7334 7843 5571 6440 6594 6567 6559 6559 6243 6574 6574 6935 5982 6280 6280 6865 6441 6518 7064 7074 7074 7074 6860 6860 6860 6757 6861 6702 6702 6635 6701 6701 6920 6920 6614 6181 6181 6181 6581 7057 7057 7142 7235 7235 7055 7222 7222 7072 7319 7319 7195 7195 7435 7435 6723 6751 6751 6924 6659 6803 6803 6907 6907 6887 6932 6112 5929 5968 5968 5777 6096 5652
6158 6158 2405 7633 7633 5012 5012 5012 5819 6740 2273 5422 5422 5533 6854 6854 1531 6297 6624 6624 6584 6574 6574 7641 6029 6119 6141 6141 6411 6781 7064 7146 7146 6803 6803 6760 6500 6500 6861 6861 6702 6635 6635 6701 6701 6210 5369 5369 6181 6181 6581 7057 7057 7142 7082 7082 6955 6955 7061 7005 7319 7319 7195 7195 7435 7435 7149 7210 6924 6924 6792 6744 6744 6793 6793 6841 6123 6040 6060 6323 6323 5777 5772 5983
7173 5354 5583 4878 3702 5020 3774 5471 5923 5923 5840 4708 4827 6252 7083 7083 7195 6204 6523 6624 6584 9679 7270 7270 6592 6119 6364 6579 6579 6981 6713 6666 6772 6078 5719 6760 6760 6500 6335 6437 5484 5656 6931 6931 6210 6210 5369 4884 4884 5025 5025 6035 6035 6105 7082 7082 6955 7061 7061 7046 7341 7341 7088 6887 6887 6440 6440 6010 5932 6924 6792 6792 6698 7080 7080 7146 7057 6467 6503 6046 6451 6451 5865 5830
7213 6374 5958 4878 4875 5869 6005 5417 5923 5923 5840 4708 6044 6044 6582 6582 7195 6204 6523 6222 6222 8676 6883 6883 6592 6688 6511 6517 6517 6450 6261 6535 5899 5899 5757 6714 6219 6219 6335 6335 5484 5656 7091 6931 6959 6959 6432 6643 6643 6205 6259 5810 5810 4889 6545 7083 807 1132 6940 7046 3998 7184 7476 7507 7507 7446 7446 6010 5932 5932 6437 6437 6698 7080 7028 7146 6064 6366 6277 6046 6355 6288 6085 6004
6817 6858 6318 5458 5458 5839 6330 5417 6695 6695 6266 6266 6287 6287 5648 5335 6578 7833 8520 6379 6379 7645 6207 6637 6803 7348 7613 7624 7065 7065 6680 6535 5467 6893 6714 6714 6219 6219 6503 6584 5906 5793 7141 7141 7328 7328 7113 7042 5954 5954 5726 5937 5482 4889 6545 7053 1035 1132 7295 7249 2010 7184 7476 7507 7507 7446 7446 6858 6295 6295 6437 6437 6373 6283 6323 6990 6990 6748 6748 6496 5435 5772 5988 5974
6665 6582 6318 6360 6054 6054 6377 5858 6534 2628 5255 6529 6238 6238 5648 5335 5335 7593 7432 6235 6235 8028 6916 6637 7543 8474 8159 7502 6934 6953 6680 6084 5512 6320 7033 7033 7219 7472 7472 6029 5893 5893 6639 6639 7328 7328 7042 7042 7042 6485 6485 5937 6268 5399 7175 7175 7295 7295 7295 7249 7493 7438 7438 7456 7456 7163 7163 6858 6295 6268 6268 6537 6537 6283 6283 6990 6990 6806 6629 6629 5908 5500 5894 5959
6518 6582 6747 6817 6620 6620 6672 5858 6534 5295 5255 5255 6238 5408 5408 5274 5274 7079 7845 6235 6235 5974 5245 6995 7406 7406 7457 7428 7428 7428 7428 7171 7039 7039 7346 7346 7268 7268 6378 5606 5893 5893 6639 6639 7081 7081 7343 7343 6831 6054 5899 5671 6148 5399 6708 7175 6911 6911 6686 6686 6881 7124 7438 7456 7456 7163 6406 6406 5796 5752 5752 6537 6537 7038 7038 5443 5997 7021 6629 6629 6846 5685 6038 5959
6665 6665 6860 5661 6118 6507 6672 6866 5815 5437 5462 5462 6275 6096 6096 5775 5612 5612 7544 6079 2945 4180 5861 6544 7205 7325 7325 7516 7516 7516 7516 7446 7446 7446 7346 7346 7268 7095 7095 6378 6102 6102 5838 5838 6812 7081 7081 7343 6831 6831 6076 5797 5413 5981 7060 7060 6058 6001 6686 6686 5241 7124 7124 7639 7639 7453 7224 7224 5796 5752 5752 6129 6129 7038 7038 6921 5916 6481 5818 5595 5595 6408 5816 6234
5435 3866 3866 6118 7005 6507 6229 6229 5581 5572 2862 2264 6951 7137 7219 7219 7219 7219 4883 2979 1550 4180 5861 6544 6544 7214 7214 7291 7291 7291 7516 7446 7446 7446 7403 7403 7403 7403 7422 7422 6102 6102 5838 6812 6812 6901 6901 7162 7064 7064 7123 5742 5412 6379 7060 7060 6481 6184 6532 6532 4493 7137 7639 7639 7639 7453 7224 7224 6855 7082 7082 7209 6069 7385 6515 6515 5427 5362 5370 4170 5595 5434 5437 5904
-9999 -9999 6074 6377 6096 6221 6196 5919 5919 6915 6915 6951 6951 6951 6230 6466 6236 5693 5797 4883 4590 4713 4713 6685 7168 7214 7214 7291 7291 7291 7291 7405 7405 7405 7349 7403 7403 7422 7422 7422 7505 7505 7505 7505 7373 7373 7373 7162 7064 7034 7198 5742 5412 7478 7501 7501 6973 6973 6532 6532 6717 7406 7714 7714 7568 7568 7593 7593 7407 7085 6838 6838 6568 6568 6836 6836 6717 6717 6301 4170 6594 6864 6864 7336
-9999 -9999 7283 7658 7593 5392 4303 7670 7670 7670 7670 6980 6980 6980 7253 6151 6395 5609 5797 5797 4648 3946 3946 6685 7168 7168 7168 6095 6095 6095 7291 7405 7405 7405 7349 7349 7349 7403 7403 7403 7110 7505 7505 7505 7373 7373 7373 7219 7219 6505 7820 5804 5804 5796 7182 7182 7422 7624 7270 7551 7551 7406 7806 2122 2122 6820 7421 6663 6663 7085 6838 6838 6999 6999 6733 6836 6865 6865 6951 5064 6400 6599 6599 -9999
-9999 -9999 7283 7283 7334 2710 1802 7293 7293 7670 7670 6980 6980 6980 7234 7234 7253 7253 6614 7043 6952 6952 6952 6457 6174 6507 7192 7224 6095 6095 6095 6684 6684 6684 7473 7473 7349 7403 7403 7403 7110 7110 7110 7110 7340 7340 7340 7375 7375 -9999 -9999 6365 6478 6283 7182 7182 7422 7422 7422 7422 7478 7478 7806 2122 2122 7421 7421 6663 6663 6751 5927 5927 6624 6624 6265 6733 6701 6695 6951 5571 6400 6599 6599 7568
5841 5928 -9999 -9999 1325 7334 7334 7293 7293 7293 7293 6631 6631 6877 7234 7234 7527 7044 5839 7043 6952 6952 6952 6457 6120 4247 6917 7315 6449 6449 6449 6684 6684 7473 7473 7473 7473 6732 6732 7332 5958 5958 5958 5958 6954 6954 6954 7375 7375 7375 7098 7098 7098 7022 6266 5960 7343 7343 6923 3493 2608 2608 6894 6894 6894 6894 5968 8261 7064 5848 5848 6106 5603 6222 7032 7032 7172 6695 5870 5870 3210 7157 7157 7568
6854 6854 -9999 -9999 1450 6858 6059 7822 7822 7822 7822 6631 6631 6877 6877 6877 6047 6104 6985 7139 7139 7144 7213 7185 7682 7163 7042 7117 7593 7231 6382 5916 4119 7687 7687 6364 6364 6564 6564 7845 7683 7683 5958 6954 6954 6954 6954 7360 7360 7360 6398 6398 6398 7022 7022 5941 7343 7343 5784 3430 2177 2177 6791 6791 6894 6894 5968 8265 6857 6776 6776 6286 4987 5015 6833 7495 7172 6500 5617 5617 6766 6766 6771 5470
7429 7429 3717 3717 5342 2582 2582 2324 2324 2684 2684 8004 6750 5834 6281 7074 6533 6533 7070 7070 6804 7144 6415 6667 7161 5355 8831 -9999 5826 5826 6127 6499 5494 3155 4945 3448 3448 7983 7983 7845 3260 1420 1459 1459 6154 6537 6537 6810 7360 6398 6398 6398 6398 5621 5621 5189 5596 5596 6932 7277 7277 7277 1312 6791 6791 6300 6747 4206 5124 3120 4203 4203 6311 6311 3486 7495 7049 6500 4287 5749 6395 6341 6635 6635
7697 7697 5748 5748 4520 4348 4348 3509 3509 1959 1959 6951 7677 6226 6106 6873 6990 7145 6381 6474 6534 6122 6415 7372 7643 6356 -9999 -9999 4684 4684 5770 6774 5612 4877 5467 4268 4268 6817 9322 8018 -9999 -9999 7048 7537 6427 6537 6537 5733 7541 6852 6852 6852 6852 6629 5621 3945 4023 4023 6932 7216 7216 7216 1312 6658 6791 6343 6504 4401 5610 3120 1844 997 3988 3988 3988 6527 6527 6527 5484 6090 6395 6542 6872 6512
1576 1576 7140 7140 7484 7484 7484 3643 3643 6827 6827 6336 5012 6588 6106 6113 6113 6451 6381 6261 6534 6534 6898 6898 6140 8462 5300 4019 4684 4684 2356 1479 6326 -9999 -9999 8247 8247 8167 8018 8018 8018 -9999 7559 7964 7964 6731 4564 2810 7541 6852 6852 6852 6852 6629 6629 7082 7082 7082 7082 7197 6108 6202 7275 4779 2139 6334 6334 6334 6334 2921 6914 997 3403 3403 3403 6849 6849 6527 6093 6090 6037 7329 6596 6749
1039 1039 2421 2421 1897 4923 4133 5321 5321 3050 4971 4477 7196 4788 4788 4788 5230 5230 6256 6026 5927 5927 6454 6067 6067 7959 5300 4907 5744 5898 5023 1995 7148 -9999 -9999 8247 8247 8167 8167 8167 8167 -9999 7437 7779 7015 7015 3266 2276 7919 7563 7563 7563 7351 7351 6629 7282 7282 7282 7282 7214 6404 6404 7547 2494 3618 3618 4845 4148 5948 2095 6914 2072 3403 3403 3335 5373 3214 6849 6118 4670 6989 6973 6569 7634
696 696 1701 1701 1731 4923 4923 3684 5310 901 1328 1423 5933 4511 4511 4511 5400 5400 6599 6237 5780 6148 6616 5608 6067 5966 5521 5744 5744 5744 5537 3724 6312 7148 7231 7231 7231 7629 7629 8167 8167 6975 7197 7197 7142 6648 6648 6656 6077 7560 7560 7560 7540 7540 7540 7282 7282 7282 7214 7214 5976 6404 6769 5264 5264 5450 5450 3340 3300 2095 -9999 -9999 4475 4475 5255 5255 3530 6118 6118 4385 6667 6993 6707 8955
6481 4860 4860 4860 2018 3055 3684 731 731 2134 2134 2134 3498 4923 6056 6056 5288 6346 6346 6237 5780 6568 6616 5608 5608 5853 5706 5706 5521 5521 4495 5643 7376 7376 8145 8145 8145 8437 8437 8345 5826 5613 7537 7262 7599 7005 7005 7882 6726 7560 7560 7560 7540 7540 7540 7837 7510 7510 7021 7021 4747 4747 6995 5585 5585 7120 7120 7120 6664 2121 5957 7155 7196 7154 7159 6618 6107 5477 5200 6905 5962 6993 6707 8334
3694 4860 4860 2018 2018 3055 3055 670 670 784 784 784 3830 5377 5177 5177 5388 6820 6346 5401 6693 7078 7078 6790 6790 7957 7957 5706 2936 2936 583 1419 5356 2464 5277 5277 5277 8135 8135 8852 7912 4416 7537 6663 7052 7599 7882 7882 6496 7694 7694 7970 7480 7854 7854 6788 7510 7510 7021 7021 5554 4104 6917 5585 5585 7045 7120 7120 6664 1451 6347 6347 6621 7231 6933 6618 6618 6391 5565 5457 5264 4736 4736 8334
3694 1991 1991 2140 2140 8312 1493 1638 1638 1638 2523 2523 3292 3114 5625 5625 -9999 -9999 6825 6251 6251 6183 6183 6790 5230 6278 6278 7712 7712 7015 4969 4969 4969 5988 2534 2534 2534 9283 8917 6880 5675 8044 7729 5073 3851 5716 5530 6777 7866 6496 6471 6639 6639 7110 6790 6404 6810 6810 6076 6076 7015 7015 5647 5693 5693 7045 7045 7045 6868 5518 6426 5791 6549 7355 6933 6368 6942 6636 5964 5798 5798 3170 3170 4711
