includes/gis/MODIS_ASCII/mod13q1_ndvi_2010_273.txt
ncols         829
nrows         925
xllcorner     164106.58989296
yllcorner     9637524.0094144
cellsize      264.9945474373
NODATA_value  -9999
[rows 114 to 151 of 925, columns 420 to 503 of 829]
2359 2556 2076 2076 2465 2380 2571 2571 2251 2541 2467 2333 2226 2226 2440 2449 2366 2366 2380 2334 2204 2269 2101 2099 2099 2169 2824 2824 2824 2994 2994 3416 3416 4027 3053 3053 2753 2753 2839 2839 2839 2589 2449 2600 2612 2497 2497 2555 2711 2590 2516 2527 2477 2477 2635 2623 2364 2051 2280 2515 2522 2577 2274 1992 1942 2251 2358 2242 2175 2039 2156 1992 2076 2216 2346 2263 2198 2226 2445 2415 2299 2363 2493 2429
2456 2536 2579 2550 2465 2455 2589 2589 2364 2541 2474 2290 2420 2420 2335 2230 2101 2101 2488 2569 2589 2183 1202 1638 3282 2169 2169 2858 2696 2696 2696 2872 2872 4708 4224 4224 3021 2769 2267 2267 1834 1834 2652 2629 2571 2646 2616 2755 2711 2641 2599 2662 2600 2554 2361 2305 2290 2414 2480 2480 2540 2577 2375 2236 2315 2354 2360 2242 1970 2143 2143 2124 2272 2308 2317 2312 2349 2257 2432 2385 2299 2408 2492 2538
2673 2559 2579 2562 2573 2830 2894 2894 2105 2294 2236 2209 2484 2427 2427 2232 1741 2101 2066 2562 2534 2511 1818 2551 2585 2731 2731 2965 3215 3215 4074 4074 4074 4008 4041 4224 3021 3021 2350 2350 2343 2343 3093 2876 2541 2504 2616 2755 2724 2612 2731 2823 2736 2656 2361 2305 2176 2221 2421 2629 2540 2464 2373 2294 2556 2455 2428 2316 2292 2515 2282 2150 2349 2308 2357 2303 2304 2331 2273 2385 2376 2375 2375 2471
2863 2660 2673 2861 2649 3083 3128 2795 2105 1711 2187 2032 2211 2306 2306 2223 2058 1838 1511 2431 2542 2408 2415 2577 2518 2778 2778 2822 3379 3379 3506 3506 4074 4008 4041 3077 3077 3077 2879 2879 2343 2343 3381 3234 3141 2544 2561 2706 2676 2753 2823 2823 2792 2656 2682 2668 2531 1870 2362 2463 2666 2547 2547 2474 2489 2439 2428 2435 2453 2613 2402 2299 2349 2405 2418 2413 2337 2453 2373 2070 2215 2457 2540 2446
3002 2660 2876 3029 3410 3500 3038 2679 2439 2439 2645 2806 2368 2393 2504 2504 2696 2376 2598 2518 2518 2518 2529 2529 2492 2778 2822 2822 3280 3379 3506 3506 3290 3290 3722 3722 3077 3077 2879 2879 2854 2854 2684 2948 3209 2721 2561 2700 2725 2686 2785 2819 2792 2756 2705 2685 2598 2536 2570 2463 2519 2433 2435 2422 2429 2439 2474 2436 2528 2571 2506 2351 2491 2459 2333 2361 2361 2368 2431 2302 2378 2474 2473 2461
3407 3197 2992 3008 3412 3103 3083 2902 3161 3161 3109 2761 2602 2392 2594 2594 2580 2063 2507 2625 2625 2518 2529 2529 2492 2492 2835 2835 3862 3862 4311 4311 4466 4466 3722 3722 3049 2925 2925 2925 2835 2835 2907 2907 3447 2721 2329 2389 2525 2605 2656 2702 2873 2822 2822 2723 2723 2659 2570 2505 2350 2379 2531 2685 2470 2572 2572 2425 2417 2527 2733 2420 2434 2435 2468 2481 2412 2413 2489 2379 2358 2532 2571 2638
3147 2928 3210 3083 3083 3104 3074 3032 3404 3190 3093 3093 3042 2896 2445 2558 2558 2289 2485 2507 2625 2659 2659 2928 2932 2843 2340 2999 3261 4632 4300 1919 4466 4466 4466 3763 2966 2863 2863 2925 2835 2835 3268 3481 2661 2835 2391 2386 2383 2497 2542 2702 2786 2828 2704 2718 2604 2653 2560 2548 2650 2611 2629 2641 2573 2495 2490 2439 2439 2540 2854 2583 2287 2359 2464 2442 2422 2413 2328 2548 2458 2519 2347 2513
2762 2800 3245 3232 3124 3180 3180 3143 3245 3595 3560 3484 3231 3098 2460 2570 2405 2289 2485 2485 2724 2843 2843 2342 2373 2843 2865 3025 3158 3573 3913 1919 -519 3579 2694 2711 2695 2863 2863 2975 2975 2975 2733 3074 2661 2487 2483 2568 2568 2543 2459 2507 2630 2758 2749 2770 2725 2746 2746 2641 2670 2644 2577 2573 2689 2564 2571 2438 2625 3278 2854 2675 2316 2341 2325 2330 2422 2357 2359 2742 2503 2503 2374 2513
3079 3079 3145 3151 3172 2820 2853 2945 2945 3322 3335 3296 3063 3063 2705 2173 2388 2393 2336 2554 2724 2843 2843 2861 2373 2567 2840 3939 3939 3633 3617 3773 2147 1192 2304 2711 2695 2548 2518 2644 2765 2833 2594 3041 3143 2586 2548 2660 2497 2398 2510 2462 2335 2296 2674 2740 2769 2928 2828 2702 2678 2678 2606 2573 2659 2467 2561 2602 2576 3278 2836 2480 2325 2387 2332 2318 2429 2483 2552 2755 2514 2438 2374 2472
2939 3045 3045 3115 3220 3052 2987 2346 2421 2587 2937 3024 3066 2769 2705 2567 2421 2449 2297 2443 2893 2740 2740 2602 2574 2674 3104 3257 3141 3161 3174 3094 3094 2769 2359 2317 2355 1980 2124 2088 2614 2614 2594 2821 2824 2890 3065 3714 3461 2398 3297 3297 2820 2464 2478 2557 2769 2525 2508 2584 2649 2552 2606 2570 2479 2350 2481 2607 2733 2703 2635 2502 2402 2402 2377 2318 2427 2519 2464 2582 2686 2497 2478 2558
2827 2798 2798 2906 3220 3344 3079 2455 2172 2172 3058 2671 2671 3719 3435 3057 2833 2955 2638 2588 2418 1920 1659 2389 2591 2707 3135 3195 2916 3161 2897 2909 2692 2390 2390 2345 2355 2358 1948 1966 2734 2620 2533 2559 2545 2693 2823 2872 2773 3013 3717 3713 3453 3453 2703 2557 2499 2416 2435 2476 2421 2371 2442 2456 2456 2402 2444 2534 2733 2554 2592 2497 2298 2399 2473 2423 2421 2497 2602 2463 2819 2497 2521 2574
2829 2066 2906 2906 3108 3307 3293 3356 3316 2172 3079 2922 2951 2676 2770 2784 2791 2579 2708 2635 2394 2349 2321 2352 2352 2495 3000 3174 2916 2817 2711 2813 2682 2535 2492 2465 2548 2442 2586 2749 2799 2685 2564 2586 2622 2731 2803 2639 2773 2755 2800 2674 2660 2559 2271 2191 2100 2246 2516 2660 2588 2371 2452 2501 2277 2315 2439 2534 2599 2557 2582 2398 2337 2326 2473 2673 2463 2350 2350 2438 2785 2771 2429 2573
2640 2066 2731 2731 3208 2517 3004 2703 2937 3013 2770 2620 2620 2676 2762 2688 2557 2726 2789 2569 2394 2349 2359 2391 2274 2717 2717 3438 2761 2714 2725 2659 2659 2671 2567 2527 2527 2553 2570 2672 2800 2685 2675 2626 2570 2570 2705 2639 2492 2455 2551 2351 2242 2420 2271 2099 2099 2244 2388 2346 2588 2423 2389 2343 2317 2298 2419 2416 2416 2469 2583 2412 2290 2265 2343 2349 2420 2179 2202 2253 2594 2544 2538 2654
2745 2775 2984 3232 2729 2171 2606 2532 2727 2771 2733 2648 2168 2389 2709 2654 2667 2694 2626 2569 2406 2397 2419 2617 2617 3184 3771 3438 2669 2690 2744 2647 2676 2765 2567 2524 2518 2612 2612 2683 2800 2648 2711 2599 2611 2562 2501 2609 2444 2418 2480 2243 2183 2420 2407 2554 2496 2715 2564 2243 2129 2295 2577 2606 2291 2104 2210 2396 2391 2430 2430 2288 2221 2331 2447 2465 2533 2481 2483 2253 2532 2532 2672 2824
2778 2778 2970 2993 2729 2171 2171 2279 2608 2615 2565 2567 2591 2615 2615 2511 2525 2670 2626 2589 2662 2509 2736 3529 3184 3184 3771 2935 2782 2776 2618 2620 2676 2765 3251 2669 2589 2659 2608 2644 2690 2821 2813 2652 2641 2633 2501 2508 2508 2501 2538 2462 2297 2375 2429 2389 2305 2406 2564 2370 2370 2468 2572 2542 2288 2188 2248 2461 2371 2281 2237 2127 2221 2442 2637 2594 2486 2377 2536 2647 2426 2505 2834 2834
1376 1376 2252 2993 2586 2586 2085 1855 2536 2602 2484 2567 2637 2551 2412 2526 2526 2670 2584 2490 2623 2620 3421 4080 3491 3241 2775 2775 2802 2796 2618 2620 2748 2623 2776 2765 2505 2663 2608 2644 2656 2473 2621 2667 2655 2700 2622 2544 2469 2512 2418 2462 2543 2619 2527 2379 2422 2501 2907 2770 2447 2467 2451 2451 2373 2127 2366 2484 2388 2400 2453 2140 2186 2247 2404 2441 2439 2266 2536 2690 2358 2849 3280 2906
1842 1376 2252 2558 2415 2413 2396 2259 2472 2490 2484 2430 2384 2351 2555 2779 2562 2724 2626 2862 2788 3036 3111 4080 3588 2902 2614 2633 2820 2974 2653 2728 2705 2818 2642 2626 2594 2540 2632 2684 2572 2625 2621 2667 2655 2610 2470 2458 2519 2633 2469 2603 2602 2602 2509 2426 2618 2650 2563 2764 2527 2332 2393 2509 2373 2248 2363 2444 2503 2481 2318 2140 2093 2228 2285 2285 2346 2266 2500 2750 2696 2731 2812 2717
1842 2096 2096 2152 2037 2316 2396 2516 2516 2460 2453 2455 2348 3074 2556 2421 2332 2404 2425 2425 2593 2553 3111 2054 1888 2611 2416 1985 2719 2344 2354 2354 2442 2618 2627 2661 2617 2551 2544 2605 2659 2571 2571 2741 2535 2513 2578 2523 2630 2633 2469 2452 2606 2367 2300 2300 2455 2650 2156 2301 2513 2480 2435 2366 2421 2249 2203 2215 2330 2499 2318 2182 2024 2268 2348 2476 2421 2311 2303 2490 2638 2331 2464 2717
2246 1857 1857 1783 2037 2316 2416 2504 2497 2460 2439 2486 2471 2479 2539 1778 1962 2393 2368 2254 2425 2281 2281 2380 2462 2462 2386 2748 2967 2761 2445 2430 2436 2504 2504 2661 2626 2681 2670 2606 2524 2640 2623 2541 2602 2573 2639 2523 2630 2710 2594 2472 2409 2409 2294 2455 2455 2447 2172 2277 2696 2759 2408 2366 2356 2252 2118 2118 2195 2357 2492 2292 2218 2282 2379 2506 2421 2345 2345 2278 2263 2579 2445 2507
1394 1862 1789 1789 1790 1815 2357 2544 2323 2368 2344 2258 2735 2883 1889 1778 1962 2304 2396 2332 2531 2370 2302 2380 2380 2833 2833 3124 3138 2913 2757 2526 2420 2400 2571 2571 2667 2729 2800 2678 2461 2589 2596 2461 2827 2827 2633 2566 2596 2712 2663 2321 2330 2294 2294 2376 2455 2450 2438 2421 2780 2759 2408 2142 2235 2194 1957 2060 2453 2357 2448 2336 2203 2253 2180 2345 2305 2294 2273 2444 2526 2579 2628 2652
2170 2504 2707 3026 2728 2398 2380 2544 2463 2321 2415 2364 3372 3589 2691 2412 2800 2785 3119 3119 2531 2557 2643 2863 3093 3079 3079 3377 3232 2913 2688 2601 2605 2442 2504 2595 2637 2686 2727 2572 2461 2450 2545 2397 2709 2952 2863 2625 2743 2656 2611 2193 2183 2371 2344 2510 2510 2634 2600 2421 2780 2861 2341 2264 2152 2000 2208 2297 2297 2320 2166 2087 2044 2240 2180 2239 2442 2359 2375 2396 2510 2615 2615 2647
1977 2504 2707 3026 2539 2539 2401 2538 2731 2408 2316 2317 2443 2681 3213 3900 3900 3530 3119 2838 2875 2717 2766 2763 2881 4407 2975 3232 3232 3064 2858 2651 2656 2442 2433 2665 2488 2497 2497 2572 2370 2454 2649 2412 2842 2952 2973 2704 2704 2638 2590 2184 2183 2161 2229 2253 2270 2411 2472 2675 2812 2677 2137 2057 2127 2000 2326 2389 2214 1996 1996 2087 2044 2240 2112 2165 2207 2179 2196 2396 2510 2492 2667 2700
2028 1617 1694 2098 2210 2223 2679 2442 2481 2345 2415 2354 2395 2681 3448 3720 4030 3392 3931 3805 3670 3321 3321 2763 2881 3207 3136 2644 2728 2754 2776 2586 2656 2519 2530 2549 2437 2253 2200 2413 2289 2489 2551 2384 2842 2883 2659 2427 2314 2323 2408 2275 2232 2151 2281 2240 2280 2555 2472 2744 2744 2756 2542 2280 2127 2112 2047 2264 2434 2183 2263 2220 2350 2328 2135 2230 2336 2179 2196 2347 2620 2521 2489 2489
2310 2119 2210 2298 2323 2291 2664 2615 2615 2581 2475 2285 2395 2392 3727 4850 4388 3452 3987 3805 3670 3485 3321 2945 2768 2688 2678 2732 2745 2768 2768 2715 2559 2464 2366 2358 2341 2056 2076 2016 1966 2439 2476 2476 2692 2723 2843 2830 2521 2574 2408 2431 2311 2179 2332 2393 2306 2555 2541 2548 2613 2700 2700 2437 2351 2275 1885 2100 2285 2191 2263 2163 2170 2341 2317 2474 2450 2230 2275 2482 2769 2461 2484 2497
2507 2462 2398 2418 2377 2291 2274 2847 2968 3088 3088 2879 2363 2265 2619 3729 4824 3756 2952 1453 2446 2446 3300 2943 2943 2688 2678 2659 2689 2614 2808 2857 2775 2775 2473 2582 2263 2182 2261 2049 2171 2570 2796 2900 2663 2629 2798 2978 2669 2567 2544 2538 2472 2396 2498 2594 2528 2271 2377 2432 2454 2429 2464 2320 2320 2197 2043 1978 2123 2191 2186 2019 2225 2639 2606 2606 2450 2300 2324 2551 2804 2622 2484 2569
2577 2571 2603 2600 2563 2162 2466 2382 2358 2506 3039 2879 2531 2327 2985 3713 3938 3756 3353 3586 3587 3289 2939 2779 2779 2649 2649 2626 2536 2501 2706 2842 2780 2677 2535 2306 2306 2467 2511 2417 2455 2575 2890 2900 2841 2841 2928 2809 2733 2567 2491 2395 2452 2525 2594 2594 2528 2276 2266 2340 2328 2249 2464 2489 2192 2051 2051 2234 2262 2140 2211 2278 2583 2728 2329 2392 2392 2358 2545 2602 2922 2839 2683 2811
2554 2525 2525 2634 2563 2388 2448 2484 2253 2640 3039 2639 2988 3359 3096 3096 3306 3229 4187 4187 3576 3576 3061 2980 2679 2750 2649 2373 2461 2501 2754 2725 2628 2650 2617 2503 2460 2482 2521 2495 2555 2619 2757 2786 2585 2667 2710 2710 2733 2751 2539 2445 2559 2502 2473 2564 2564 2210 2325 2438 2432 2385 2279 2315 2250 2280 2416 2609 2262 2300 2288 2430 2640 2625 2463 2590 2658 2664 2602 2866 2866 2659 2474 2701
2606 2700 2603 2809 2522 2514 2514 2525 2545 2656 2250 2508 2859 2989 2563 2605 3281 3420 3930 3930 3024 3576 3061 3061 3051 3051 2894 2586 2586 2445 2714 2705 2549 2407 2542 2632 2560 2492 2492 2506 2621 2665 2757 2503 2415 2506 2467 2711 2822 3177 2943 2635 2505 2469 2502 2512 2412 2438 2438 2632 2682 2385 2244 2305 2279 2456 2379 2546 2394 2245 2245 2278 2377 2534 2469 2604 2763 2715 2615 2958 3160 2728 2562 2643
2869 2892 2646 2569 2555 2662 2616 2256 2545 2009 2325 2762 3124 3741 3633 2605 2811 3247 3930 3930 3024 3024 3095 3095 3129 3129 2894 2680 2680 2710 2860 2562 2348 2334 2523 2632 2662 2368 2457 2544 2544 2665 2667 2434 2339 2697 2534 2711 2800 2979 2979 3016 2481 2469 2371 2352 2432 2568 2445 2627 2668 2778 2704 2461 2510 2383 2376 2308 2276 2362 2300 2252 2252 2476 2636 2618 2683 2601 2661 2884 3160 2813 2780 2705
2638 2892 2655 2616 2529 2665 2895 2838 2323 2600 2988 3246 3765 3902 3927 3138 3326 3630 3312 2740 2740 2627 2629 2616 2811 2760 2813 2718 2497 2613 2751 2533 2269 2317 2523 2669 2677 2276 2370 2335 2280 2541 2376 2316 2495 2834 2534 2505 2560 2451 2410 2442 2307 2307 2496 2406 2371 2422 2571 2566 2558 2475 2475 2421 2471 2491 2376 2416 2333 2178 2197 2343 2582 2549 2549 2651 2434 2604 2792 2884 3275 2955 2797 2517
2371 2560 2495 2858 2613 2494 2995 2838 2930 2804 2804 2835 3333 3721 3927 4100 4053 3235 2650 2787 2681 2627 2651 2770 2948 2980 3120 2718 2378 2414 2678 2419 2246 2336 2509 2581 2487 2257 2239 2268 2280 2304 2372 2617 2943 2768 2487 2527 2563 2546 2582 2570 2401 2345 2345 2403 2406 2431 2433 2565 2831 2568 2534 2575 2575 2320 2376 2523 2400 2174 2125 2406 2582 2624 2537 2537 2402 2527 2462 2630 2603 2822 2597 2566
2371 2559 2369 2436 2522 2704 3233 2825 2881 2802 2890 3519 3519 3895 3447 3387 3302 2889 2946 2761 2681 2551 2615 2956 3247 3216 3119 3381 2807 2614 2476 2412 2337 2406 2328 2328 2351 2493 2804 2532 2405 2451 2525 2776 2781 2615 2554 2666 2742 2657 2833 2697 2525 2446 2396 2336 2329 2329 2433 2569 2348 2530 2543 2660 2521 2467 2467 2423 2306 2284 2205 2372 2725 2808 2584 2643 2541 2541 2462 2377 2590 3090 2574 2605
2603 2427 2427 2270 2374 2836 3735 3156 2410 2869 3224 3390 4050 3224 3224 3385 2899 2778 2986 2983 2600 2480 2668 3155 3226 3236 3236 3349 3033 2708 2614 2379 2415 2439 2395 2442 2633 2633 2804 2665 2489 2511 2513 2580 2737 2676 2815 2815 2785 2682 2809 2697 2410 2332 2324 2310 2264 2306 2323 2309 2594 2577 2410 2335 2569 2575 2534 2442 2320 2325 2456 2372 2575 2777 2605 2530 2574 2474 2474 2424 2459 2559 2748 2746
2320 2299 2679 2834 2834 3348 3735 3892 2937 2780 2940 3011 4050 4029 4140 3110 3015 3015 2807 2804 2741 2776 2784 2762 3048 3303 3221 2906 2906 2684 2864 2379 2413 2463 2432 2565 2791 3116 2804 2749 2533 2432 2452 2664 2576 2715 2726 2648 2595 2595 2809 2700 2544 2307 2228 2249 2265 2306 2542 2570 2519 2648 2386 2329 2569 2657 2626 2451 2665 2665 2456 2678 2785 2733 2701 2605 2606 2539 2608 2636 2891 2845 2845 2636
2402 2697 3131 3206 3504 3649 3649 3165 3615 3833 3159 2864 2941 3747 4097 3245 2895 2913 2996 2755 2689 2788 2959 2853 3048 2909 2749 2798 2795 2887 2864 2928 2839 2690 2606 2547 2535 2765 2713 2455 2455 2564 2605 3002 2576 2768 2605 2685 2609 2653 2682 2609 2525 2558 2667 2351 2265 2520 2775 2662 2722 2722 2584 2329 2538 2615 2677 2681 2512 2641 2689 2691 2691 2520 2473 2561 2676 2641 2642 2797 2892 2676 2578 2549
2265 2095 2027 2438 2733 3044 3799 4079 3918 3918 3159 2980 3182 3833 4645 2950 2910 2913 2757 2568 2568 2687 2878 2853 2942 2887 2923 3174 3278 2896 2860 2690 2722 2682 2689 2839 2744 2765 2649 2545 2673 2737 2737 2904 2726 2812 2792 2761 2674 2653 2589 2665 2665 2226 2318 2351 2223 2513 2789 2837 2665 2407 2353 2611 2611 2685 2670 2564 2579 2563 2419 2220 2200 2493 2493 2639 2590 2654 2679 2769 2797 2759 2578 2958
2353 2520 2721 2438 3059 3210 3779 4099 3859 3831 3783 3907 4700 4152 3244 2783 2910 3118 3005 2828 2619 2821 2821 3110 2762 2696 2674 2864 2884 2834 2656 2913 2913 2875 2705 2851 2815 2670 2556 2556 2764 2896 2609 2904 2765 2926 2895 2931 2674 2633 2468 2895 2646 2436 2441 2441 2409 2308 2425 2479 2447 2627 2487 2647 2561 2623 2604 2577 2417 2420 2190 2018 2849 2849 2995 2869 2869 2430 2408 2836 2977 2759 2795 3018
2828 2629 2673 2570 2807 3277 3805 3331 5105 3831 4217 4302 4302 3836 3088 2695 2933 2963 3040 2744 2600 2830 2723 3011 2751 2595 2528 2582 2548 2834 2685 3018 2903 2865 2865 3026 2815 2685 2554 2705 2919 2876 2609 2566 2699 2412 2360 2775 2814 2556 2505 2917 2563 2436 2551 2482 2482 2284 2333 2416 2374 2794 2741 2657 2564 2522 2500 2531 2388 2307 2362 2237 2774 2774 3012 2995 2869 2270 2429 2950 3253 2711 2774 2973
