includes/gis/MODIS_ASCII/mod13q1_ndvi_2008_337.txt
ncols         829
nrows         925
xllcorner     164106.58989296
yllcorner     9637524.0094144
cellsize      264.9945474373
NODATA_value  -9999
[rows 259 to 295 of 925, columns 336 to 419 of 829]
5491 5108 5408 5408 5864 5717 5240 5240 5525 5315 5315 4842 4784 4247 4044 4052 4016 3692 3956 3956 4692 5025 3888 4624 4539 4303 4800 5298 4600 5072 4791 3965 4393 5216 5652 5842 6390 6697 5585 4976 4976 3918 4483 4424 4424 3654 3555 3555 3484 3046 3183 3183 3184 3092 3092 2858 3012 2913 2913 2790 2772 2879 2782 2687 2521 2590 2578 2578 2725 2832 2508 2515 3382 2760 2657 2646 2693 2551 2343 2216 2297 2352 2436 2436
5434 5174 5295 5408 5692 5507 5370 5370 5207 5411 5315 4945 4643 4271 4044 3832 3649 3381 3562 3920 5025 5025 3888 4696 4469 4614 4263 4106 3721 3986 4791 5146 5457 6171 6171 6458 5172 5754 5397 4833 3781 3918 3905 3840 3840 3506 3548 3539 3539 3797 5166 4914 4914 3193 3092 2838 2911 2794 2794 2810 2781 2879 2782 2765 2505 2537 2539 2772 2725 2732 2478 2468 3323 2746 2801 2782 2574 2635 2635 2366 2356 2339 2237 2349
5667 5174 5295 5482 5482 5099 5138 4974 5207 5411 5362 5076 5076 4271 4150 3695 3637 3635 3762 3680 4623 3907 3903 3678 3763 3837 3514 2849 3721 3986 4488 4254 4759 4454 4698 4589 5172 4495 4623 4169 3312 3535 3535 3663 3568 3568 3345 3375 3375 3377 4320 3690 3690 3193 2916 2916 2891 2726 2731 2731 2733 2861 2839 2730 2472 2454 2582 2778 2958 2723 2586 2489 2687 2687 2715 2816 2698 2692 2529 2510 2331 2520 2098 2349
5667 5765 5481 5307 5307 5251 4897 4574 4885 5089 5199 4527 4252 4578 4023 3795 3730 3705 3816 3680 3882 3732 3653 3756 3756 3629 3514 4016 4016 3979 3951 4365 4685 5569 4629 4629 4210 4552 4976 3966 3581 3457 3457 3571 3568 3278 3400 3220 3377 3377 4708 3445 3690 2973 2843 2843 2951 2810 2720 2731 2733 2588 2588 2613 2456 2480 2590 2779 3044 2608 2608 2584 2712 2743 2743 2782 2500 2545 2524 2825 2331 2708 2494 2478
5348 5348 5192 4976 5340 5340 4720 4574 4512 4679 4957 4536 4536 4506 4163 4259 4271 4546 3816 3821 3890 3665 3574 3585 3981 4080 4427 4902 4419 4419 4378 4478 4478 4403 4883 4365 4210 4611 5687 3999 3011 3312 3598 3571 3469 3236 3246 3260 3513 3513 4708 3445 2925 2925 2880 2959 2959 2777 2720 2720 2640 2725 2669 2657 2496 2581 2666 2779 3277 2623 2609 2524 2560 2430 2511 2619 2616 2605 2454 2849 2749 2571 2571 2468
5874 4851 4640 4724 4439 5340 4720 4238 4398 4738 4755 4616 4536 4506 4338 4134 4449 4677 4387 4789 4509 4618 4663 4477 4209 4179 4011 4129 4117 4370 4370 4253 4253 4274 4883 4365 4365 4388 4759 3538 3023 3312 3598 3598 3529 3180 3240 3245 3199 4272 4272 3274 2955 2955 2958 2915 2959 2777 2794 2620 2620 2616 2594 2657 2545 2702 2666 3063 3885 2621 2582 2542 2521 2695 2853 2888 2888 2358 2546 2516 2556 2418 2418 2366
6123 4681 4681 5036 4439 4345 4345 4582 4737 4737 4623 4565 4595 4595 4271 4311 4563 4842 4961 4961 4767 4761 4821 4646 3735 4128 3915 4401 4220 4187 4209 3974 3883 4006 4795 5349 4661 4661 5348 3432 3023 2977 3195 3195 3235 3116 3172 3245 3199 3224 3224 3304 3340 3114 2802 2752 2626 2808 2792 2698 2698 2595 2483 2489 2703 2748 3056 3056 3068 2648 2587 2558 2617 2650 2659 2802 2730 2554 2530 2504 2643 2569 2366 2366
6404 5096 4681 5036 4361 4515 4694 4694 4687 4727 4727 4465 4407 4196 4196 4446 4563 5111 5393 5343 4919 4911 4911 4646 3985 3741 4075 4636 4339 4187 3890 3856 3761 3765 4344 5052 4579 4579 5399 3432 3432 3265 3230 3364 3364 3226 3320 3071 3067 2968 2968 2976 2915 3020 2850 2670 2626 2712 2878 2914 2690 2690 2530 2632 2746 2746 3148 3184 2856 2704 2569 2587 2543 2623 2558 2922 2903 2556 2556 2556 2552 2569 2419 2419
5777 5256 4853 4853 4911 4933 4893 4893 4687 4431 4431 4309 4100 4322 4322 4446 5197 5197 5521 5582 4896 4523 4641 4641 3795 3562 3904 4217 4202 4031 3808 3622 3659 3671 3986 3850 4039 4648 5399 3652 3652 3659 3489 3579 3579 3226 3320 3059 2964 2894 2883 2910 2855 2820 2707 2669 2654 2691 2878 2914 2798 2783 2497 2552 2684 3212 2933 2933 2856 2704 2445 2424 2505 2621 2867 2922 2903 2550 2292 2377 2522 2446 2400 2412
5386 5512 5153 4857 4857 4607 4893 4978 4978 4344 4177 4177 4348 4322 4752 4752 4695 5061 5086 5021 4652 4466 4546 4280 4494 4300 4815 5183 4802 4625 4410 3951 3478 3419 3783 3849 4194 4648 4648 3572 3611 3611 3510 3641 3222 3222 3105 2991 2991 2853 2883 2886 2886 2858 2823 2825 2983 2691 2691 2752 2798 2669 2635 2623 2653 3013 2802 2647 2647 2594 2367 2371 2419 2621 2625 2433 2433 2363 2363 2179 2153 2463 2426 2366
5370 5549 5132 5124 5124 4607 5015 5121 5121 4229 4406 4406 4348 4665 4799 4799 4925 5409 4805 4846 4328 4466 4708 4387 4399 4399 4815 5183 4711 4711 4353 3835 4024 3721 3709 3849 4330 4538 3496 3496 3314 3538 3538 3403 3178 3170 3170 2908 2991 2853 2822 2785 2785 2924 2866 2825 2983 2914 2744 2744 2765 2636 2487 2606 2664 3148 2883 2612 2514 2442 2473 2498 2419 2522 2522 2624 2624 2429 2214 2214 2153 2715 2325 2304
5266 5378 5240 5124 5107 5107 4963 4816 4567 4108 4080 4177 4338 4584 4606 4770 5112 5226 4686 4557 4328 4657 4940 4592 4599 4399 5314 5519 4902 5077 4941 4814 4006 3865 3770 4430 4430 4422 3341 3280 3314 3287 3287 3211 3049 3215 3215 2908 2940 2940 2974 2970 2961 2961 2865 3186 3186 2957 2782 2782 2768 2703 2661 2570 2594 2731 2883 2514 2503 2431 2466 2498 2527 2477 2425 2469 2475 2475 2246 2214 2159 2730 2382 2365
5206 5231 5240 5216 5150 5150 4775 4775 4687 4368 4257 4282 4367 4584 4667 4725 5012 5226 4868 4868 4384 4528 4847 4947 5228 4749 4749 5161 4813 4802 4941 4814 3859 3859 3637 4218 4617 4472 3333 3280 3402 3357 3177 3177 3056 3122 3136 3136 2957 2957 3013 3051 3046 2961 2865 2983 2983 2984 2779 2746 2746 2703 2637 2515 2516 2731 2741 2526 2468 2480 2437 2512 2512 2355 2315 2342 2421 2421 2450 2290 2290 2826 2417 2392
5236 5106 5184 5186 5275 4914 4914 4790 4939 4511 4459 4327 4453 4609 4563 5165 5045 5346 5417 5605 5605 5260 4847 4877 4877 4463 3970 3970 4282 4802 4802 4822 3747 3747 3849 3753 4436 4472 3333 3169 3292 3510 3269 3269 3030 3122 3106 3106 2960 3075 3075 3008 2806 2806 2794 2881 2881 2921 2753 2746 2746 2597 2557 2517 2608 2757 2687 2687 2398 2393 2489 2521 2364 2406 2301 2342 2500 2758 2597 2397 2397 2830 2417 2388
5236 5106 4972 4860 5399 5299 5299 4790 4939 5141 4959 5124 5350 5256 5500 4990 4852 5464 5599 5386 5605 5260 4615 4682 4682 5407 5176 3970 4282 4986 4654 4654 4240 3772 3849 3753 4470 4470 3442 3110 3201 3088 3086 3030 3030 3197 3201 3042 3199 3330 3075 3008 2921 2887 2774 2956 2972 2972 2753 2660 2547 2449 2381 2466 2538 2831 2688 2688 2511 2419 2345 2357 2364 2433 2788 2916 2422 2634 2522 2537 2485 2556 2382 2382
5527 5040 4678 4678 4673 4826 5133 5133 5118 5128 5160 5236 5350 5555 5555 5132 4909 5500 5504 5386 5166 5166 4794 4722 4569 3947 5176 5176 4725 4988 4642 4642 4160 3772 3772 3613 4211 4251 4251 3445 3116 3063 3086 2986 2986 3207 3147 3142 3116 3330 3129 3129 3019 2980 2993 2851 2826 2826 2716 2665 2520 2455 2409 2483 2693 2824 2604 2519 2435 2435 2345 2412 2544 2519 2803 2801 2486 2434 2392 2537 2485 2839 2601 2455
5300 4934 4581 4435 5002 4979 5258 5122 5122 5045 5160 5236 5264 5387 5387 5322 5299 5409 5504 5169 5094 5094 4792 4710 4136 5254 5254 5203 5550 4543 4459 3871 3596 3676 3792 3792 4117 3936 3936 3120 3063 3063 2961 3290 3252 3252 3192 3127 3209 3085 3074 2890 2818 2991 2907 2806 2797 2652 2616 2571 2571 2533 2500 2487 2913 3211 2896 2484 2752 2685 2648 2841 2841 2650 2844 2349 2385 2547 2392 2711 2711 2970 2601 2455
5450 4902 4641 4435 4948 5021 5207 5433 5433 5410 5254 5254 5276 5314 5446 5446 5495 5409 5201 5151 5364 5040 5040 4540 3930 4742 4714 4824 4276 4543 3989 3649 3795 4168 4308 4308 4472 4684 3120 3120 3304 3019 3019 2892 2874 2878 2984 3114 3083 3090 3267 3138 2887 3057 2930 2831 2784 2674 2664 2528 2511 2454 2500 2428 2470 3153 3138 2484 2756 2685 2797 2900 3068 2736 2833 2349 2358 2547 2515 2775 2768 2970 3143 2876
5420 5362 5366 5193 5182 5182 5124 5229 4947 4947 4908 5081 5087 5603 5528 5446 5495 5576 5077 5021 5247 5235 5040 4540 3709 4883 4416 4294 4281 4084 4084 3901 4161 4542 4605 4222 4421 4384 3712 3493 3493 3125 3041 2861 2874 2878 2878 3039 3185 3185 3050 2916 2916 2853 2842 2831 2778 2705 2625 2551 2616 2424 2435 2435 2498 2578 3138 2631 2584 2584 2672 2845 2845 2736 2684 2684 2358 2353 2489 2775 2768 2768 3029 3353
5315 5288 5288 5524 5252 5208 5208 5169 4807 4935 4886 4990 5088 5679 5496 5090 5307 5303 4472 4472 4979 5235 4730 4730 3778 4356 4299 4849 4901 5253 5253 4924 4631 4952 4605 4396 4437 4262 3439 3289 3051 2834 2771 2861 2980 2894 2894 2964 3013 3058 3152 2867 2725 2740 2740 2875 2791 2716 2679 2574 2542 2424 2421 2478 2479 2725 3011 2963 2535 2798 2798 2845 2845 2996 2748 2748 2365 2365 2661 2652 2619 2747 2747 2666
5373 5502 5578 5702 5584 5469 5469 5324 4807 4667 5221 5221 5099 5572 5492 5134 5134 4471 4143 4323 5076 5268 4948 4670 4670 4599 5318 5136 4882 5176 5176 5422 4907 4810 4810 4669 4587 4455 3495 3467 3277 2914 2900 3197 3069 3050 3067 3067 2927 3122 3043 2877 2763 2769 2824 2824 2698 2597 2747 2668 2542 2467 2457 2433 2786 2691 2929 2630 2666 2679 2679 3403 3004 3004 2895 3977 2992 3095 2912 2622 2838 2808 2542 2666
5600 5764 5695 5875 5779 5683 5667 5333 4836 4915 4886 4910 5350 5795 5645 5292 4923 4563 4550 4833 5275 5419 5026 4728 4728 4706 5239 5239 4870 5135 5305 4931 5064 4994 5130 5131 5131 4165 3868 3797 3277 2905 3054 3338 3338 3078 3068 3068 2927 2993 2819 2875 2809 2769 2768 2715 2646 2578 2711 2546 2600 2449 2397 2555 2739 2702 2719 2719 2691 2634 2738 2738 2895 2886 2886 3101 3500 3500 3122 2898 2787 2808 2542 2542
5938 5983 6223 6059 5714 5567 5085 4920 4852 4839 4428 5593 5788 5711 5711 5287 5034 4655 4816 4833 5492 5492 5101 4769 4739 4826 5234 5234 5324 5212 5468 5208 5132 4994 5087 5127 4144 3935 3935 3797 3388 3140 3189 3593 3475 3110 3068 2998 2998 3054 3123 3123 2977 3020 3044 3015 2849 2791 2966 2935 2987 2987 2845 2369 2762 2796 2776 2775 2775 2775 2825 2993 2908 2895 2886 3345 3321 3321 3307 2773 2787 2836 2586 2586
5844 5844 5616 5267 5267 5388 4995 5022 4943 5133 5186 5593 5610 5825 5542 5542 5185 5197 5530 5226 5511 5511 5301 4972 5107 5107 5800 5476 5476 5514 5670 5224 5132 5209 4899 4494 4123 3995 4009 3751 3751 3404 3471 3647 3545 3545 3459 3064 3064 3205 3650 3650 3468 3138 3128 3128 3573 3352 2966 3031 2911 2883 2883 2904 3082 3005 2776 2842 2842 2830 2901 2860 2908 2895 2889 2889 2863 3045 3080 2773 2773 2741 2458 2359
5982 5696 5616 5349 5349 5183 4610 4657 5471 5133 5186 5416 5472 5714 5866 5866 5372 5197 5530 5805 4949 4895 4895 5679 6362 5911 5643 5781 5665 5665 5295 5224 5300 5166 4748 4371 4304 4125 3878 3940 3914 3681 3579 4030 4176 4146 4146 3682 3648 3450 4117 4127 4268 4112 3983 4421 4421 3352 3352 2969 2987 2882 2882 2918 3082 3082 2853 2932 2921 2921 2985 2927 2920 2945 2923 2923 2873 2857 3080 2823 2614 2614 2399 2345
5894 5696 5696 5460 4943 4943 5057 5631 5332 5353 5408 5400 5400 5535 5619 5604 5372 5211 5219 5866 6043 5465 5465 5679 6362 6741 6741 6244 5453 4455 4654 4907 4907 4850 4704 4412 4436 4125 4047 4328 4377 4184 4586 4475 4388 4591 4141 3971 4069 3894 3500 3482 3482 3555 4071 4268 4268 3164 3041 3041 2960 2952 2970 2918 2983 3081 2929 3018 2942 2942 2985 2927 2926 2885 2938 2824 2824 2857 2857 2790 2605 2605 2617 2507
5894 5436 5436 4922 5026 5026 5367 5631 5332 5332 5370 5469 5469 5591 5619 5604 5604 5425 5324 5764 5529 5453 5932 5932 6357 6476 6220 5357 5062 4628 4654 4932 5043 5009 4681 4681 4705 4248 4111 4400 4663 4534 4569 4450 4391 4674 4334 4334 3918 3391 3310 3256 3581 3404 3525 3344 2774 3064 3228 3228 2975 2977 2974 2974 3003 2849 2849 2891 2869 3023 3023 2975 3000 2960 2873 2843 2824 2865 2770 2770 2466 2475 2475 2509
5638 5205 5509 5509 5615 5750 5367 5552 5267 5414 5414 5687 5563 5591 5704 5966 5653 5653 5469 4997 5529 5453 6203 6203 6434 5880 5476 4478 4530 4544 5173 5319 5251 5049 4461 4607 4607 4429 4336 4378 4523 4647 4569 4632 4632 4589 3863 3863 3644 3326 3249 3229 3489 3489 3652 3589 3206 3104 3117 3011 3011 2888 2947 2956 2956 2948 2871 2884 2815 2878 2891 2868 2983 2943 2873 3120 3033 2836 2726 2628 2600 2389 2389 2484
5563 5432 5829 5829 5615 5750 5750 5603 5263 5370 5370 5332 5563 5563 5861 6257 5644 5644 5473 5121 6259 6259 6562 6410 6410 6077 5476 5085 5396 5685 5862 5257 5130 4951 4726 4495 4589 4465 4453 4453 4546 4626 4901 5024 5024 4555 3910 3755 3644 3326 3205 3205 3197 3274 3363 3074 3155 3071 3034 3356 3356 3014 3049 2959 2959 2891 2942 2942 2977 3071 3318 3318 2993 2970 3017 3246 3017 2947 3005 2777 2689 2681 2521 2466
5354 5405 5553 5475 5324 5216 5513 5513 5495 5525 5299 5299 5965 5900 5900 5614 5818 5482 5482 4944 5844 5844 6040 5941 6077 6077 5645 5747 5747 5301 5584 5694 5630 4662 4544 4471 4416 4393 4476 4215 4126 4626 5173 4852 4193 4193 3910 3755 3755 3423 3404 3404 3487 3179 3179 3074 3220 3341 2717 2843 3333 3333 3120 3032 3098 3152 3352 3075 3075 3008 3210 3176 3176 3086 3086 3067 2733 2917 3093 2850 2662 2535 2530 2420
5271 5271 5553 5226 5146 5205 5332 5279 5298 5298 5284 4940 5512 5642 5627 5614 5818 5828 5618 5618 5460 5460 5732 5941 5902 5902 5738 6341 6341 5063 4997 4997 4836 4380 4544 4100 3417 3701 4249 4316 4171 4446 4446 4438 4123 4193 4092 4294 4054 4054 3751 3709 3487 3447 3280 3350 3246 3449 3739 3543 2658 3181 3181 3229 3013 2898 2964 3101 3101 2999 3257 3181 3259 3438 3438 2761 2342 2111 3093 2862 2789 2519 2534 2570
5904 5718 5347 5125 5270 5314 5227 5279 5317 5121 5206 5206 5470 5509 5627 5627 5889 6228 5870 5870 5092 5732 5732 5626 5578 5896 5896 6273 5714 5340 4920 4930 4378 4378 4277 4274 3597 3378 4054 4079 4171 4240 4419 4438 4123 4123 4380 4284 4017 3896 4007 3919 3919 3770 3783 3662 3681 3425 3739 3543 3337 3298 3298 2966 2966 2861 2964 3208 3431 3431 3063 3062 3062 2830 2438 2438 2702 2111 2727 2733 2941 2564 2428 2570
5893 5822 5657 5264 5222 5519 5227 5230 5467 5366 5626 5607 5470 5509 5893 6045 6045 6457 6197 6197 5092 5328 5328 5400 5445 6028 6028 6092 5714 5391 4953 4865 4190 4217 4217 4199 3882 3641 3838 4079 4064 4139 4418 4076 3794 3640 3451 3451 3368 3896 3724 3685 3720 3720 3847 3614 3592 3592 3374 3374 3452 3590 3244 3244 3011 2861 2962 3221 3416 3416 2383 2415 2627 2387 2181 2515 2515 2306 2306 2753 2794 2494 2428 2504
5953 5739 5447 5657 5311 5467 5412 5450 5757 5790 5952 5798 5810 5849 5662 5653 5653 6254 6284 4713 4994 4983 4965 4965 4962 5420 5457 6092 5597 5162 4818 4602 4190 4119 4312 3807 3684 3642 3869 3786 3708 3969 4341 3766 3794 3501 3505 3160 3249 3832 3579 3525 3661 3661 3677 3614 3507 3507 3439 3439 3353 3561 3068 3068 3011 2971 2823 2968 3367 2760 2760 2415 2627 2291 1858 2133 2133 2486 2486 2791 2859 2494 2494 2425
6168 5855 5447 5447 5525 5832 5832 5914 5819 5661 5952 5798 5854 5860 5718 5707 5707 6059 6284 4645 5226 5069 5041 5041 4915 5420 5457 5457 4466 4069 4343 4899 5334 5112 4580 4357 3606 3642 3709 3709 3745 3825 3867 3603 3559 3367 3340 3258 3172 3603 3558 3581 3681 3677 3677 3561 3447 3217 3439 3362 3362 3429 3068 3034 3034 2797 2909 3035 3522 3177 2760 2782 2847 2726 2498 1955 2389 2827 2827 2608 2639 2672 2694 2573
6168 5855 5473 5784 5784 5838 5838 5975 5804 5661 5661 5790 5903 5791 5727 5694 6059 6059 5984 4836 5298 5407 5322 4682 4682 4716 4690 4515 4334 4475 4343 5265 5334 4845 4406 4118 3745 3625 3666 3767 4782 4537 4428 4003 3813 3887 3791 3673 3673 3627 3611 3618 3681 3644 3644 3482 3445 3286 3286 3293 3293 3429 3203 3186 3186 2959 2988 2988 3522 3177 3115 3115 3085 2719 2496 2503 2503 2880 2733 2875 2639 2590 2589 2527
5597 5328 5249 5638 5638 6277 5802 5802 5804 5574 5799 5799 5745 5581 5581 5376 5102 5147 5147 4386 5138 5275 5520 4931 5018 5018 4886 5007 4334 4520 5167 5167 5262 4761 4277 3924 3745 3802 3684 3759 4761 4676 4462 4499 4031 3820 3710 3800 3800 4009 3742 3618 3606 3487 3444 3444 3425 3354 3395 3378 3453 3453 3314 3355 3355 3001 2839 2839 2777 2724 2654 2643 2616 2525 2482 2529 2529 3153 2846 2947 2677 2551 2615 2522
