includes/gis/MODIS_ASCII/mod13q1_ndvi_2002_001.txt
ncols         829
nrows         925
xllcorner     164106.58989296
yllcorner     9637524.0094144
cellsize      264.9945474373
NODATA_value  -9999
[rows 798 to 835 of 925, columns 336 to 419 of 829]
1770 1694 2042 2038 1965 2151 2122 2032 2203 2042 2046 1942 2020 2020 2096 1701 1827 1613 1728 1768 1739 1807 1947 1940 1773 1851 2154 2174 2168 2626 2401 2326 1989 2087 2179 2146 2264 1653 2485 2303 1982 2179 1869 1802 1756 1769 1845 1924 2015 2117 2213 2254 2534 2909 2997 2844 3647 3947 3984 3888 3401 3792 3445 3451 3478 3343 2915 2338 2285 2309 2107 2274 2229 2473 3097 4739 3208 3762 3770 3761 3854 4146 4066 4602
1865 1652 1911 1973 1965 1989 1989 1968 1931 2042 2069 2069 2198 2221 2013 1994 1827 1709 1667 1538 1698 1826 1929 1940 2005 2113 2431 2707 2707 2534 3077 2136 2298 2456 2386 2131 2264 2161 2840 2644 2670 2347 2280 1802 1835 1726 2166 1897 1897 2021 2182 1979 2290 2290 2745 2690 3437 4063 3871 3575 3779 3711 3445 3409 3281 2994 2900 2442 2123 2019 2053 2053 2058 2058 2888 3609 4184 3417 3526 3526 3661 3895 3680 3651
1840 1840 1890 1973 1658 1948 2081 2142 2151 2010 2132 2125 2199 2125 2027 2073 1992 1760 1711 1623 1615 1835 1608 1703 1996 2022 2301 2655 2651 3172 3172 2113 2457 2354 2215 2131 2415 2338 2658 2685 2734 2734 2280 1860 1938 2001 2404 2117 2038 2090 2090 1979 2002 2417 2551 2791 3000 3748 3899 3908 3585 3398 3411 3289 3086 3129 3150 2551 2327 2187 2406 2343 2142 2120 2120 3113 5034 3276 3255 3263 3220 3220 3370 3437
2169 2221 1890 1805 1891 1910 2108 2120 2082 2082 2225 2072 2210 2072 2219 1883 1767 1903 1776 1885 1564 1564 1608 1805 1535 1933 2027 2442 2651 2707 2178 2633 2585 2537 2591 2120 2385 2219 2062 2599 3001 2636 2636 2864 2066 2088 2170 1943 1942 2039 2016 1884 1942 2375 2375 2673 2894 3253 3463 3675 3442 3127 3159 2898 2898 2765 2756 2857 2327 2266 2676 2127 2039 2194 2413 2477 3282 3510 3436 2977 3106 3195 3441 3441
2152 2221 2057 2057 1887 1812 2000 2201 2291 2358 2001 2001 1942 1986 2242 2138 1990 1811 1714 1663 1516 1525 1525 1668 1662 1684 2047 2435 2746 2798 2583 3192 3006 3006 2591 2583 2338 2192 2044 2679 2976 3028 3193 2245 2339 1856 1759 1821 1986 2000 2195 1915 1959 2389 2664 2774 2865 2865 2933 3373 3237 3127 2905 2932 2793 2920 3256 2857 2754 2920 2887 3177 3274 3831 3559 2924 2797 3272 3761 3475 3281 3195 3210 3344
2425 2198 1903 1806 1806 1972 2065 2043 2355 2277 2348 2347 2406 2291 2242 2476 2554 1946 1762 1539 1419 1403 1739 1776 1506 1784 2110 2435 2878 3031 2443 3330 4398 2881 2881 2445 3018 2651 2297 2460 2568 2600 3149 3408 2742 2245 1800 1875 1800 1930 1914 1863 1886 2530 2664 2552 2482 2455 2717 3258 3237 3021 3139 3092 3139 2966 3780 3219 3219 3246 2947 2989 3784 4044 3856 3985 3993 3782 2915 3186 3281 3453 3634 3927
2467 2402 1971 2122 2122 2094 2032 2095 2398 2535 2473 2459 2285 2397 2291 2216 2278 2215 2048 1722 1419 1752 1686 1514 1570 1977 2110 2313 2910 2949 2700 2628 4002 3813 2398 2625 2675 2228 2443 2148 2550 2336 3117 3367 3251 2278 2008 1770 1906 1879 1833 1614 1769 2530 2944 2713 2632 2583 3403 3258 3390 3109 3145 3356 2963 2963 2788 3317 3067 2817 2967 2946 3076 3197 3845 4234 4478 4462 4602 3628 4551 4954 4107 3475
2228 2133 1868 1949 2079 2266 2266 2448 2595 2552 2267 2459 2285 2535 2856 2540 2246 1959 1803 1722 1609 1665 1572 1606 1661 2289 2206 2206 2696 2567 2456 2362 2499 3770 2698 2255 2380 2367 2425 2703 2698 2261 2831 3301 3204 2278 2034 2070 2079 2079 2052 1566 1665 2260 3137 3401 2962 3347 3597 3636 3636 3299 3504 3534 3507 3167 2678 2673 3004 3128 3084 3135 3187 3187 3312 3671 3834 4198 4602 4612 4733 4733 3751 3741
2158 1890 1868 1862 2314 2195 2377 2705 2705 2668 2267 2063 2539 2707 2362 2623 2286 1874 1803 1665 1605 1806 1593 1648 1605 2289 2637 3020 3073 2629 2500 2807 2418 3485 2532 2120 2368 2277 2425 2670 2937 2968 2968 3202 2927 2473 2277 2320 2347 1890 1769 1674 1665 2231 3020 3804 3202 3013 3205 2759 2780 2765 2711 2626 3507 3353 2822 2565 2570 2631 2793 2912 3123 3092 3240 3240 3280 3360 4571 4296 5057 5128 5147 4221
2016 1890 1814 2026 2162 2151 2740 2351 2326 2216 2060 2678 2786 2429 2284 2218 2146 1996 1786 1676 1676 1678 1793 1836 1849 2479 2870 3204 2693 2119 2219 2807 3417 3704 2521 1946 2359 2277 2413 2655 2775 3107 3033 2874 2927 2914 2428 2437 2543 1964 1966 1674 1821 2758 3476 3476 3139 3504 3883 4020 3766 2887 2238 2468 3314 3314 3211 2782 2774 2858 2793 3275 3175 3141 2895 2918 3151 3360 3601 3328 4985 5556 4738 4221
1697 1697 1891 2146 2149 2472 2410 2328 2672 2533 2550 2550 2427 2193 2204 2218 2371 2196 1921 1668 2225 2134 1781 1689 1879 2357 3323 3441 2933 2119 2219 2562 2757 2803 2053 2053 2243 2280 2630 2326 2588 3085 3026 2874 2939 2849 2849 2789 2519 2842 2715 2604 2884 2820 3031 3664 2420 2420 2694 2686 2618 2803 2839 2526 3256 3219 2885 2856 2856 2902 2793 3093 3148 3021 2850 2925 3151 3194 3177 3057 3016 4572 4883 4963
1852 1870 1870 2190 2283 2168 2378 2586 2672 2803 2672 2246 2349 2349 2204 2248 2219 2038 1991 2368 2244 2134 2158 2219 2219 2409 3500 3441 2933 2234 2330 2276 2381 3092 2578 2243 2243 2422 2646 2117 2170 3550 3146 2426 2341 2940 2802 3196 2988 2684 2653 2814 3107 3303 2710 2709 3712 2552 2552 2891 3033 3439 2669 2191 2390 2933 3579 3349 3545 2902 2711 3109 3278 2862 2753 2812 2888 2995 3157 3062 3068 3079 5413 5149
2129 1920 2176 2133 2133 2217 2513 2586 2647 2545 2198 2279 2352 2207 1994 2185 2343 2343 2382 2378 2244 2465 2343 2127 2271 2508 3500 3215 3303 2996 2575 2246 2172 2343 2578 2128 2463 2463 2248 1831 2240 3575 3054 2493 2676 2961 3031 3196 2988 2636 2485 2651 2933 3174 2751 2483 2740 2422 2698 3077 3176 3176 2669 2452 2456 3428 3567 3481 3559 3297 2927 2736 2558 2558 2877 2956 2989 2955 2963 3017 3102 3241 3470 5587
2129 2381 2336 1930 2368 2502 2513 2566 2524 2109 2460 2099 2106 2250 2093 2037 2428 2329 2008 2378 2210 2556 2169 2089 2355 2778 3136 3136 3123 3349 3012 2263 2298 2343 3419 2443 2446 2265 2067 2338 2338 3821 3214 3001 3589 2951 3031 2728 2450 2659 2481 2481 2705 3136 2828 2483 2478 2518 2845 3028 2937 2950 3337 3487 2699 2540 2587 2527 2450 3474 3635 3980 2798 2594 2490 2573 2676 2629 2709 2813 3102 3237 3410 3988
2330 2511 2178 1967 2450 2418 2083 1820 1965 2018 2018 2029 2087 2094 1931 2414 2241 1851 1712 2287 2133 2200 2088 2105 2453 3043 2920 3202 2945 2945 2552 2166 2279 2551 3011 2534 2897 2815 2468 3031 3929 3485 3280 3511 3535 2951 2745 2352 2313 2229 1998 2646 2728 3136 2828 2444 2596 2531 2666 2736 2655 2950 3359 3674 4211 4817 4817 4654 4254 3937 4445 4404 4157 2594 2616 2568 2489 2489 2564 2679 2950 2834 2840 3300
2621 2617 2503 1912 2247 1855 1704 1873 1809 1772 1869 1867 1947 2168 2715 2283 1736 1674 1712 1902 1902 2075 2268 2180 2339 3043 3211 3518 3071 2743 2288 2071 2081 2081 2283 2603 2944 3249 2759 3462 3968 4181 2954 2669 3535 2921 2971 2581 2232 2139 1871 2728 3060 3060 2877 2528 2682 2717 2775 2736 2655 3037 3385 3712 4018 4817 5001 5001 4705 4393 4180 4018 4438 2995 3042 3189 3048 3018 3048 3048 2703 2727 2652 2927
2547 2223 1933 1819 1780 1678 1677 1751 1666 1633 1723 1867 1845 2394 2283 1672 1626 1588 1627 1626 2236 2194 2194 2547 2676 3078 3364 2979 3586 3842 3093 2016 2149 2215 2680 2639 3414 3249 2959 3705 3560 3560 3818 2669 2912 2912 3044 2623 2207 2177 1751 2346 2591 2915 2606 2606 2702 2821 2829 2887 2942 2957 3196 3575 4018 4529 4728 4724 4724 4887 4440 3650 3433 3704 2968 3087 3166 3285 3520 3234 3234 2963 3047 2962
2413 1863 1840 1778 1628 1628 1720 1777 1582 1726 1723 1942 1809 1773 1712 1712 1627 1588 1589 1692 2231 2348 2497 2412 2880 2644 2644 3112 3347 3940 3093 2191 2122 2220 3471 3391 3414 3299 3634 4172 3682 2957 3208 2667 2719 2686 2333 2119 2119 2095 1751 2397 2544 2599 2956 2969 2550 2794 2832 2872 2832 2858 2821 3575 3612 3787 4344 4515 4639 4387 4440 3650 3582 4436 3351 3016 3156 3285 3520 3620 3294 3028 3003 2872
1851 1782 1849 1843 1751 1712 1712 1665 1717 2220 2090 2079 1828 1824 1840 1967 1627 1785 1902 2220 2233 2423 2572 2326 2248 2418 2597 2587 3100 3940 3945 2783 2133 2241 2734 3422 4564 5193 5193 4274 3108 2574 2666 2724 2446 2505 2403 2194 2095 2015 2223 2188 2064 2264 2796 3125 2550 2672 2721 2710 2710 2712 2821 2965 3061 3183 3906 4156 4222 4387 4564 4564 4237 3795 4059 3016 3156 3195 3003 3026 3168 3003 2898 2946
1773 1750 1767 1804 1734 1705 1959 1871 2396 2220 2346 2093 1792 1877 1954 2014 2144 2449 2000 1995 2088 2423 2572 2329 2420 2608 2573 2354 2145 3487 4701 4522 2594 2335 3265 3290 3583 2602 2385 2276 2299 2299 2666 2333 2276 2301 2412 2494 2182 2092 2341 2587 2608 2608 2648 3125 2676 2584 2650 2622 2599 2656 2710 2770 2811 3207 3453 3553 4222 4513 4667 3875 3453 3299 3874 3898 3547 2865 2936 3051 3414 2906 2931 2894
1741 1696 1753 1802 1798 2141 2798 2413 2099 2878 2594 2042 2242 2254 2146 1939 1755 1863 1938 1890 1963 2285 2374 2505 2608 2483 2341 2327 2145 2482 2744 2744 2773 2949 3565 3290 3549 2657 2298 2294 2273 2355 2220 2220 2223 2293 2310 2494 2249 2196 2356 2879 2939 3083 3250 3210 2965 2606 2502 2511 2517 2656 2672 2600 2600 2848 3253 3215 3933 3963 3431 2861 2917 2951 3144 3954 3843 3843 3301 2961 3328 3295 3061 3135
1644 1644 1753 1745 1787 2155 2231 1867 1877 1863 1954 2347 2480 2254 1873 1758 1795 1795 1805 1952 2099 2529 2241 2494 2527 2259 2282 2372 2398 2064 2456 2521 2755 3788 3788 3670 4223 3647 2282 2338 2277 2372 2321 2291 2378 2307 2307 2591 2236 2245 2645 2595 3084 3083 2806 3250 2789 2555 2400 2481 2517 2434 2485 2501 2646 3114 3154 2335 2416 2292 2120 2677 2728 2686 2507 2349 4540 5089 4507 4507 3328 3496 3757 3565
1672 1756 1705 1715 2477 2420 1894 1813 1827 1794 1935 2240 2369 1944 1810 1968 1968 1858 1887 2038 2099 2171 2178 2098 2096 2135 2358 2372 2334 1976 1911 2032 2525 2790 3167 3025 3371 3751 2916 2332 2375 2351 2311 2319 2312 2419 2448 2448 2348 2274 2598 2640 2930 3094 2628 2547 2633 2633 2425 2385 2486 2426 1879 1771 1836 1850 2096 2112 2076 2042 2125 2626 2640 2686 3291 2658 3763 4505 4795 5076 4019 4555 3841 3895
1596 1569 1610 1962 2509 1670 1706 1771 1856 1981 2223 2275 2113 2069 1910 2125 1985 1858 1822 1933 2036 2111 2114 2005 2005 2022 2358 2307 2350 1969 1884 2035 2138 2435 3373 3859 3829 3398 3398 2332 2378 2341 2247 2333 2410 2419 2561 2576 2366 2366 2335 2449 2930 2623 2050 2561 2473 2301 2334 2286 2349 2242 2316 2276 2304 2366 2662 2599 2484 1960 2100 2055 2181 2181 2181 4301 3698 3904 4598 5076 5563 5660 4197 3834
1395 1528 1861 2197 2310 1830 1761 1827 2021 2305 2128 1920 1982 2139 2140 2117 1985 1954 1954 1945 2081 2171 2114 1896 1852 2126 2023 2180 2169 2169 2110 2374 2138 2174 2739 3617 3615 3722 2688 2688 2456 2324 2334 2490 2605 2691 2738 2590 2443 2317 2344 2416 2988 1960 1960 1781 1783 2493 2571 2343 2239 2197 2197 2210 2271 2366 2417 2401 2297 1998 2048 1983 2181 2216 2835 3600 3599 4347 4598 5118 5438 6140 6177 4722
1457 1898 2204 2189 1951 1954 1893 2305 2084 2084 1931 1845 1982 2221 2245 2169 2257 2486 2149 2378 2378 2414 2401 2304 2024 2281 2214 2283 2213 2260 3396 2374 2393 2335 2537 2734 3150 4024 3384 2440 2275 2443 2443 2488 2519 2784 2796 2496 2554 2398 2278 2342 2629 2011 1774 1782 1731 2539 2571 2362 2270 2231 2181 2247 2271 2210 2287 2272 2319 2353 2338 1983 2045 2263 2384 3436 4054 4347 4689 5040 5650 5264 5668 5713
1820 2322 2106 2010 1921 1963 1799 2212 1883 1785 1987 1845 2042 2164 2385 2268 2329 2718 2186 2241 2330 2278 3110 2304 2183 2569 2290 2237 2004 2103 3396 3750 3750 2337 2478 2656 2751 4024 3437 3279 2488 2457 2569 2541 2519 2672 3186 2652 2998 2604 2331 2168 2506 2407 2444 2457 2351 2427 2498 2507 2263 2246 2180 2036 2259 2259 2208 2186 2377 2509 2338 1956 1990 2148 2220 4119 4107 3990 3990 3908 4106 4424 4762 5522
2302 2442 2442 1888 2088 1851 1954 2117 1962 2082 1987 2579 2579 2352 2507 2185 2291 2229 2119 2222 2215 2366 2388 2332 2033 2033 2038 2120 1984 2112 2652 2854 3034 2578 2629 2629 2623 3187 3581 4100 3423 2754 2545 2377 2437 2688 2706 2706 3083 2604 2373 2416 2491 2356 2312 2375 2351 2463 2463 2540 2336 2232 2266 2036 2051 2224 2227 2231 2360 2518 2394 1984 1998 2201 2943 4143 3778 4412 4417 4121 4121 3939 4126 5056
2748 2065 1631 2100 2088 1974 2195 2136 2173 2363 2249 2168 2192 2451 2906 2084 2178 2164 2206 2248 2404 2718 2537 2219 2159 2173 2175 2175 2124 2116 2540 2746 2644 2640 2780 2673 2812 2544 3341 3700 4005 3915 2525 2239 2269 2335 2614 3484 3002 3168 2890 2538 2341 2347 2283 2375 2286 2367 2408 2241 2340 2259 2266 2215 2206 2337 2236 2359 2318 2627 2533 2533 2499 3282 3836 4437 3907 3821 4185 4105 4189 4362 4126 4324
1843 1548 1623 2141 2142 2220 2220 1843 2349 2395 2198 2079 2232 2303 2505 2084 2229 2389 2389 2603 2708 2844 2537 2387 2443 2406 2175 2386 2806 2116 2098 2550 2596 2496 2568 3006 4302 3584 2930 3511 3511 3952 3252 2749 2310 2240 2495 2604 3002 2790 2637 2637 2320 2243 2284 2282 2174 2303 2330 2260 2194 2230 2197 2174 2125 2114 2158 2222 2285 2532 2611 2532 2804 2804 3476 4437 4318 4500 4511 4291 4563 4362 4509 4583
1603 1655 2035 2175 2214 1934 1670 1723 2030 2054 1977 2052 2299 2369 2625 2602 2453 2392 2681 2890 2890 3306 2889 2724 3266 3260 2933 2729 2806 2394 2370 2968 2399 2492 2451 2733 3091 2167 2124 2482 2965 3940 3940 3727 3118 2864 2351 2604 2593 2674 2416 2253 2180 2180 2284 2235 2157 2160 2139 2086 2009 2230 1844 1873 2171 2164 2066 2139 2247 2422 2520 2487 2774 3219 4452 4452 4350 4548 4563 4656 4781 4855 4641 4846
1645 1562 1869 2093 2094 1731 1650 1791 2030 2056 2056 2137 2411 2463 2625 2283 2533 2606 2713 3217 3102 2746 2746 2178 2121 2553 2818 2729 3123 2373 2365 1998 2081 2081 2451 2334 2439 1972 1838 1746 2965 4265 3863 3508 3508 3191 2552 2464 2440 2385 2424 2310 2262 2185 2191 2215 2103 2111 1964 2000 1919 2006 1787 1873 2057 2055 2055 2139 2289 2338 2462 2494 2653 2992 3695 4159 4193 3682 4148 4897 4781 4292 4385 4191
1671 2013 2013 2001 1949 1887 1998 2146 1988 2101 2365 2466 2637 2637 2498 2307 2443 2458 3117 3482 3102 2360 2275 2155 2237 2237 2413 2768 2639 2403 2204 2103 2061 2323 2323 2285 2302 1970 1922 1746 2046 2726 3844 4340 4063 4192 4192 2396 2283 2415 2447 2375 2213 2133 1953 2005 2013 1952 1952 2000 1927 2065 1787 1832 1881 1887 1962 2085 2288 2343 2374 2442 2510 2910 3133 2928 3135 3232 3232 4897 4641 4135 4355 3718
1584 2108 2140 2025 2025 2242 2083 2001 2126 2109 2123 3066 2964 2642 2642 2466 2287 2831 3103 2589 3013 2617 2576 2302 2538 2053 2053 2427 2483 2375 2240 2258 2073 2190 2276 2244 2244 2111 1915 1746 1791 2354 2936 3522 4018 4869 3261 2474 2261 2194 2199 2209 2168 2058 2021 1973 2002 1968 2020 1977 2048 2130 1790 1790 1852 1897 2005 2048 2222 2343 2499 2611 2583 2914 2756 2928 2714 2710 3342 3787 3853 3414 3414 3074
1790 2208 2086 2166 2166 2137 2137 2001 2083 2285 2558 3073 2964 2583 2548 2675 2675 2433 2430 2291 2463 2525 2468 2429 2457 2185 2339 2254 2106 2106 2245 2343 2073 1967 2024 2222 2306 2010 2010 2068 1782 2183 2525 3000 3734 4924 3988 3008 2687 2276 2234 2209 2048 2018 2052 1996 2038 1983 2020 2094 2045 1879 1879 1909 1909 1922 2048 2055 2222 2334 2622 2622 2621 2811 2756 2720 2848 2883 2718 2844 3083 3458 3280 3283
1904 2027 2372 2197 2084 1712 1989 1989 2130 2972 3318 3239 3034 2353 2397 2477 2539 2433 2390 2390 2690 2810 2620 2569 2457 2423 2379 2382 2219 2406 2426 2343 2120 2108 1930 2125 2286 2163 1879 1904 1884 2071 2683 3450 4127 4915 4017 3585 3366 2430 2413 2058 2058 1987 2092 1985 2068 1983 2008 2011 2006 1942 1881 1875 1949 1949 2088 2055 2174 2299 2629 2550 2752 2491 2664 2923 3033 3021 2652 2805 2921 3092 3366 3303
2183 2125 1855 1841 2022 2175 2178 2211 2540 2570 2973 3080 2784 2382 2354 2519 2330 2508 3001 3122 2866 2610 2610 2424 2301 2615 2326 2587 2375 2691 2835 2224 2278 2193 2126 2557 2276 2329 2689 2685 2312 2617 3166 3335 4561 4511 3933 3954 4283 2771 2413 2208 2074 2084 2114 2023 2023 1990 1990 1984 1966 2106 2006 1866 1883 2030 2088 2107 2110 2278 2510 2767 2752 2751 2991 2991 2979 2800 2722 2826 3282 3865 3566 3303
2119 2337 1949 2257 2524 2845 2627 2938 3156 2833 3137 2346 2218 2218 2387 2930 3122 3454 3444 2975 3223 2993 3097 2863 2692 2501 2314 2854 3185 2786 2835 2983 2970 3031 2806 3419 2592 2355 2618 2752 2554 2405 2445 3335 3624 3624 4825 5313 3632 2771 2472 2430 2196 2188 2236 2172 2023 2107 2196 2019 1912 2008 2051 1959 2035 2030 1909 2005 2263 2263 2422 2767 2793 2696 2932 3165 3165 2826 2826 2828 3008 3300 3235 3175
