includes/gis/MODIS_ASCII/mod13q1_ndvi_2010_033.txt
ncols         829
nrows         925
xllcorner     164106.58989296
yllcorner     9637524.0094144
cellsize      264.9945474373
NODATA_value  -9999
[rows 266 to 303 of 925, columns 504 to 587 of 829]
3622 3622 3458 3406 3406 3575 3423 3420 3581 3727 3785 3785 3609 3731 3900 3770 3649 3419 3717 3717 3413 3289 3384 3483 3502 3488 3488 3368 3341 3640 3790 3790 3756 4077 4086 3811 3428 3337 3440 3440 3594 3908 3899 3907 4184 3862 3752 4464 4284 3997 4305 4636 4481 4241 4147 4275 4194 4333 4568 4706 5571 5554 5500 5145 5154 5154 4909 5602 5352 5216 5017 5082 5333 5326 5344 5632 5396 5428 5212 5164 4985 4820 4760 4893
3723 3622 3458 3588 3842 3842 3712 3615 3637 3727 3801 3801 3494 3521 3637 3632 3476 3246 3754 3535 3535 3349 3388 3448 3340 3309 3271 3271 3293 3448 3747 3499 3351 3351 3663 4070 3547 3705 3598 3801 3536 3536 4034 3664 4022 3586 3768 3928 4243 4124 3952 4686 4556 4296 4306 4454 4289 4004 4568 4932 5231 4915 5034 5120 5410 5558 5248 4997 4536 4699 4964 5051 5333 5747 5220 5068 5386 4758 4899 5232 4793 4793 5140 5127
3723 3723 3884 3886 3901 3901 3904 3637 3637 3676 3789 3632 3632 3475 3637 3632 3506 3472 3906 3817 3609 3609 3063 3213 3182 3235 3325 3280 3293 3369 3422 3757 3170 3653 3613 4078 4313 3641 3820 4073 3362 3746 3746 4160 4190 3910 3936 4162 4006 4006 4117 4495 4512 4392 4087 4408 4055 4055 4350 5096 5372 5005 4540 5007 5452 5275 4861 4861 5091 4714 4120 5051 5368 5474 5474 4881 4625 4905 4899 4962 4886 4927 4927 5494
3644 3836 3836 3759 3863 4016 4016 3818 3818 3961 4049 3939 3939 3761 3645 3645 3606 3643 4005 3943 3995 3279 3403 3372 3276 3290 3295 3205 3345 3919 3768 3405 3371 3768 3613 3861 3861 4012 3669 3545 3362 3330 3583 3583 3977 4133 4023 4162 4271 4212 4420 4171 4174 4392 4412 4411 4199 4318 4318 4599 5151 4510 4496 5177 5222 5513 5152 5221 5221 4797 4120 4738 4710 5001 5185 5185 5140 5358 5155 5227 5156 5775 6176 5011
3739 4122 4122 4063 4082 4016 4016 4177 4101 4101 4121 4042 3761 3761 3623 3744 3738 3540 3467 3918 3747 3879 3551 3551 3539 3427 3295 3390 3345 3646 3646 3101 3371 3768 3919 3971 3681 3503 3879 3777 3494 3750 3613 3545 3834 3978 4023 4138 4124 3943 4288 4110 4190 4664 4322 4235 4401 4676 4691 4599 5093 5001 4763 4737 5081 5071 5439 5235 5054 5414 4720 4559 4884 5014 5048 5377 5119 5106 5110 5267 4693 5906 6176 6341
4086 4261 4254 4254 4082 4228 4177 4238 4180 4180 4031 3826 3956 3956 3894 3396 3396 3543 3449 3842 3732 3615 3548 3575 3464 3427 3277 3506 3631 3718 3279 3101 3148 3752 3734 3683 3777 4045 4045 3777 3556 3921 3481 3188 4059 3978 4024 3992 4255 4408 4381 4343 4190 4359 4383 4193 4133 4424 4205 4559 4588 4783 4656 4494 4535 4864 4447 4527 4527 4559 4826 4559 4454 4653 4955 4955 4851 5285 5643 5144 5518 5996 5918 5923
3826 4100 4329 4702 4659 4642 4642 4635 4034 3859 3859 3728 3795 3537 3537 3396 3327 3240 3219 3779 3600 3578 3625 3598 3464 3414 3414 3593 3746 3638 3759 3348 3514 3514 3342 3717 3820 4171 3940 3940 3751 3466 3365 3617 4059 4268 4268 3947 3850 4165 4176 4280 4391 4391 4116 4506 4507 4096 4529 4176 4147 4317 4317 4376 4535 4948 4351 4942 4921 4921 4826 4770 4476 5203 5538 5382 5382 5285 5675 5702 6232 5760 6008 5994
3735 4075 4384 4892 4994 4472 4138 4553 4762 4448 4196 4303 3930 3616 3616 3382 3171 3178 3219 3375 3365 3552 3691 3598 3427 3382 3299 3299 3555 3293 3759 3617 3653 3717 3717 4108 3971 4171 3897 3743 3743 3925 3834 3829 4028 4434 4049 4049 3707 3707 4142 4326 4074 4025 4331 4090 4090 4096 4140 3821 3643 4110 4405 4376 4590 4865 4641 4912 4669 4781 4416 4448 4453 4499 5096 5045 5410 5410 5134 5692 5827 5337 5771 5994
3735 4150 4498 4825 4994 4891 4615 4970 5056 4510 4196 4055 3914 3614 3317 3222 3195 3178 3272 3442 3239 3279 3346 3541 3364 3253 3379 3577 3577 3580 3700 4078 3809 4060 4222 4222 4113 4202 4067 3675 3770 4208 4251 3864 4103 4199 4065 3795 3926 3723 3623 3953 4194 4062 3924 3919 4111 4111 4001 4004 4014 3930 4405 4509 4509 4900 4699 4547 4085 4781 4831 4649 4649 4888 4733 5045 5870 6123 5104 5104 5513 5199 5771 5639
3923 4428 4428 4825 4959 4987 4800 4868 4496 4510 4140 3908 3755 3528 3434 3191 3195 3175 3273 3158 3188 3549 3346 3576 3525 3354 3674 3495 3225 3580 3546 3545 3816 4129 4061 3770 3999 4102 4181 3931 3916 3544 4251 4251 4437 3721 3988 4030 4115 3723 3697 3697 3989 4065 3837 3919 3804 3839 3839 4134 3926 3789 3996 4170 4651 4651 4825 4615 4085 4017 4275 4193 4633 4633 4835 5043 5418 5973 5405 5794 5794 5326 4888 5162
4035 4466 4677 4677 4752 4728 4813 4767 4422 4124 4124 4014 3885 3749 3480 3191 3191 3245 3470 3462 3188 3746 3616 3358 3571 3541 3372 3313 3425 3661 3943 3943 3475 3551 4061 3847 3850 4004 4586 4590 4685 3544 3523 3732 3769 4003 4165 4238 4115 4029 4238 4143 4449 4499 3837 3911 4219 4458 4355 4355 4282 3789 4159 4224 4311 4691 4691 4615 4625 4845 4739 4439 4399 4418 4835 5204 5406 5767 5819 5404 6074 5612 5154 5325
4305 4466 4680 4597 4597 4612 4765 4517 4422 4159 4045 4045 4028 3772 3480 3369 3446 3926 3926 3462 3760 3786 3663 4129 4114 4114 4000 3701 3522 3569 4195 3790 3790 3551 3686 3675 4542 4196 4118 4594 4685 4356 4189 3921 3866 4357 4186 4238 4161 3586 3940 4074 4171 4499 4476 3961 4051 4397 4169 3962 4282 4161 3921 4133 4263 4261 4558 5015 4901 4735 4761 4727 4323 4589 5070 5021 4738 4695 4926 4819 5450 5375 5218 5218
4802 4232 4383 4544 4591 4591 4470 4379 4333 4132 3973 3668 3668 3383 3416 3249 3245 3966 4058 4234 4113 4217 4054 4998 4151 4514 4237 4562 4665 4760 4760 5134 3784 3784 3967 5044 4465 4194 3727 4594 4589 4146 4239 4165 4022 4049 4186 4417 3946 3836 4127 4146 4078 4016 4177 4152 4486 3930 3800 3965 4163 4313 4011 4116 4219 4266 4052 4029 4647 4647 4328 3740 4323 4258 4596 4554 4264 4264 4092 4819 5363 4869 5260 4893
4802 4200 4250 4448 4428 4177 4044 4044 4099 4135 4009 3929 3451 3383 3383 3328 3614 4558 4817 4234 4330 4330 4550 4687 4518 4514 4827 4827 4303 4559 4689 5134 5282 4957 4957 4917 4229 4231 3727 4030 3967 4036 3981 3852 3428 4049 4129 4129 4098 4063 4117 3807 3760 4341 4297 4297 4129 3951 4232 4325 4571 4473 4201 4201 4211 4266 3995 3962 4366 4442 3799 3740 4204 3968 3892 4411 4353 4122 4092 4473 5422 5460 5160 4337
5317 4587 4850 4583 4309 4027 4028 3833 3833 3829 3961 4093 3724 3682 3682 3593 3653 4143 4817 4748 4885 5059 5059 4905 5233 4714 4690 4446 4446 4606 4665 4318 4351 4668 4270 4270 4217 4416 3994 4247 4148 4287 3775 3548 3478 3230 4280 3886 3886 4074 3833 3481 3843 4641 4176 4235 4609 4609 4494 4571 4587 4182 4073 4891 4211 4197 4276 4251 4104 3610 3479 3995 3995 4073 4263 4262 4539 4122 4547 4547 5392 5250 5132 4764
5339 4757 4757 4473 4309 3977 3682 3428 3597 3550 3817 4093 3944 3978 3686 3686 3653 3996 4544 4873 4827 5143 5119 5119 5233 4797 4959 4784 5228 5228 5019 4605 4190 3655 3839 4744 4744 4416 4625 4282 3926 4039 3762 3422 3484 3963 4329 4253 3956 3751 3462 3462 3971 4272 4240 4477 5090 4587 4587 4495 4820 4201 3926 4891 4544 4269 4269 4380 4211 4189 3479 3540 3786 3786 4139 4476 4539 4585 4441 4895 4895 5038 4834 4764
5245 4637 4507 4473 4193 3968 4038 3600 3607 3889 3817 4065 4040 3978 3686 3686 3643 3996 4227 4399 4436 4600 4823 4973 5205 5044 4884 4876 5120 5287 5019 4392 4560 4500 4094 4409 4934 4160 4160 4565 4463 4594 3649 4122 4122 4026 3881 3877 4166 3751 3730 3995 3995 4213 4211 4308 5090 5256 4748 4748 4735 4761 3926 4535 4968 4782 4680 4680 4722 4189 4238 4185 3790 4249 4249 4476 4746 4492 4504 5099 4637 4869 4869 4688
4501 4429 4161 4391 4391 4106 3924 3842 3771 3889 3918 3918 4040 4040 3856 3856 3637 4081 4437 4874 5003 5062 5238 4973 5353 4860 4488 4420 4520 5287 5130 5434 4929 4105 4479 4729 4729 4596 4456 4245 4155 4594 4015 4164 3824 4275 4184 4132 4028 4103 3941 3944 4256 4485 4288 4308 4571 5093 5180 4910 4910 4268 4384 4701 4768 4840 4761 4938 4722 4984 4753 4651 4654 4655 4328 4305 4244 4492 4326 4696 4974 4783 4521 5018
4490 4149 3777 4163 4077 4077 4197 4075 3896 3790 4051 4084 3916 3916 3885 3885 2767 4471 4727 4727 5597 5647 5454 5080 4309 4465 4465 5152 4233 4797 5632 5449 5335 5335 4479 5066 5389 4558 4174 4356 4155 4189 3616 4103 4475 4220 4173 3944 4028 4298 4244 4050 4008 3884 4288 4372 4294 4244 4442 4438 4009 4268 4467 4651 4645 4804 4813 4576 4554 5000 5002 4881 5088 4742 4080 4250 4776 4776 4967 4832 4655 5051 4416 5227
4247 4159 3942 3900 3896 4065 4065 4137 4123 4250 4526 4274 3952 3952 4273 2767 4783 5188 5038 5256 5277 5038 4903 4710 4483 4867 4575 5152 5266 4654 5259 5831 5498 5621 5621 5291 5376 4597 4206 4434 4085 4085 3869 3758 3948 4168 4041 3944 4212 4526 4061 3705 4083 4301 3954 4334 4351 4319 4087 4181 4647 4105 4105 4945 4977 5133 5155 4862 4554 4259 4259 4629 5111 4384 4756 5118 4386 5036 5036 4831 4655 4906 4630 4876
4063 3898 3860 3935 3890 4217 4417 4417 4123 4640 4320 4262 4045 4308 4744 4744 4875 5096 5698 5559 5277 5445 5445 5432 4824 4448 4478 4925 4925 4415 4733 4320 5498 5619 5711 5711 5569 5210 4580 4434 3994 3821 3821 3832 3946 4143 4041 4206 4206 4183 3884 4073 4356 4576 4241 4241 4190 4423 4322 4356 4634 4177 4387 4206 4206 4110 4361 4883 4577 4189 4414 4414 5111 4663 4219 5118 4396 4512 4577 4831 4890 4830 4173 4690
4327 4275 3920 4326 4186 4370 4971 4884 4599 4447 4297 4140 3985 4258 4436 4802 4802 5010 5087 5559 5174 5357 5401 5401 5327 4850 4478 4468 4331 4446 5187 4562 5603 5425 5191 5057 5057 4457 3995 3891 3802 3836 3982 3982 4344 4143 4705 4181 4091 4091 3930 4237 4487 4186 4137 4398 4505 4127 4258 4476 4122 4622 4444 4227 4713 4110 4502 4478 4797 3931 4704 4262 4711 4997 4356 4021 4579 4793 4577 5289 5289 5341 4844 4918
4331 4059 3893 4224 4154 4370 4662 4397 3915 4024 4472 4469 3985 4218 4422 4516 4752 4842 5087 5440 5447 5465 5254 5598 5598 4850 4508 4672 4787 5256 4851 4562 5570 5554 5488 5021 4259 4259 3995 3335 3693 3907 4231 4370 4211 4502 4330 3773 3484 3789 4131 4243 4243 4123 4266 4251 4304 4138 4083 4083 4133 4192 4586 4037 4713 4778 4778 4855 5366 4885 4518 4262 4626 4626 4847 4864 4930 4793 4850 5673 5648 5648 5229 5585
4185 4081 4131 4006 4154 4331 4310 4395 4320 4012 4202 4469 4067 3999 4055 4241 4352 4842 4840 4781 5115 6246 5864 5115 5297 5483 5503 5366 4884 4651 4410 4798 5347 5524 5442 4881 4047 3791 3791 3891 4561 3861 3176 4137 4442 4320 4096 3582 3743 3834 4131 3868 3682 3682 4221 4185 4134 4138 4166 3942 3942 3736 4615 4037 4282 5024 5076 5076 5222 4315 4518 4645 5051 4422 4422 4960 5335 4810 4763 5167 5312 5179 5179 5326
4025 4355 4568 4006 3915 3915 4460 4427 4353 4201 4202 4268 4268 4057 4050 4026 4288 4700 4700 4369 4658 6195 5843 5509 5297 5841 5500 4930 4916 4872 4923 5078 4570 4546 5009 4998 4166 3405 3585 3753 4156 5272 3176 3963 4570 4642 3925 4161 4249 3638 4006 4026 4048 3903 3821 3835 4134 4039 4127 3864 4218 4218 4350 4250 4129 4602 4675 5257 5257 4315 4860 5155 5303 5061 5001 4521 5335 4846 4487 5390 5430 5352 5550 4957
4253 4613 4568 4521 4027 4423 4423 4154 4392 4554 4019 4142 4099 4099 4410 4673 4454 4436 5299 4626 4626 4692 4980 4829 4803 4525 4641 4647 4872 4756 4756 4598 4275 4267 4267 5210 4384 3929 3724 4535 3835 5272 5592 5861 5679 4578 4230 4616 4249 4005 3400 3594 3589 3544 3752 4014 4014 4004 3797 4133 4287 4169 4350 4125 3897 4471 5116 5534 5306 5196 5090 4920 4898 5123 4633 4436 4620 4263 4512 4928 5190 4849 5367 4998
4613 4613 3824 3593 3814 4440 4007 4007 3893 4554 3672 4107 4289 4505 4505 4791 4454 4428 4872 4080 3979 4453 5007 5155 5155 5004 5171 4647 4917 4932 4767 4767 4465 3835 4106 4020 4016 4175 4308 4552 3790 3889 3885 4513 4811 4679 4298 4616 3920 3920 3528 3566 3963 3830 3704 3529 3529 3819 3742 3852 4252 4327 4236 4004 3882 4120 5516 5555 4619 5340 5340 5219 4956 4956 5296 4475 4111 4107 4107 4556 5102 4849 4901 4205
4037 4037 3656 3515 3515 3924 3712 3555 3555 3428 3237 3702 4040 3920 4876 5335 5335 5425 5063 4080 4634 4634 5076 4969 4969 5004 5171 5171 5325 4667 4462 4462 4573 3844 3844 3744 3643 3613 3613 4180 3819 3819 4162 4408 3995 3649 3983 4792 4036 3682 3682 3687 3617 3550 3947 3707 3546 3604 3604 3474 3605 3805 3742 3704 3692 3822 4656 5670 5834 5408 5105 5105 4732 4956 4865 4528 4155 4959 5168 5168 5102 5360 4316 4335
3860 3980 3980 3685 3515 3882 4381 3903 4102 4102 4226 4028 4313 4426 4953 5443 5663 5663 5534 4725 4821 4821 4835 4576 4512 5298 5372 5372 5731 5273 4542 4451 4573 3856 3933 3802 3607 3516 3613 3500 3654 3654 3803 3656 3912 3750 3829 3978 4326 4295 3765 3665 3700 3389 3747 3799 3854 3702 3982 4235 3630 3740 3778 3577 3724 3973 4656 5224 5726 5181 5146 5410 5410 4711 4847 4190 4171 4978 5540 4882 4882 5224 5400 4796
4384 4022 3715 4190 4205 4205 4166 4100 4286 4102 4226 4289 4289 4574 5055 5286 5641 5568 5635 4904 4542 4692 4692 4576 4512 4512 5359 6041 6041 6150 4979 4451 4451 3909 3708 3778 3657 3516 3286 3286 3504 3453 3453 3440 3912 3890 3890 3977 3662 3926 3689 3548 3618 3434 3678 3927 3622 3578 3578 3762 3780 3565 3835 3760 3760 4052 4537 4369 4823 5197 5362 5053 4928 4928 5227 4911 4639 5370 5540 5469 5650 5650 6440 6114
4220 4060 4024 4024 4162 3759 3759 3658 4286 4286 4618 4357 4357 4771 4484 4696 5370 5808 4734 4857 4725 5159 4692 5003 5163 5681 6353 6500 6500 6150 4979 4565 4565 4234 3955 3778 3657 3369 3152 3152 3441 2946 2946 3354 3895 4002 4002 3554 3832 3832 3689 3793 3950 3759 3710 3492 3630 3652 3715 3715 3195 3127 3378 4184 4096 3878 3851 3851 4601 5224 5449 5053 5030 5403 5439 5439 5317 5102 5207 5056 4764 5238 5238 6111
4034 4031 4287 4287 4208 4342 3759 3658 3750 4332 4332 4665 4851 4851 4484 4804 5993 6345 5403 5240 5093 5159 5159 5552 5688 6040 6514 6883 6500 7014 6376 4992 4633 4467 3935 3616 3879 3799 3258 3322 3391 3135 3319 3319 3524 3466 3399 3554 3745 3642 3642 3638 3974 3635 3749 3492 3492 3793 3683 3476 3476 3632 3145 4059 4115 3867 3780 4581 4581 5717 5449 5087 5412 5420 5254 5346 5346 5102 5084 4607 4623 4425 4584 4757
3828 3828 3929 3963 3823 4342 4071 4071 4316 4379 4379 4703 4851 4851 4842 5040 5260 5260 5121 5240 5093 5584 5816 5816 6049 6129 6514 6883 7473 7473 7223 6003 4640 4470 3870 3707 3900 3749 3420 3322 3322 3234 3296 3296 3165 3200 3399 3399 3688 3765 3765 3653 3859 3754 3448 3196 3367 3462 3180 4215 4215 3881 3734 4061 4369 3879 4293 4334 5359 5359 6080 5793 5724 5510 5777 5572 5150 5454 4221 4929 5083 5178 4425 4281
3957 3957 4054 4023 3823 4142 3870 3870 4007 4096 4353 4703 4984 4984 4921 4468 4816 4816 5150 5644 5644 5717 6033 6240 5927 6067 6292 6890 7378 7297 7297 6003 4640 4626 4536 4053 3894 3783 3420 3408 3574 3218 3139 3038 3165 3200 3556 3439 3478 3617 3375 3653 3774 3942 3661 3661 3430 3430 3066 4403 4215 3881 3734 4380 4380 4589 4548 4321 4310 4522 6097 4844 5336 5192 5609 5460 5170 4224 4232 4847 5413 4439 4425 4438
3946 3946 4054 3867 3970 3807 4239 4239 4363 4363 4353 4353 4551 4767 4767 4482 4705 5170 5170 5046 5561 5561 5937 6240 6240 6443 6663 6976 7456 7515 7297 5958 4745 4959 4573 4358 3861 3783 3783 3593 3778 3498 3330 3038 3038 3575 3639 3347 3347 3850 3375 3375 3546 3689 3595 3595 3429 3429 3066 4403 4761 4761 4276 4384 4384 4504 4613 4852 4392 4861 5172 5260 5260 5810 5609 6126 5275 4783 5547 5763 5763 4439 4457 5118
3946 3921 3921 3972 3714 3788 3802 4180 4180 4175 4366 4514 4921 4586 4482 4482 4812 4836 4836 5648 6101 5561 5937 6296 6296 6718 6850 7139 7432 7515 6398 6398 5059 4814 4011 4011 3861 3571 3907 3874 3583 3656 3330 3304 3583 3583 3606 3491 3553 3850 4041 3483 3483 3447 3526 3526 3583 3429 3733 4783 6340 5932 5932 4444 4679 4775 4775 4852 4947 5311 5048 5439 5372 5372 6312 5260 5625 5501 6058 6229 5763 5334 5183 4523
3658 3894 3708 3708 3829 3997 3837 3743 3845 3845 4112 4238 4604 4586 4338 4338 4331 4626 4998 5074 6101 6101 6069 5932 6527 6527 7035 7139 7432 7345 6432 5277 5277 4966 4011 4011 4109 4564 3935 3935 3756 3656 3583 3457 3437 3437 3458 3662 3553 3708 3808 3543 3557 3451 3451 3295 3941 3591 4011 4680 6012 6581 5932 5151 5345 4778 5163 5163 4866 4746 5251 5483 5992 5779 5779 5937 6102 6565 6016 6229 5853 5458 5458 5697
3707 3679 3827 3827 4098 4137 3997 3824 4207 4207 4396 4268 4604 4647 4572 4289 4289 4617 4872 5074 6134 6214 6214 6078 6429 6429 7077 7420 7420 7553 7154 6177 6177 5189 4848 4639 4639 4162 3877 3701 3756 3746 3556 3462 3515 3387 3387 3696 3516 3300 3280 3280 3325 3646 3603 3603 3699 3873 3901 4533 6207 6207 6912 5290 4651 4778 5253 5101 5101 4932 5103 5586 5992 6373 5975 5975 5972 6500 6112 5791 6170 6017 6170 6170
