includes/gis/MODIS_ASCII/mod13q1_ndvi_2008_337.txt
ncols         829
nrows         925
xllcorner     164106.58989296
yllcorner     9637524.0094144
cellsize      264.9945474373
NODATA_value  -9999
[rows 185 to 221 of 925, columns 588 to 671 of 829]
5407 4806 4687 5190 6037 5585 5585 4590 5037 5233 5087 5087 4470 4651 4566 4237 4237 4706 5124 4149 3840 3901 3654 3429 3429 3644 3647 3737 3737 3812 3654 4609 4237 4237 4215 4613 4401 4761 4761 4775 4382 4497 4222 4477 4463 4669 4567 4275 4818 4818 4494 5569 5041 4314 4509 4298 4378 3800 4255 4839 4215 3781 3717 4522 4650 4400 3772 3549 3717 3991 4078 4389 4684 4091 3564 3622 4195 4195 4622 4254 4205 3327 3645 3645
5214 4938 4780 4709 4927 5158 4666 4674 6042 5731 4829 4610 4610 4509 4644 5079 5065 5004 5004 3771 3913 3780 4709 4709 4512 4438 4512 4262 4646 4441 4818 5423 4819 4030 4030 4384 4701 4648 4348 4775 4666 4815 4316 4301 4244 4902 4567 4483 4519 4519 4361 4512 4021 4314 4314 3979 4528 4559 3781 3971 3654 3781 4543 4543 5068 5063 3772 3568 3568 4666 4177 4329 3991 4126 3701 3862 4408 4339 3902 3902 4796 3719 3341 3341
4940 4689 4621 4617 4639 4297 4608 4608 4919 5109 5230 5230 5246 5447 5008 4957 4453 4605 4423 3881 3913 3780 4380 4380 4605 4438 4234 4077 4375 4375 4919 5136 4819 3856 3856 4140 4726 4278 4348 4348 4373 4531 4609 4780 4776 4902 4806 4268 4694 4350 4350 3905 4021 4890 4609 4609 4062 4166 4270 4348 3927 3987 4908 4837 4036 4597 3701 4111 4683 4683 5065 4933 3991 3994 3994 3678 3972 3619 3906 3902 3640 3754 3730 4087
6049 5838 5006 4583 3524 4297 4873 5347 5100 4852 4974 4909 4909 5287 5389 4602 4206 4206 4408 3881 3777 3839 4040 4210 4567 4324 4326 4256 4611 4469 4290 5136 5700 5069 4810 4810 4379 4278 4220 4242 4242 4175 4454 5474 4429 4429 4752 4355 3814 3939 4555 3905 3761 4376 4641 4032 4177 4107 3847 4100 4100 4068 4305 4495 4036 4036 3760 4200 4557 5198 5198 4933 4136 3795 4039 4039 4199 3970 3906 4386 4321 3294 3294 3824
4903 6017 5685 4891 3802 3675 4604 5503 5463 4627 4253 4818 4818 5287 5224 4690 4517 4517 4805 4063 3909 3848 3644 4501 3900 3887 4077 3546 4153 4463 4240 4355 4374 4373 4625 4850 4850 4743 4602 4346 4049 4049 3770 4224 4893 4990 4990 4013 4173 4410 4929 4485 4044 4143 4508 4242 4164 4164 3826 3959 3959 4510 4934 4495 4089 4004 4129 4427 4412 4409 5141 5141 4516 3738 4467 4467 4216 3970 4287 4238 3814 3417 3567 3639
5101 3635 3635 3509 4992 3959 3870 4331 4905 4665 4791 4883 4504 4504 4815 4724 4318 4287 4287 4283 4320 4369 4258 4390 3900 4445 4011 3855 4252 4252 4599 4246 4192 4127 4170 4489 5077 5028 4752 3729 4189 3748 4001 3927 4182 3728 3683 3683 4237 4410 4213 4138 4376 3977 4227 4242 3747 3763 3763 4200 4582 4582 4934 4646 4272 4210 3915 4163 4706 4409 5572 5121 5121 3508 3317 3554 4216 4639 4771 4441 4250 3833 3567 3639
5630 4385 4687 4687 4992 4223 4313 4940 4690 4283 4308 4883 4683 4431 4431 4768 4505 3915 3957 4222 4233 4001 3735 4244 4244 4445 4737 4653 4220 4200 4151 4248 4171 3814 3909 3909 4509 4412 3974 3652 3652 4216 3737 3392 3949 3611 3651 3871 4730 4447 4231 3957 3865 3865 4227 4893 3735 3550 3867 4568 3993 4003 4003 4281 4572 4569 4185 4185 4706 4352 5252 4409 4409 3439 3274 3554 3967 3967 4771 4460 3847 3833 3575 4182
6795 5876 5328 4687 5545 4968 4968 4940 5431 5431 4308 4287 4464 4980 4791 4791 4525 4587 3957 4164 4164 4014 4041 4113 3794 3687 3687 3605 3956 4144 4015 3885 3925 4475 4347 4402 4402 5093 4357 3891 4434 4434 4289 3696 3653 4065 4065 4110 4742 4658 4250 4273 3957 3696 3521 3896 3618 3472 3438 4013 3993 3713 4229 4229 3472 3791 5018 4185 4405 4027 4547 4164 3741 3741 3274 3802 3911 4209 4209 4296 3904 4055 4016 4016
5363 5961 5328 5256 5256 4920 4968 5334 5424 5431 5578 5193 4353 4637 4895 4795 4067 4222 4075 3944 4022 4280 4185 3982 4076 3429 3429 3540 3868 4144 4019 4019 4224 4437 4336 4370 4826 4826 3994 4507 4593 4832 4832 3696 3110 4631 4557 4557 4751 4081 4163 4302 4213 3571 3574 3816 4025 3587 3392 3978 3600 3764 3691 4257 4314 4171 4046 3896 3896 3683 4220 4184 4165 4105 3678 3953 4110 3729 4004 3974 3658 3816 4090 4090
5742 4396 4624 4624 4984 4920 5189 4950 4284 4046 4596 4596 5004 4977 4287 4880 4093 4111 4077 4035 3886 4226 4185 4701 4861 3979 4034 4034 3868 3958 4349 4366 4366 4125 4083 4370 4264 4505 4802 4443 4227 4330 4585 4585 4178 4864 4752 4289 4289 4081 3588 3484 3771 3778 3450 3465 3932 3352 3352 4193 4029 3800 3984 4250 3858 3743 3962 4097 4205 4205 3784 3689 3787 4611 4259 3568 3637 3669 4004 4026 4026 3732 3908 4087
4890 4467 4835 4656 4656 4654 4830 5041 3841 4058 4587 4587 5105 5298 5002 4880 4520 4520 4367 4351 4436 4226 4246 4933 4772 4629 5313 4310 4310 4387 4344 4549 3868 3868 4083 4119 4214 4360 4759 5321 5169 4330 4711 4839 4839 5365 5016 4361 4289 3827 3913 4295 3452 3452 3205 3465 4285 4431 3879 4395 3925 4479 4455 3837 4220 4485 4351 4127 4607 4099 3593 3771 3875 4035 3810 3810 3290 3669 3613 3738 3738 3992 4159 3611
4235 4598 4002 4337 4629 4967 5230 4788 4368 4523 4394 4095 5476 5298 5191 4985 4622 4463 4463 4512 4392 4771 4444 4484 5000 4966 5313 4672 5335 5335 5094 4071 4264 3812 3812 4648 4258 3715 4379 5126 5169 4821 4739 4512 4512 4626 4785 4361 4652 4672 4672 4299 5025 3972 4913 4913 4634 3959 3583 3285 3925 4019 4188 4077 4185 3791 3996 4349 4349 4364 3768 3554 3677 3993 3933 3365 3301 3463 3482 3625 3830 4021 3642 3611
4582 4259 4530 4231 4342 4879 5261 4804 4566 4943 4439 4172 5476 5062 4970 4904 4790 5234 4630 4810 4405 4940 5910 5779 5496 4966 4789 4594 4851 4851 4563 3900 4264 4453 4453 4534 4236 4465 4734 5126 5102 4577 4819 5078 5119 4830 4821 4479 4516 4455 4430 4430 4270 4872 5244 5244 5165 4208 4403 3963 3814 3575 3799 3674 3811 3715 3587 4009 3857 3857 3843 3989 4895 4347 4008 3639 3519 3524 3617 3671 3670 3637 3677 3791
4582 4604 4728 4083 5195 5122 5194 4828 4932 5204 4656 5117 6143 7209 5603 5213 4583 5234 6176 6176 6018 5619 6695 6761 5496 4798 4877 4310 4116 4194 4194 3900 4246 5363 4834 4460 4460 4309 5202 4482 4296 4296 4404 4328 4386 5297 5297 4635 4627 4481 4261 4416 4270 4140 4276 4343 4343 4301 4300 3963 3160 3160 3922 3822 3568 3630 3715 4767 4147 3845 3845 3857 5019 4347 3594 3444 3643 3623 3377 3764 3682 3828 4337 4546
4871 4658 4350 4350 4429 5122 4615 4500 5234 5902 5351 5595 5969 5875 6194 5816 4953 4946 6469 6162 6162 6002 6933 6332 4512 4512 5164 6210 5593 4932 4722 5274 5484 4632 4563 4901 5073 4309 4451 4558 4484 4295 4295 4424 4386 4651 4102 4102 4716 4610 4389 4416 4416 4343 4204 4902 4719 4719 4300 4081 3710 3510 3510 3389 3621 3630 3781 3499 4239 3858 3858 4006 5019 4392 4025 4025 3714 3448 3617 3764 4056 4056 4010 4132
4287 4181 4293 4293 4429 4592 4204 4435 4522 4505 4505 5359 5969 6005 6005 5828 5100 6008 5028 5723 5642 6539 6429 5805 4966 5023 4933 4933 4816 4932 5567 5661 5661 4856 4523 4506 5073 4142 4543 5180 4652 4217 4330 4424 4351 4705 4049 4049 4279 4314 4389 4867 4893 4762 4196 4954 4957 4528 4528 4698 4507 4273 4273 3894 3621 3658 4019 3468 3658 3527 3556 4006 3892 4132 4263 3624 4110 3961 4064 3861 3273 3857 4034 4132
3972 3906 4293 4293 4214 4339 4287 4342 4149 4072 6285 7339 7339 7896 5270 7147 6093 5860 5482 5833 6679 6539 6381 6381 4435 4781 4448 5471 4816 5185 5700 5792 4744 4744 4563 4506 4311 4228 4361 4153 3884 3907 4330 4330 5128 4450 4700 3981 3981 4314 4002 4011 4619 4115 3806 4205 4957 4546 4534 4534 3911 4182 4373 3894 4507 4423 4446 4279 3588 3603 3700 4014 3910 3910 3660 3624 4046 4046 3898 3503 3589 3458 4034 4017
3832 3832 3699 3854 3905 3905 4416 4462 4542 4542 5333 5647 6699 7896 8208 8305 7034 5176 5176 5293 6679 6269 6100 6100 4899 5469 5132 5471 5471 6132 5621 4790 4058 4443 4563 4517 4797 4475 3618 3802 4041 3907 3804 3868 3868 3760 3957 3990 3813 3813 3778 4277 3977 3013 3806 4205 4160 4806 4337 3824 4197 4629 5010 4808 4307 4307 4420 4583 4208 3872 3828 3736 3996 3996 3646 4024 4503 4182 4182 3574 3424 3638 4110 4110
5020 4110 3649 3669 3867 3867 4416 4079 4231 4231 4854 4989 6699 7373 7373 7298 7124 5263 5570 5293 5856 5650 5691 4709 6021 6338 5132 4423 5217 5217 5230 4755 4207 4443 4443 3952 4867 4933 4594 4843 4041 4157 4556 4823 4251 4251 4039 3990 3994 3700 3700 4296 3661 3065 2970 2970 3646 4123 4473 4455 4245 4354 4609 5274 4586 4656 4656 4583 3784 4208 4130 4182 3835 3560 3646 4311 4442 3940 3231 3231 3705 3638 3913 3913
4670 4340 3855 3784 3757 4412 4412 4494 4423 3976 4712 4989 5466 5765 5603 5603 5466 4777 4815 4764 5081 4621 4612 4348 6008 6709 6652 4728 6333 5515 5515 4335 4207 4197 4313 4313 4920 4814 4854 4779 4779 4631 4918 4741 4276 4460 4227 3823 4200 3664 3449 3449 3661 3682 3749 3805 3805 4292 4562 4455 4123 4352 4549 4730 4763 4453 4656 4618 3996 4175 4350 5089 4392 3944 3725 3775 4202 3861 3680 3336 3705 4014 3721 3985
4766 4328 4693 4436 4292 4292 4725 4437 4231 4120 4708 4641 4699 4713 5163 5163 4961 4524 4360 4764 4764 4442 4400 5116 5771 6338 6652 6215 6425 5664 4776 4776 3983 3877 5319 5234 4912 4912 5091 3258 4625 4625 4744 4818 4276 4460 4181 3756 3662 3348 3573 3719 3719 4510 4514 4231 4217 4217 4562 4264 4271 4628 4462 4838 4475 4453 4050 4050 4923 4700 4143 4324 4682 3944 4109 4158 4144 3983 4010 3336 3336 3593 3923 3748
5577 5076 5137 4662 4553 4842 4842 4571 4007 4120 4294 4294 5120 4809 4100 4074 4043 4524 4360 5020 4746 4746 4493 4595 5566 6338 5520 5117 5190 5090 4395 4763 4700 5097 5029 4917 4992 4912 4927 4795 5060 4628 4628 4818 4601 4466 4440 4440 4065 3631 3573 4276 4553 4553 5315 4580 4627 4217 4269 4156 4292 5181 5181 4903 4475 3938 4285 4460 4740 4550 4366 5095 4682 3949 3950 4433 3894 4054 4010 3607 3650 3650 3657 3378
3958 5076 5137 4336 4423 4149 4149 4448 4007 3951 4163 4163 4768 5507 4429 3970 4070 4183 4610 4540 3821 3932 4387 4274 4025 5088 5277 5277 5230 5090 5364 4928 4843 5420 5290 4781 4992 4981 4981 5190 4550 4579 4625 4601 4641 4821 5393 4287 4287 3631 4268 4378 3879 3879 4803 4209 4627 4435 4435 4244 4292 4887 4913 4903 4532 4364 4486 4261 4368 4835 4366 5154 5095 5605 4972 4050 3338 3847 4113 3793 3906 3716 3716 3191
3973 4446 4446 4516 4311 4732 4434 4448 4348 4289 4267 4357 4409 4687 4121 4121 4306 4597 4348 4075 4279 3932 4176 4176 4201 4541 5879 4653 5230 5730 5388 5042 5483 5483 4779 4781 4637 4513 4449 4449 4384 4579 4625 4774 4774 5190 5337 4630 4287 4110 4086 4118 4239 4456 4407 4209 4108 4694 4735 4735 4343 4522 4913 5081 5081 4944 4434 4389 4188 4230 4025 4168 4066 4618 4618 4949 3338 3500 3718 3795 3613 3586 3632 3788
3973 4150 3636 3682 3743 4879 4264 4300 4107 4107 4854 4865 4409 4658 4306 4622 4622 5337 4418 4418 4279 4131 4262 4262 3991 4388 5608 4653 5438 5438 5203 4737 4804 4587 4779 4772 4628 4710 4546 4141 4384 4762 5470 4678 4678 5073 5272 4630 4533 4533 4591 4454 4370 4375 4407 4856 4865 4907 5140 4096 4096 4196 4237 3889 4210 4210 4198 4160 4998 3940 3940 4210 4102 4362 4391 4391 3492 3886 3879 3437 3653 3832 3632 3538
3368 3811 3565 3541 3743 4599 4858 4603 3963 3963 4628 4865 5228 4868 4225 4152 4152 4179 4360 4418 4288 4427 4224 4337 4337 4431 5608 4738 4860 5653 5653 5941 4511 4587 4429 4429 4549 4513 4689 4443 4381 4981 5203 4517 4934 4934 5103 4344 3947 3827 3827 4034 3808 4463 4005 4005 4351 4793 4144 3977 4442 4551 4426 4023 4342 4851 4851 4160 4537 3907 3907 3780 3877 4362 4224 4391 4040 3732 3426 3624 3653 3832 3766 3691
5161 3706 3428 3520 3730 4502 4274 4584 4724 4183 4183 4753 4946 4914 4302 3936 4085 4085 4360 4170 4170 4199 4129 4323 4323 4431 5975 5238 4569 6153 6153 6862 5735 4363 4297 4297 4564 4854 4623 4443 4922 4922 5194 5425 5155 5148 4901 4794 4654 4278 4328 4597 4510 4445 4373 4485 4485 4172 4546 3977 4273 4043 3873 4193 4428 4778 4851 4709 4599 4224 4625 4625 3877 4176 4769 4090 3630 3661 3547 3717 3734 3571 3421 5397
4469 4176 3088 1528 4602 4602 4075 4464 4825 5047 4162 4397 3989 4665 4359 4384 4151 4085 3864 3807 3689 3689 4149 4095 3874 4352 6052 4856 4374 5375 6840 6862 5821 5572 5509 4986 4986 4708 4474 4639 5547 5369 5369 5141 4408 4922 5264 5149 4609 4737 4201 4597 4597 4419 4255 3896 4350 4350 4546 3930 3652 3936 4467 4582 4428 4778 4489 4489 4433 5314 4531 4006 4006 4129 4649 3984 3710 3606 3573 3717 3917 4541 4711 4165
4284 4284 3088 1752 4449 4344 4344 5680 5411 5047 4758 5203 4812 4395 4359 4384 3907 3912 4019 4066 4493 4493 4858 4095 4161 4161 5526 5218 5757 5044 5188 4977 5044 5004 5305 5447 4904 4863 5438 5438 5957 6442 5554 5141 4660 4608 5842 6251 5224 4872 4201 4626 4318 4318 4011 4607 4992 4802 4802 4128 4156 3950 4076 4582 4431 4484 4169 5041 5041 4198 4531 4407 3762 3762 3641 3873 3809 3809 3573 3732 4069 3960 4568 4742
4943 4197 4197 4459 4495 4750 5365 5365 5411 4743 4167 4819 4819 4499 4365 4660 4548 4266 3991 4130 3970 4493 4208 4207 4009 4410 4561 5016 4872 5293 5045 4833 5215 5358 5133 5447 5455 5297 6080 6915 6338 6279 5554 5163 5163 5498 5915 6180 6075 4872 4775 4492 4279 3993 3993 4569 4992 4614 4123 4123 4275 4331 4639 4639 4353 4498 5066 5535 5029 4198 4415 4188 4487 4487 4116 4078 4070 3809 3311 3529 4281 4317 4157 4897
4943 4469 4469 5047 4555 3882 4638 5336 5336 4221 4143 4566 4752 4752 5026 4582 4592 4324 4325 4366 4587 4409 4409 3843 4085 4493 4670 5016 4674 4674 4743 5163 5438 5297 5133 5167 5101 5370 5733 6074 6134 6279 5819 6159 6342 6342 5361 5631 5157 5157 4891 5009 4629 4558 3992 4569 5368 4431 4302 4302 4157 4507 5151 4835 4835 4177 4632 4325 4121 5051 4256 4940 5161 4045 4332 4351 4683 4317 3869 3869 3901 4551 5123 4897
4369 4487 6014 6014 4770 4110 4714 4774 4463 4463 4590 5294 4735 4536 4536 4346 4302 4850 4683 4343 4514 4213 4238 4238 4374 4493 4498 4593 5201 5377 5952 5516 4766 5297 4985 4985 5821 6238 6745 6778 6984 6007 6191 6416 7161 6368 6368 5842 5719 5175 5175 4650 4347 4870 4315 4237 4400 4531 4674 4875 4875 4507 4428 4295 4691 4691 4972 4734 5093 4242 4242 4100 4781 4227 4332 4805 4805 4500 4417 4332 4332 4634 5123 4952
4769 4391 4773 5240 4609 4779 5005 4688 4727 4393 4393 5184 4744 4388 4533 4533 4394 5007 5217 4128 4330 4117 4070 4070 4374 4854 4555 4555 4619 5006 6240 5261 4804 5240 5316 6550 6550 6727 6577 6674 6984 6442 6442 6433 6599 6306 6306 5842 5601 5324 5324 5178 4929 4870 4315 5188 5188 4945 4720 4783 4436 4436 4938 4323 4014 4543 4972 5433 4968 4829 4176 4176 4774 4227 4111 4898 4898 4223 3921 4166 4166 4634 4768 4383
4643 4798 4695 4993 4914 4914 4509 4465 4749 5078 4513 5184 5057 4653 4441 4548 4548 5007 5217 4433 4132 3979 4070 4410 4410 5080 4467 4467 4581 5006 5033 5033 4804 4576 5346 6139 6838 6759 6759 6674 6826 6661 6823 6823 6617 5731 5771 6098 5766 5195 5612 5216 5216 5376 6675 7396 7396 6633 4720 4724 4243 5288 5017 4132 4439 4543 4743 4743 5172 5008 4893 4800 4774 5469 5187 4556 4125 4086 3985 3817 4507 4507 4556 4761
4726 4726 4562 4993 4633 4255 4255 4083 4660 4858 4513 4740 4731 4756 4552 4995 4618 5022 4963 4981 4468 4735 4088 4323 4323 4670 4756 5309 4581 5056 5384 5206 5206 5409 5979 6329 5901 6565 6908 7391 7391 7376 6997 6274 5817 6039 6231 6201 4975 5321 5612 5353 6447 6447 7582 7406 7382 6633 4920 4461 4699 4686 4507 4365 4439 4685 4941 5000 5000 5104 4380 4800 4800 5119 5003 4464 4228 4086 3985 4076 4447 4310 4310 4973
4546 4859 4562 4392 4339 4355 4548 4548 5133 4858 4171 4413 4904 4529 4806 5109 4618 5207 5207 5095 5014 5155 4979 4884 5105 5539 5178 5309 5309 5363 5384 4798 5002 5133 5533 6099 6189 6944 7407 7614 8055 7806 6997 6274 6190 6190 6407 6297 5490 5321 5315 4938 6237 6237 7707 6739 7382 4830 4830 4054 5117 5342 4711 4365 4327 4829 4694 4261 4261 4689 4380 4490 4584 4584 4099 3584 3927 4428 4428 4219 4171 4209 4188 4188
5074 4859 4859 4527 4900 4589 4470 5261 5133 5113 5007 5365 5328 5328 5286 5109 4828 4661 5017 5084 4892 5155 4796 4979 4524 4960 5574 5073 5523 5748 5345 4647 5137 5697 5819 5819 6133 6732 6732 7776 8139 7806 7251 7015 6765 6765 6235 6282 5360 5360 4826 4739 5998 7000 7000 6621 7365 5943 4497 4497 4376 5363 4591 4798 4798 4812 4447 4470 5129 4689 4330 4267 4163 4634 4634 4448 3927 4231 4355 5197 4649 4846 4821 5172
