includes/gis/MODIS_ASCII/mod13q1_ndvi_2002_001.txt
ncols         829
nrows         925
xllcorner     164106.58989296
yllcorner     9637524.0094144
cellsize      264.9945474373
NODATA_value  -9999
[rows 570 to 607 of 925, columns 336 to 419 of 829]
7944 7857 7509 6704 7182 7197 6912 6350 6142 5925 5443 4896 5143 4150 4618 4760 5387 5304 4688 4688 4391 4319 4320 4320 2507 2507 3284 2919 5082 4621 4621 3715 3789 3375 3492 3956 4993 4993 4317 3979 3660 -9999 -9999 7502 4261 4610 4816 3804 3160 2278 -9999 -9999 2781 2343 2013 4899 4899 4347 4347 4573 4573 4304 4248 4248 3736 3259 1489 2610 2610 3781 4054 3859 3859 3097 3425 3586 3586 3280 4516 4516 4913 5061 3604 4580
801 7505 5817 1216 1369 6367 7756 7222 6252 6010 6412 4896 5143 5143 5314 4921 4700 5251 5111 4620 4620 4344 4308 4308 2545 3606 4820 4820 5082 4621 4621 4557 4089 3621 3375 3430 4333 4316 4316 4441 5101 3778 2434 1321 2153 3106 2823 1622 5104 -9999 4785 4785 8150 1305 792 5149 4911 4911 4911 4950 4950 4347 4248 4248 3291 3291 4733 4520 2421 3072 3318 3584 3350 3209 3001 3235 3581 3602 4457 2367 3995 4135 3806 4155
496 7272 2344 2412 1137 5182 6608 6608 6747 6954 6556 5554 5104 4705 4727 4727 4576 4878 4714 4975 4975 4359 4435 4304 3333 3333 3648 4820 4820 4667 4667 4082 3419 3621 4440 3684 4261 4463 4131 4131 5112 3778 4184 1321 2153 3231 2637 1794 4558 4286 1781 3751 3494 3494 3987 5250 4767 4767 4911 4950 4950 4347 4347 4433 3318 3527 3527 4206 2421 2655 3446 3446 3235 3217 2995 3402 3581 4045 3955 3583 3728 4135 4075 3829
7573 7573 6313 5944 4424 2606 3896 6590 7313 5492 5055 5055 4507 4231 4493 4659 4834 5135 4986 5061 5061 3327 3327 2770 4304 3802 3872 1251 4262 4950 4950 4082 4193 4193 3710 3710 4398 4398 3668 3548 3151 3939 3939 4037 3609 3609 3523 2033 3996 3451 1775 2757 2963 3415 3987 5250 4767 4767 4713 4713 4713 4347 4347 4348 4863 4251 4391 3404 3313 3540 3060 4065 3458 3262 2825 2977 3071 3503 3424 3687 3193 3274 3491 3672
7167 7648 6066 4664 4090 6866 5594 7037 6304 5312 4878 4468 4468 4469 4319 4522 5128 4641 4857 5014 2492 3517 4429 6639 7780 3802 4525 4525 3210 4950 4950 4518 4744 4404 4404 4404 4398 4398 4153 4375 4182 3934 3537 3803 3263 4793 2031 3427 3585 1981 1333 1584 3208 3195 3754 5281 4888 4888 4825 4825 4825 4347 4347 4463 2805 2361 2245 2427 3313 3562 3258 4355 3410 3262 2911 2619 2812 2910 3079 3143 3143 3271 3360 3664
8416 8107 7718 7373 6317 7221 7221 5914 5974 5869 5299 4783 4475 4275 4117 4892 4892 5450 4884 5014 5060 6257 4807 6639 5491 5386 3904 3904 3210 2970 4141 4553 4553 1957 4795 4089 4178 4178 4272 4335 4182 3934 3934 3577 3316 -9999 -9999 3634 3109 3109 2822 2970 6859 3195 3177 3417 4234 4888 4825 4825 4501 4501 4501 4325 2929 2361 2432 2756 3079 3182 3575 3729 2947 3038 2776 2597 2708 2926 3079 3354 2778 2790 2975 2975
8334 7992 7797 6692 6692 6467 6664 6552 6131 6172 4961 4094 4938 5709 5488 5488 -9999 -9999 4963 6113 5499 7018 6501 1965 2931 4488 4541 3534 4579 5576 4619 4700 4268 3932 4056 3632 3401 3417 3790 3575 3721 4010 3808 3808 3721 2842 3380 3634 5666 5928 3529 3105 6859 3624 3453 3098 4234 4234 4697 4697 4247 4247 4247 4135 3204 2742 2320 1672 2635 3236 3206 2852 2904 2904 2808 2633 2951 2985 2859 2998 2843 3000 3053 3127
8466 8275 7949 7296 6806 6806 7350 6847 7344 5562 4062 4094 4995 7039 5645 6763 -9999 -9999 3771 6231 5722 5992 5992 1926 1900 907 2634 2411 5144 3977 4321 4375 4207 4379 3643 3316 3016 3278 3835 3693 3721 3682 3589 3539 3572 3574 3754 3765 1500 4394 3421 3273 6637 3663 3576 3619 3991 3991 3263 3263 3280 3280 3875 3375 2602 2602 2441 1992 2902 2982 1473 2967 2854 2534 2458 2458 2870 2947 2859 2916 3003 3023 3239 3319
8474 8473 6416 7296 8135 7983 7166 7166 6893 6429 4062 3337 4972 5648 5648 6551 4387 1736 5175 4102 4329 4514 4514 3289 1265 1284 3070 1884 5579 5579 4549 4411 4763 4870 4012 3598 3709 3536 3708 3708 3899 3554 3690 3670 3572 3808 4102 3604 3868 5761 3393 3273 7642 3868 4929 4929 3773 2985 2985 2985 3004 3004 3683 3375 2823 2803 2803 2960 3288 3335 2019 3088 2851 2427 2339 2555 2674 2947 3038 2977 3283 3455 3476 3040
9426 9354 7087 7896 8632 8488 7748 6922 6922 5429 5311 3835 6309 6446 4268 1760 2393 4634 4112 2824 1828 5476 5476 3289 1496 5037 3457 3457 3309 4176 3872 3872 2342 3108 3498 3701 3709 3475 3621 3728 3728 2987 3175 3905 3905 4014 3744 3300 3807 6785 3138 3027 3795 3780 3780 4023 3589 3297 3609 3733 3466 3466 3163 3397 2982 2898 3182 3182 3535 3769 875 875 2772 2391 2234 2301 2405 2648 2795 2807 3180 3522 3971 3040
2966 2966 4800 8085 8532 8295 8184 8244 8244 6843 6688 6024 6024 5957 4268 4268 4547 4901 3343 4839 1828 4053 4403 3383 3383 4287 3566 3309 3309 3335 3218 3218 1128 3323 931 2209 4291 4168 3484 3530 3320 2987 3128 3877 4060 4025 2618 3270 3270 4339 1819 1618 3943 3481 3568 4023 3701 3379 3734 3938 3704 3288 3163 2810 3022 2961 3198 3329 3396 3921 1748 1748 2878 2506 2383 2443 2405 2424 2771 2801 2801 3054 3805 3595
2863 4945 4800 8192 8787 8532 8355 8676 8375 8242 8042 7869 6725 2280 4149 4153 4153 4155 3965 4839 5021 2185 2185 2451 2451 3742 3566 3281 3281 3172 4564 4564 2846 2398 690 2209 4306 4328 3257 3285 3413 3921 3570 3636 3866 3591 3753 3994 4578 4179 2061 1040 3827 4025 3568 3575 3575 3614 4004 3805 3451 3288 2995 2995 3147 3276 3269 3329 3282 3282 4222 4222 3191 2928 2649 2443 2484 2658 2851 3158 3089 3215 3445 3203
3914 5869 7598 8209 8639 8458 8089 8336 8473 8410 8404 7018 7018 2280 4568 4068 4068 4254 3965 3658 3852 1751 2185 2451 3742 3742 2189 3063 3063 3006 1835 1835 2846 2398 621 7821 3389 3304 3425 3586 4037 4277 3189 1791 1571 4516 3386 3072 3312 3959 1182 505 3561 4025 3752 3232 2797 3418 3627 3651 3451 3450 3913 4025 4025 3443 3269 3155 3276 2769 4253 4222 3019 2489 1775 2598 2725 2810 3082 3733 3089 3071 3516 3198
8203 7577 8239 8248 8646 8571 8089 8028 8146 8254 8356 5392 4197 4197 2300 1855 4068 4254 3848 3759 3708 3614 3567 3394 3421 2933 2933 3135 3093 3093 2883 2851 2911 2911 979 5253 3565 3404 3633 3586 4088 4109 1962 3305 -9999 -9999 -9999 -9999 -9999 2984 3307 3307 3561 3884 3688 2828 2690 3459 3459 3651 3344 3475 3928 4284 4470 4194 3257 3095 3069 3268 2902 2364 2466 2534 2612 2625 2735 2920 2920 3014 3089 3182 3516 3198
8694 8259 8951 8791 8463 8571 8279 8144 7942 7521 6806 3030 6591 5324 5324 3963 3855 3855 3784 3568 3568 3503 3567 3567 3473 3396 3221 3176 3005 2988 2988 2736 775 775 1422 3588 3647 4494 3997 3997 4129 4021 2110 -9999 -9999 -9999 -9999 -9999 -9999 3517 3503 3885 3476 3914 3279 1814 1764 3300 3765 3765 3629 3695 4086 4418 4213 3791 3791 3102 3243 3293 3062 2489 2345 2373 2784 2833 2764 2968 3019 3014 3316 3226 3475 3253
8962 8991 9000 8949 8463 8463 8313 7993 5918 5089 6060 2086 5815 6090 5794 4491 3818 3818 3835 3550 3568 3503 3655 3839 3839 3516 3427 3300 3156 3295 3295 3123 705 530 1422 4657 4805 4977 4583 4096 3736 3736 3382 3343 2915 2384 3193 4489 3606 2734 3831 3885 3725 3725 3544 1316 3601 3440 2892 3545 3750 3750 4142 4237 4213 3624 3260 3260 3069 3460 3433 2489 2334 2706 2706 2548 2658 2774 3019 3002 3002 2282 3354 3228
9057 8988 9042 9031 8465 8059 8289 8289 8377 7619 6376 5068 7194 7473 6075 5042 4090 4482 3174 2004 4171 4171 4494 5046 5046 3516 3427 3402 3204 3284 2973 2973 2948 2847 4563 4722 4805 1712 5150 3815 4315 3264 3264 4441 2813 2310 2908 4813 5739 2565 3831 3446 3012 3209 3094 3425 2071 3013 3795 3052 3264 2345 3700 4237 4311 3901 3347 3400 3020 3020 3433 2709 2127 2620 2662 2662 2707 2774 2864 3210 3210 2474 3353 3122
-9999 -9999 7546 9031 8603 8499 8490 8154 8154 5370 5370 4961 8212 7913 7360 5647 4140 3488 3488 3032 3657 3657 2567 5805 5467 4060 3612 3385 3312 3466 3361 2973 3062 3289 2214 4722 4598 1880 866 3750 2986 2398 3375 4408 3078 2641 2643 3956 4188 3568 3568 3712 5289 5328 3218 3833 3425 4096 3563 3079 3295 5957 5957 4051 3947 3657 3510 3740 3170 3158 3158 2641 2758 2759 2816 2788 2463 5079 3279 3321 2973 2840 2436 2491
-9999 -9999 7169 7936 8618 8706 8531 6350 2279 8081 8330 7247 6610 6248 7360 5824 5162 4455 3401 3401 2441 2295 2567 3460 3914 3914 3767 3371 3248 3466 3961 4023 4023 4599 4108 5066 4915 4557 4557 3738 3149 1551 3375 4676 2988 2850 2850 3725 3767 3418 3365 3818 4165 3266 3071 3342 6258 8214 3267 3159 3217 3782 3995 1307 2226 2840 3545 3496 3170 2960 2943 2943 2849 2698 2523 2788 2242 3548 3658 3527 3173 2892 3134 3246
3221 1278 1919 1736 2276 9702 7926 3279 2614 4420 8290 7658 4355 6248 6336 6024 6181 4708 3140 3140 2845 2295 2295 3785 3974 3535 3535 3656 3248 3382 2707 2422 3772 3772 4995 5030 4900 4635 4425 4123 3768 3942 3296 4862 3123 2916 2914 3725 3570 3106 3090 3411 4129 3424 2916 2864 4562 4867 3232 3162 3217 3419 3619 2320 2584 3413 4508 3496 2942 2697 2650 2720 2720 2735 2523 2213 2449 3412 3108 3241 2932 2982 3165 3141
5980 7701 930 876 6195 2274 939 7088 5473 6161 6161 8257 6241 7183 6810 5669 5669 3817 2713 1863 5095 5326 5264 6255 6168 3819 3819 3656 3491 3491 3339 3659 3474 3553 3334 3256 4251 4142 4475 4192 3768 4076 4044 3750 3823 3678 4486 3800 3915 3879 3888 3560 3560 3424 3103 2849 2869 3274 3345 3162 4827 3100 3100 2352 2584 2090 4508 3542 2974 2722 2572 2860 3095 2858 2809 2715 2710 3412 3108 2769 2932 2890 2519 2695
7730 7730 8580 783 8553 1499 827 9606 8189 5917 3784 5467 6241 7023 6880 5187 5187 3866 2713 1863 3355 5454 5227 5279 4776 -9999 -9999 3938 3480 3480 4997 5936 4661 5385 5026 4063 3854 3814 4091 4192 3874 3717 3745 3629 3757 3678 3779 3779 4143 3720 3936 3448 2465 2465 3307 2849 1971 3201 3227 5622 5622 2753 2395 2352 1954 1417 4186 3366 3366 3034 2740 2774 3095 3069 3249 3404 3269 3906 3129 3574 3381 2945 2759 2811
8018 9194 8668 8590 8512 8802 8512 8404 7550 6079 3548 1900 3156 3156 6237 4829 4432 3866 2191 1572 3356 5257 4924 5147 4903 4141 3857 1865 1865 1559 4997 5613 4418 4228 3876 3876 3343 3834 3832 3272 3079 3481 2993 3361 3757 3746 3754 3919 3919 3754 3813 3825 2964 2829 3541 3135 3183 2746 2746 2937 772 2314 2271 454 1126 2431 3550 3181 3024 3024 2913 2774 3079 3071 3432 3432 3551 4248 3129 3162 3268 3381 2755 2784
8524 8538 9023 9114 8726 8203 6494 7936 7225 3626 1314 3156 3156 3156 5472 4829 4432 4432 3837 2662 3866 3754 3232 4476 3910 -9999 -9999 3401 3401 1408 5917 5147 2901 2761 4646 3561 3343 3604 3493 4625 4625 3579 3816 3789 3808 4070 3932 3870 3794 3794 4010 3825 3803 3273 2678 2678 2789 2776 2703 2630 2552 2126 2126 2158 2158 2204 2539 3297 3041 2978 2913 3032 3257 2882 2832 3347 3347 3314 2849 2954 3194 3602 2682 2734
7795 7795 9242 9242 8425 8263 8124 6348 6569 6803 6248 6248 6112 5985 9729 6378 6567 6567 7019 7274 3833 2749 3232 3330 3330 -9999 -9999 3117 3401 1408 2079 2079 757 981 4900 4204 3314 3143 3115 1168 1559 1559 3816 3789 3475 3931 3916 3763 3910 4090 4010 3840 3218 3089 2623 2789 2789 2847 2521 2521 2563 2494 2126 2537 2632 2204 2509 3249 3262 2978 3027 3027 3405 3042 2916 3145 2737 3314 2506 2879 3129 3462 3447 3070
5410 7539 9445 9080 8813 8716 7435 7416 7654 5789 3958 4562 4562 5828 -9999 -9999 7276 6443 6443 3168 4396 4498 4376 2843 1190 1190 2235 4593 7981 1109 1212 1212 3300 3002 3304 3304 2983 3050 2871 1018 1559 1559 3715 3650 4099 4021 4061 3726 3954 3973 3973 3617 3148 3175 3087 3201 3103 2677 4672 3113 2282 2318 1586 2600 2632 2383 2383 3289 3274 3026 3110 3225 3225 3163 3017 3145 3140 3344 2412 2776 2928 3051 2649 2599
5410 5835 9443 9080 9099 9090 277 6643 6643 5044 4382 3900 5418 5418 -9999 -9999 7105 6232 2958 2958 4114 3188 4296 4417 1190 1190 2773 3713 2713 1173 1036 927 3300 2232 2689 2689 3010 2319 2319 1018 2154 3661 2376 2566 3766 4076 4149 4025 3885 3770 3830 3830 3126 3175 3091 3121 2910 2667 4728 2687 1989 2071 1687 2756 3011 2269 2555 3005 2691 2840 3008 3167 3076 3076 3231 3438 3296 2774 2804 2920 2875 2875 2673 2205
1828 1307 6443 8893 8853 6544 277 6582 5625 5625 3516 4244 5336 5336 5530 4366 4366 4473 4790 2654 2654 1897 3948 4417 3734 2789 2789 2836 2662 1987 6104 4379 3395 4420 2844 2267 1327 2985 3026 3026 2685 3410 3982 4836 4162 4099 4139 3799 3336 2298 3041 3174 3229 3245 2967 3275 2837 2626 4625 2629 2646 2168 1704 2809 2904 2994 3017 2655 2740 2905 3093 3349 3161 3036 3870 2774 2694 2590 2760 2566 2546 2558 2763 2496
8631 7772 9345 8963 5135 956 2425 1724 5877 5877 3136 4766 7049 8422 8422 4363 4363 3767 4544 3237 3237 3067 4138 4138 4379 4855 4553 4635 4635 3053 4867 3438 3395 843 752 752 2671 2671 5433 1683 3371 3660 3660 1722 1722 4058 3327 3550 3055 2552 3170 2911 3229 3245 3048 3357 3271 2672 2658 2621 2678 2010 2166 2707 2839 2961 2902 2841 2643 2814 2906 3079 2986 3819 3819 2896 2563 2531 2632 2604 2363 2558 2434 2546
8883 8561 9282 7853 5135 956 2330 2076 2076 7889 7889 6201 7094 8422 8422 6519 6019 2760 1742 1742 1980 1172 4046 4127 4164 3777 3089 4313 4170 3969 3267 1903 1014 1014 962 429 1253 1875 1942 3132 3277 3940 4289 -9999 -9999 3958 3291 3327 3164 3199 3064 2911 3187 3228 3228 3187 3393 3107 2497 2728 2658 2729 2813 2749 2749 2938 2952 3103 2905 2507 2906 2885 2779 3744 2809 2809 2563 2420 2506 2632 2363 2234 2457 2521
8827 8827 8690 8042 8038 4557 744 6751 7355 7355 9440 9395 7094 8911 8911 6759 6759 2760 2331 1742 3391 3844 3533 3551 3551 4588 3048 2836 1072 3608 3267 2246 1493 1004 1004 1305 1696 1571 736 488 1719 3094 4603 3225 3395 3747 3264 2923 2990 2990 3064 3134 3324 3162 3046 3046 2991 3107 2664 2502 2344 2565 2818 2704 2649 2221 2221 2470 2088 2834 2995 2995 2692 3207 3104 3104 2588 2769 2857 2837 2700 2275 2462 2631
8711 8858 8690 8411 7711 4000 532 7452 7416 7659 7659 8458 7910 8636 8596 6809 6451 4538 2117 5802 1082 1392 6093 2886 2886 5232 4266 1558 603 3470 3240 2663 1493 1278 1346 1346 1923 713 562 488 596 2908 4326 3225 3540 3540 3164 3056 2975 3127 3031 3050 2891 2847 2899 2643 2593 2593 2439 2514 2397 2825 2825 2544 2544 2348 2983 2398 1972 2834 2966 2966 3673 3998 3606 3606 2619 2619 2687 2634 2774 2531 2367 2353
8449 8858 8516 8516 8148 6284 7418 7436 7416 6729 8392 8189 8415 8708 7349 3458 7487 7753 5977 5977 5217 5326 6093 4495 2792 3879 3879 3538 2715 2774 3731 1936 1936 1909 1750 2861 2437 2623 3670 3016 2170 4029 4326 3049 3159 3422 3585 3415 2975 3340 3148 2356 2356 3432 2802 2574 2574 2520 2212 2692 2561 2584 2706 2600 2479 2479 2685 4357 2841 924 2594 2674 2674 2661 3694 1701 2457 2958 2958 2834 2860 2603 2442 2372
8601 8675 8378 7434 7434 6321 7418 7436 6496 7173 7301 6744 6203 7016 6532 2608 6664 5296 5442 5271 5271 5326 5933 3870 1703 1934 3288 3288 2715 2774 3731 2901 2901 2278 2528 2873 3111 3094 4460 2647 2647 4029 4209 2895 2833 2845 3009 3308 3278 3026 2914 2135 1921 2844 2663 2472 2472 2409 2450 2703 2703 2466 2765 2731 2574 1687 1687 4357 2977 938 1842 2323 2323 2326 3694 2345 2304 3020 2751 2783 2409 2557 2612 2541
8601 7862 7466 7871 8183 8027 8432 8476 7835 7805 6933 5884 6610 6203 6532 7548 819 712 2352 3079 5269 5762 5706 5372 2859 2894 2626 2273 2273 1557 1377 3466 3466 3064 2528 3395 3149 2018 3005 3007 3359 2318 2235 2982 2849 2972 3009 2920 3067 3129 3115 2880 2504 2721 2551 2547 2440 2409 2365 2475 2475 2495 2777 2777 2780 2851 2851 3364 1786 2108 724 784 2443 2348 2312 2087 2418 2524 2547 2650 2513 2519 2428 2472
8523 8230 8230 8460 8922 8922 8432 7308 7609 7399 6023 5956 6610 6104 6315 6855 700 1031 3215 4016 5269 5186 5186 5841 4380 3437 2626 1654 1430 1430 1216 3048 2731 3064 4616 4684 3105 3105 3107 3114 3039 3805 3548 3548 3014 3028 3124 2899 3142 2887 3176 3297 2923 2816 2760 2547 2440 2440 2417 2419 2551 2551 2815 2777 3121 3210 2896 2896 2175 1769 724 929 2761 2500 2243 2239 2418 2482 2619 2546 2560 2591 2449 2472
8689 6817 6817 8117 8932 8834 8609 7417 6622 6746 6560 5956 5942 5875 5482 5284 3577 4156 4872 4016 7440 5972 7022 6204 5546 3437 2709 1682 1682 1409 1409 2492 2773 2414 2414 2790 3001 3105 1361 2984 3336 3869 3166 3050 3045 3028 3056 3203 3032 3128 3128 3297 3107 2813 2847 2695 2707 2511 2468 2414 2461 2461 2815 2980 2980 1597 3755 3885 1718 1726 2016 1177 2911 2837 2519 2216 2503 2424 2326 2667 2722 2609 2449 2561
8444 5212 7484 7484 8828 8691 8324 7858 3361 6375 6560 955 783 6240 6050 6146 2791 3036 4872 5042 5506 3241 1374 1286 5546 4136 2514 1364 1364 3340 2972 2857 2440 2566 2444 2652 3001 3032 3032 2362 2362 3968 3344 3227 3045 3045 2749 2977 2817 2996 3194 3187 3187 2927 2815 2753 2598 2511 2410 2410 2257 2827 2744 2668 2668 2526 2706 2101 2101 2730 3125 3315 2827 2427 2182 2216 2297 2329 2599 2599 2398 2455 2665 2745
