includes/gis/MODIS_ASCII/mod13q1_ndvi_2014_033.txt
ncols         829
nrows         925
xllcorner     164106.58989296
yllcorner     9637524.0094144
cellsize      264.9945474373
NODATA_value  -9999
[rows 555 to 591 of 925, columns 0 to 83 of 829]
-9999 -9999 -9999 -9999 -9999 -9999 -9999 -9999 -9999 -47 -77 -416 -941 -941 -722 -1044 -537 -382 -382 -382 -410 -69 -69 398 398 1323 1588 1703 1777 1818 3130 4207 504 550 550 563 563 617 389 133 129 -108 200 149 549 525 525 842 902 574 679 875 1630 1730 2141 2150 2100 1985 1453 1316 1653 1653 1704 1352 1522 1555 1383 1670 2035 2035 1937 1854 1948 2150 2422 2623 1983 1745 2082 2082 1571 1805 1742 1778
-9999 -9999 -9999 -9999 -9999 -9999 -9999 -9999 -9999 -285 -370 -793 -903 -1077 -1046 -859 -537 -382 -382 -382 -107 -107 -107 515 579 957 1142 1129 1777 2137 3697 2924 750 652 652 588 560 560 175 79 -139 -156 340 380 699 773 547 815 925 787 781 947 1697 2130 2060 2170 1931 1587 929 1105 1350 1340 1357 1357 1403 1656 1577 1821 2026 1908 1793 1793 1858 2150 2337 2440 2071 1793 2223 2453 2109 1846 1704 1920
-9999 -9999 -9999 -9999 -9999 -9999 -9999 -9999 -9999 -531 -208 -574 -1210 -1037 -1264 -654 -654 -445 -445 -445 -211 -107 -107 -107 929 929 1136 1129 1535 2340 3628 2775 889 913 913 857 526 584 234 -46 316 316 761 380 989 1014 957 957 741 755 1012 1012 1012 1912 1998 1694 1465 1165 1280 1105 1447 1432 1430 1539 1482 1436 1577 1605 1942 1947 1775 1895 2099 2108 2173 2428 2114 1748 2101 2505 2109 1906 1752 1752
-9999 -9999 -9999 -9999 -9999 -9999 -9999 -9999 -9999 -468 -318 -702 -1366 -1037 -1310 -694 -654 -445 -445 -445 -211 -211 -211 -211 1180 1236 1136 1156 1748 2636 3715 516 833 1001 1003 1018 655 655 228 381 750 750 1087 1087 1058 1263 1089 976 725 712 1012 1012 1012 2240 2240 1652 1626 1593 1280 1177 1179 1243 1642 1447 1509 1473 1486 1735 1924 2092 2026 1920 1932 2213 2155 2277 1998 1635 1948 2489 2197 1893 1826 1700
-9999 -9999 -9999 -9999 -9999 -9999 -9999 -9999 -9999 -620 -620 -825 -1366 -1420 -1233 -694 -433 -433 -433 -433 -175 -175 -175 351 1416 1304 1153 1818 1818 2567 3885 456 802 932 1033 669 669 669 435 365 1021 1304 1247 1289 1149 1195 976 976 712 712 1065 1065 1065 8892 1711 1844 1654 1593 1223 1315 1293 1474 1578 1450 1376 1716 1733 1733 1915 1861 1926 1903 1932 1935 2032 2022 1793 1793 1948 2404 2230 1877 1858 1799
-9999 -9999 -9999 -9999 -9999 -9999 -9999 -9999 -9999 -601 -842 -1163 -1496 -1312 -1245 -591 -332 -433 -433 -433 -175 -175 -175 388 1416 1344 1742 2357 2845 3365 3694 947 947 1405 1405 762 762 762 435 704 1035 1443 1443 952 1186 1186 852 852 598 598 1159 1065 1065 6199 1770 1827 1828 1297 1387 1387 1439 1699 1675 1534 1376 1368 1710 1903 1826 1839 2546 1757 1793 2136 2192 2373 1882 1883 1883 2228 2140 2067 1936 1991
-9999 -9999 -9999 -9999 -9999 -9999 -9999 -9999 -9999 -756 -842 -1163 -1168 -1168 -1135 -496 -400 -400 -393 -393 -2 -167 1105 1603 1603 1345 1346 2121 2812 3051 3552 1319 1319 1834 1834 762 762 762 647 647 647 695 695 504 504 504 573 598 598 1075 952 1514 1516 2319 2496 2998 2556 1516 1495 1483 1483 1711 1740 1705 1541 1723 1868 1878 1904 1839 2169 1980 1894 2367 2448 2507 1882 2180 2200 2191 2191 2114 2086 1991
-9999 -9999 -9999 -9999 -9999 -9999 -9999 -9999 -9999 -756 -1172 -889 -809 -809 -722 -327 -404 -404 -393 -393 -2 1063 1496 1791 1546 1183 1183 1957 2832 3182 3552 1319 1834 1834 1834 1059 1059 1059 730 730 730 695 695 504 504 504 504 611 611 1075 1075 1975 2670 2670 2641 2129 2556 2078 1672 1796 1745 1797 1697 1514 1514 1653 1880 1962 1904 1950 2480 2049 1917 2183 2396 2586 1939 1969 2135 2273 2298 2416 2086 2145
-9999 -9999 -9999 -9999 -9999 -9999 -9999 -9999 -9999 -802 -1119 -1009 -1037 -809 -486 -486 -698 -238 -238 346 619 963 1496 1677 1514 1177 1504 1699 2337 3182 3990 1285 2059 2059 2059 1059 1059 1059 730 730 730 777 777 594 594 594 666 611 611 611 1235 1235 1235 2199 2199 2199 2195 2459 1838 1916 1786 1797 1847 1441 1529 1653 1993 2197 2169 2242 2443 2426 2804 2508 2377 2586 2155 2013 2297 2324 2503 2615 2539 2590
-9999 -9999 -9999 -9999 -9999 -9999 -9999 -9999 -9999 -934 -945 -1051 -882 -816 -775 -411 -401 -269 -238 346 518 963 1302 1473 1365 855 1263 708 1502 1502 1502 1502 2306 2059 2059 1354 1354 1354 743 743 743 670 777 594 594 594 666 666 666 666 970 970 2118 2118 2118 2118 2378 2288 2205 1981 1786 1925 2104 1934 1732 2016 2217 2197 2144 2306 2948 3002 3195 3107 2377 2540 2097 2229 2706 2338 2400 2459 2569 2537
-9999 -9999 -9999 -9999 -9999 -9999 -9999 -9999 -9999 -465 -701 -669 -886 -881 -775 -607 -401 -269 -269 101 518 714 1092 1350 1343 1002 1331 708 708 1518 1518 1518 2498 2498 1930 1930 1930 1354 743 743 743 670 670 632 632 632 653 653 653 653 932 932 2008 2008 2118 2378 2378 1957 2251 2202 1704 1664 1947 2220 2417 2476 2215 2635 2635 2725 3360 3245 3013 3047 2564 2339 2339 2584 2827 2721 2706 2459 2659 2358
-9999 -9999 -9999 -9999 -9999 -9999 -9999 -9999 -9999 -912 -912 -770 -832 -881 -997 -607 -557 -215 -215 -17 -17 369 813 1151 1485 1269 1331 460 1151 1151 1151 1151 2222 2222 1930 1930 1930 1930 743 743 970 763 683 683 683 683 802 802 653 932 932 932 2008 2008 2008 2279 2279 1804 2034 1844 1844 1692 2012 2176 2327 2338 2699 2664 3124 3215 3215 3464 3495 3047 3279 2789 2908 2819 2742 2752 2925 2466 2489 2402
-9999 -9999 -9999 -9999 -9999 -9999 -9999 -9999 -9999 -356 -414 -357 -832 -979 -1003 -604 -604 -604 -415 -17 -17 369 689 1086 1397 1293 1323 286 912 912 1134 1134 2268 2268 2561 2008 2561 1566 1566 1566 1566 1107 727 731 731 731 802 802 802 1553 1553 1553 2428 2428 2008 2279 2279 2075 2035 2046 1902 2335 2335 2350 2321 2680 2684 3284 3127 3258 3644 4081 3495 3811 3617 3053 2926 3053 3017 2308 1970 1970 2203 2414
-9999 -9999 -9999 -9999 -9999 -9999 -9999 -9999 -9999 -9999 -353 -509 -691 -691 -1020 -341 -341 -415 -117 -117 125 125 900 1124 1124 1287 1159 411 912 912 912 1902 1902 1902 2553 2553 2553 2620 2001 2001 2001 1107 1107 754 754 754 962 940 940 1982 1982 1982 2428 2302 2087 2165 2167 2266 2035 1969 2167 2326 2527 2527 2882 2680 3476 3369 3401 3070 3097 4034 3587 3617 3550 3154 3178 2944 3017 2306 2061 2293 2293 2697
-9999 -9999 -9999 -9999 -9999 -9999 -9999 -9999 -9999 -9999 -522 -509 -788 -777 -407 -341 -341 -396 -229 -229 -10 -10 758 1010 1366 1287 873 460 697 697 697 1593 1593 1593 3906 6427 2521 2673 2500 2500 2500 1669 1088 804 804 804 962 962 962 1848 1848 2486 2486 2208 2131 2302 2011 2000 2359 1947 2253 2654 3056 3056 3113 2977 2844 3435 3382 3014 3097 3692 3514 3467 3539 3202 3178 3277 3219 2631 2286 2295 2584 2851
-9999 -9999 -9999 -9999 -9999 -9999 -9999 -9999 -9999 -9999 -522 -357 -629 -640 -523 -470 -471 -471 -148 -229 -10 -10 411 815 1270 1419 304 383 383 383 697 1423 1738 1738 1738 6266 2431 2581 2581 2673 2673 1669 1669 969 969 1134 1134 1150 1150 2129 2129 2129 2486 2253 2253 2248 1881 2000 2238 2762 2232 2527 3069 2860 2800 2660 2660 3268 3244 3014 3328 3505 3675 3630 3489 3420 3138 3138 3276 2877 2335 2499 2780 3212
-9999 -9999 -9999 -9999 -9999 -9999 -9999 -9999 -9999 -9999 -327 -254 -358 -568 -432 -406 -411 -532 -181 -181 -50 -50 198 815 1265 1525 253 575 575 575 575 1423 1423 1423 2332 5611 2431 2157 2636 2636 2369 2369 2369 1057 1057 1057 1134 1266 1266 2136 2136 2509 2509 2266 2024 1934 2245 2232 2232 2897 2398 2565 3069 2760 2656 2863 3212 3388 2972 2981 3546 3603 3604 3552 3552 3287 3002 3151 3167 2987 2724 2833 2887 3212
-9999 -9999 -9999 -9999 -9999 -9999 -9999 -9999 -9999 -9999 -253 -356 -255 -417 -338 -113 -513 -478 -443 -181 -50 -50 198 458 1013 1244 164 568 568 568 1355 1355 1653 1653 2390 5611 2390 2157 2157 2157 2266 2432 2432 1263 1263 1042 1042 1042 1266 2258 1643 1643 2423 2298 2134 2194 2442 2373 2438 3034 2607 2565 3222 3139 3279 3530 3814 3568 2810 2810 3371 3873 3889 3797 3542 3287 3279 3266 3266 3077 2948 2563 2887 3134
-9999 -9999 -9999 -9999 -9999 -9999 -9999 -9999 -9999 -9999 -79 67 67 67 101 -113 -308 -403 -305 9 39 190 261 182 448 760 513 1006 1006 1306 1306 1577 1577 1355 2220 2220 1828 1828 1994 1994 2138 2138 2266 1432 1219 1075 1136 1136 2070 2070 1962 1962 2584 2149 2134 2401 2888 2503 2388 2864 2607 2563 3340 3408 3469 3714 3977 3651 3278 3615 3876 3876 3528 3570 3416 3331 3227 3371 3255 3061 3061 2563 2750 3206
-9999 -9999 -9999 -9999 -9999 -9999 -9999 -9999 -9999 -9999 102 201 159 159 159 -211 -354 -394 -180 91 109 114 213 290 290 485 647 1180 1180 1421 1421 1406 1406 1577 2264 2264 1837 1828 1837 1837 1748 1690 1690 1535 1456 1350 1350 1350 2070 2070 2326 2515 2515 2149 2430 2265 2532 2806 2590 2849 2535 3260 3260 3449 2956 3188 3823 3651 3864 4134 4107 3467 3467 3483 3416 3181 3268 3458 3105 2931 2706 2862 2976 2976
-9999 -9999 -9999 -9999 -9999 -9999 -9999 -9999 -9999 -9999 94 157 157 157 159 160 87 157 121 105 147 218 40 29 100 500 323 479 963 1058 1585 1585 1585 1585 2041 2041 2214 1816 1816 1394 1394 1394 1394 1483 1483 1448 1448 1448 2239 2239 2326 2675 2248 2156 2356 2166 2376 2783 2950 2673 2737 3056 3643 3150 3150 3440 3959 3845 4140 4561 4025 3681 3300 3424 3412 3412 3568 3630 3234 2931 2723 2617 2873 2901
-9999 -9999 -9999 -9999 -9999 -9999 -9999 -9999 -9999 -9999 16 230 230 230 230 160 160 2 -84 -187 161 121 -31 -102 -89 375 323 479 963 800 1364 1364 3136 3999 3977 3865 2011 2011 2011 1424 1424 1444 1444 1357 1357 1419 1709 1709 2438 2438 2438 2689 2248 2574 2232 2232 2433 2540 2702 2673 3014 2686 3247 3734 3646 3900 3959 4192 4331 3187 3163 3224 3128 3347 3150 3164 3524 3924 3234 3012 2968 2883 2995 3217
-9999 -9999 -9999 -9999 -9999 -9999 -9999 -9999 -9999 -9999 231 135 128 128 155 -293 -347 -419 -282 -12 100 121 236 172 -151 83 291 345 482 1461 1461 2228 3136 3739 3714 4233 2009 2009 2009 1424 1424 1424 1213 1213 1213 1721 1734 2606 2606 2606 2606 2897 2417 2714 2889 2566 2434 2690 2690 2470 2634 3192 2993 3722 4100 4106 4074 3672 3386 3358 3136 3224 3159 3501 3387 3126 3023 3623 3582 3421 3237 3222 3230 3249
-9999 -9999 -9999 -9999 -9999 -9999 -9999 -9999 -9999 -9999 231 135 193 193 176 -128 -201 -252 -125 -12 77 142 194 183 125 0 184 220 954 1367 1977 2945 2945 3509 3575 3682 2169 2169 2169 1480 1480 1437 1410 1410 1410 1721 1721 2378 2560 2560 2560 2897 2554 2667 2630 2792 2711 2873 2842 2842 2718 3358 3331 2922 4018 4241 4159 4199 4070 3488 3136 3180 3195 3455 3185 3166 3236 3623 3448 3448 3369 3719 3444 3156
-9999 -9999 -9999 -9999 -9999 -9999 -9999 -9999 -9999 -9999 255 255 195 195 329 89 49 176 207 207 30 -129 66 183 125 0 184 70 518 1558 1977 2544 3179 3179 3642 3520 3967 2145 2145 1589 1589 1589 1405 1405 1405 2294 2294 2580 2580 2378 2762 2762 2637 2923 2637 2772 2913 3049 3038 2993 2859 3834 3834 2922 3848 4269 4339 4641 4366 3488 3453 3453 3387 3682 3425 3209 3494 3542 3962 3798 4009 4009 3600 3156
-9999 -9999 -9999 -9999 -9999 -9999 -9999 -9999 -9999 -9999 333 259 271 271 123 90 90 285 285 237 154 -71 66 14 -21 -32 19 53 132 643 983 983 983 3122 3208 3208 3245 5974 5800 6064 1584 1589 1956 2021 2021 2911 2911 2608 2608 2608 2807 2905 2431 2707 3278 3203 2928 2992 2913 2877 2813 3684 3734 3734 4165 4293 4417 4470 4358 4074 3558 3411 3524 3524 3656 3511 3494 3960 3909 4305 4548 3809 3335 3033
-9999 -9999 -9999 -9999 -9999 -9999 -9999 -9999 -9999 -9999 167 220 261 182 184 45 187 183 183 285 45 -247 -73 -65 -46 -17 -79 53 132 643 643 643 1490 2813 3245 3529 4438 2590 1875 2069 1408 1408 1956 1956 1956 3434 3434 2558 2303 2541 2729 2742 2487 2834 3824 3203 3073 3048 2768 2754 2690 2803 3727 3809 4234 4234 4300 4319 3996 4074 3475 3698 3706 3810 3771 3511 3650 3734 3558 3946 4244 3825 3335 3065
-9999 -9999 -9999 -9999 -9999 -9999 -9999 -9999 -9999 -9999 46 296 335 360 359 584 396 235 235 183 -50 -370 -91 78 -17 -17 24 24 90 507 507 669 1527 3101 3471 3913 4867 2315 1830 1838 1983 2092 2142 2352 2782 2908 2290 2567 2400 2636 2707 2803 3194 3089 3824 3596 3596 3482 3237 2867 3149 3200 3921 3981 4530 4389 4071 4071 3996 3977 3333 3809 3979 3895 3707 3916 3916 3830 3596 3521 3458 3480 3654 3399
-9999 -9999 -9999 -9999 -9999 -9999 -9999 -9999 -9999 -9999 219 304 304 239 359 584 584 109 109 109 -50 -370 13 78 84 -25 59 89 89 633 633 633 1320 2827 3240 3913 5296 2184 1802 2046 2338 2751 3291 2732 2159 1987 2247 2567 2715 2819 2819 2812 3177 3294 3512 3764 4064 4014 3385 3385 3420 3200 4270 4216 4474 4395 3941 3849 3849 4038 3453 3748 4028 4035 3879 3996 4069 3939 3697 3697 3382 3226 3459 3414
-9999 -9999 -9999 -9999 -9999 -9999 -9999 -9999 -9999 -9999 210 210 210 328 343 366 118 119 119 119 -69 -431 138 215 262 164 346 459 218 607 543 633 1435 1435 1435 1518 1518 3860 2824 3038 2338 2651 2651 2399 2030 2002 2247 2442 2475 2751 2865 3042 3042 3294 3453 4002 3908 3659 4051 4082 3420 3517 4305 3974 4236 4316 3861 4058 4184 3774 3710 4149 3966 4643 4403 4309 4320 3979 3630 3387 3387 3043 3379 3451
-9999 -9999 -9999 -9999 -9999 -9999 -9999 -9999 -9999 -9999 120 221 221 169 169 366 118 69 69 69 -69 -425 215 451 262 164 346 459 685 809 809 1568 1568 1726 1726 1671 1671 1671 2247 2247 2247 2597 2597 2597 2157 2023 2191 2293 2316 2493 2884 2935 3532 3532 3216 3796 3872 3575 3665 4082 3645 3566 3566 4134 4259 4424 4370 4076 4278 4021 3858 3748 4694 4694 4815 4362 4261 4007 3831 3317 3187 3658 3658 3854
-9999 -9999 -9999 -9999 -9999 -9999 -9999 -9999 -9999 -9999 120 120 120 274 173 -482 -195 157 157 157 81 81 215 451 389 979 895 998 981 926 926 926 1568 1568 1568 1482 1482 1482 2166 2433 2433 2695 2695 2695 2035 2158 2130 2278 2134 2395 2537 2935 3057 3109 3180 3425 3785 4054 4206 4013 4170 3981 3731 4770 4141 4094 4101 4104 4422 4100 3662 3748 3982 3896 4274 4274 4340 4672 3831 3518 3251 3800 4328 4360
-9999 -9999 -9999 -9999 -9999 -9999 -9999 -9999 -9999 -9999 -197 -26 -26 -26 14 69 167 164 164 164 -26 281 641 641 463 895 895 998 747 856 976 1474 1474 1672 1672 1532 1532 1532 2166 2166 2788 2788 2788 2788 2302 2158 2262 2269 2125 2501 2611 2964 3059 3304 3368 3981 4639 4260 4631 3962 4108 4357 4021 4501 4141 4051 3911 3911 4200 4536 4088 3683 3950 3768 3832 3861 4229 4229 4236 3354 3324 3977 3932 3878
-9999 -9999 -9999 -9999 -9999 -9999 -9999 -9999 -9999 -9999 -197 -197 -197 -41 14 124 124 75 75 86 86 310 418 418 734 734 780 780 747 979 1170 1526 1526 1526 1300 1300 1300 1300 2579 2363 2857 2823 2823 2823 2259 2351 2208 2274 2497 2497 2611 2797 3444 3313 3406 3684 4411 4450 4127 3460 3834 4391 3959 4501 5046 4103 3768 3875 3746 3746 4088 4041 3584 3333 3570 3385 3493 4043 4043 3740 3626 3905 3639 3210
-9999 -9999 -9999 -9999 -9999 -9999 -9999 -9999 -9999 -9999 -202 44 312 15 104 -91 -66 88 88 259 86 274 419 527 527 895 894 894 895 1184 1184 1443 1443 1443 1214 1339 1339 1339 2722 2722 2857 2857 2857 2751 2259 2273 2225 2339 2816 3270 3162 3162 3479 3725 3520 3684 4004 4055 3587 3644 4171 4024 3545 3626 4121 4773 3893 3750 3970 4858 4300 4581 3814 3502 3574 3523 3493 3524 3450 3519 3280 3352 3152 3210
-9999 -9999 -9999 -9999 -9999 -9999 -9999 -9999 -9999 -9999 44 44 44 -232 132 85 84 -126 320 320 513 400 665 419 419 870 894 894 1218 1218 1284 1230 1230 1230 1214 1214 1214 2173 2173 2173 2498 2679 2679 2170 2152 2672 2871 2416 2729 3270 3375 3525 3667 3908 3908 3488 3746 3529 3947 4083 4147 2939 3545 3903 3919 5410 4447 3721 4140 4858 4973 4537 4136 3907 3911 4018 3297 3811 3713 3481 3133 2902 2902 3097
-9999 -9999 -9999 -9999 -9999 -9999 -9999 -9999 -9999 -9999 -39 -39 -39 -297 147 145 113 -30 338 338 513 513 536 470 299 768 1097 1097 1863 1838 688 1183 453 1207 1066 1263 1263 1263 2094 2664 2664 2567 2315 2079 2296 2296 3039 2714 2729 2997 3386 3691 3563 3665 3716 3592 3904 4141 4641 4707 5090 4197 4334 4850 4117 4794 5097 3981 4140 4581 4154 4301 4047 4047 3852 4346 3979 3962 3525 3409 2777 2845 2978 2978
