includes/gis/MODIS_ASCII/mod13q1_ndvi_2014_033.txt
ncols         829
nrows         925
xllcorner     164106.58989296
yllcorner     9637524.0094144
cellsize      264.9945474373
NODATA_value  -9999
[rows 222 to 258 of 925, columns 0 to 83 of 829]
-9999 -9999 -9999 4700 4770 4385 3842 3919 4001 4523 4905 5995 4820 5001 4182 4109 4465 4764 4887 4819 5109 7005 6185 4890 4705 4877 4758 4758 4676 4054 3736 4073 4123 4712 5023 4373 4428 4435 4948 5615 5101 4879 4913 5159 4188 3469 3960 4950 4950 4830 4474 4566 4025 3817 3850 3845 3709 3709 3786 3933 3944 4556 3789 3972 4109 4029 4017 3674 3765 3760 3862 3979 4525 4236 3761 3899 3592 3422 3832 3832 3816 3829 3782 3211
-9999 -9999 -9999 4602 4674 4479 3947 4559 4962 4523 5036 6032 5047 5149 4470 4480 4465 4442 4442 4587 4543 6185 6185 5382 4957 4357 4693 4224 4534 4054 4268 3979 4129 4666 4568 4332 4647 5539 5892 4926 4926 4822 4913 5113 4120 3440 3731 4841 5205 5039 4897 4399 3877 3765 3850 3843 3708 3729 3855 3855 3872 4405 4102 3329 3551 4056 3937 3598 3389 3760 3540 4008 4318 4387 4041 3912 3509 3422 3633 3866 3812 3812 4037 3211
-9999 -9999 -9999 4762 4588 4583 4283 4613 4962 4347 4600 5569 5456 4366 4156 4480 4497 3998 3856 4356 4356 4844 6402 6602 5987 4986 4697 4811 5134 4135 4378 4378 4344 4345 4406 4332 4643 5920 5984 4748 4851 4851 4989 4717 3702 3083 3370 4603 5205 4886 4886 4582 4060 3655 3823 3917 3793 3630 4026 4760 4760 4405 3763 3216 3375 3642 3379 3197 3389 3230 3333 3692 4096 4103 3844 3823 3509 3428 3807 3904 3839 4345 4345 3731
-9999 -9999 -9999 4697 5108 4483 4124 4613 5129 4414 4545 4651 4868 4088 4047 4525 4350 3784 3921 4439 5730 4844 4475 4702 4324 4234 4622 4796 5134 4341 4626 4628 4358 4358 4406 4603 4530 6194 6089 5491 4604 4561 4561 4101 3916 3305 3678 4603 4918 4661 4221 3849 3849 3704 3726 3913 3813 3593 3824 4346 4555 4555 3343 3255 3161 3045 3137 3197 3418 3406 3690 3690 3576 4031 3536 3823 3309 3206 3523 3509 3771 3987 3398 3029
-9999 -9999 -9999 4787 5012 4582 4303 4518 4735 4277 4783 4733 4812 4453 4047 3896 4920 5578 5656 4594 4312 4944 4392 4171 4171 4601 4718 4796 4670 4628 4717 4822 4633 4166 4343 4412 4444 4739 5959 6168 4604 4246 4122 3709 3709 3373 3587 3961 4683 4669 4390 3763 3557 3454 3701 3725 3623 3585 3792 4131 3981 3269 3297 3297 3257 3098 3137 3224 3091 3144 3299 3122 3678 4021 4021 3612 2729 2891 3471 3509 3153 2836 2836 3337
-9999 -9999 -9999 4822 5113 4686 4303 4249 4422 4429 4931 5466 5022 4564 4901 5096 5620 5870 4924 4646 4312 4572 4445 4365 4606 4073 4718 4827 4676 4609 4514 4669 4558 4166 4157 4350 4350 4886 5475 5051 4145 3739 4434 4046 3629 3297 3587 3206 3989 4702 4600 3909 3539 3454 3730 3515 3581 3570 3894 4131 3462 3232 2966 3025 3099 2948 2948 3052 2849 3034 2817 3122 3235 3700 3891 2931 2931 2941 3099 3276 2860 2852 3143 3242
-9999 -9999 -9999 4512 4734 5055 4670 4782 5035 5035 4851 4778 5022 4467 4782 4871 4861 5080 4968 4646 4722 4745 4074 4337 4506 4549 4478 4478 4737 4508 3995 3868 4558 4366 4266 4354 5609 5609 5297 5051 3935 3433 3483 4226 3571 3139 3057 3202 3385 4275 5015 4303 3882 3891 3505 3505 3618 3949 4432 3624 3257 3246 2960 2979 3099 2934 2917 2862 2862 3114 2965 3009 3098 3055 3628 3510 3494 3494 3099 3138 2682 2800 2840 2959
-9999 -9999 -9999 4650 4790 4969 4691 4936 5181 4949 4642 4642 4714 4236 4535 4314 4622 4755 5209 5165 4929 4812 4537 4991 4889 4549 4894 4921 5031 5031 4208 4212 4192 4311 4337 4610 5610 5616 5297 5137 4094 3560 3557 3730 3534 3364 3141 3141 3363 4172 4456 4349 4377 3819 3734 3627 3689 3981 3981 3362 3385 3227 3070 2979 3015 3063 3215 3299 3354 3354 3182 2927 3355 2754 3293 3519 3541 3596 3596 3310 3099 3105 2975 3068
-9999 -9999 -9999 5674 4790 5005 4868 5170 5393 4766 4774 4768 4768 4694 4609 4812 5794 4755 4737 4555 4318 4915 4790 4980 4889 4908 5050 5159 5203 4573 4669 4212 4465 4353 4737 5873 5761 5274 5337 5337 4438 3934 3925 3685 3139 3240 2892 2921 3116 3946 4665 4345 4019 3618 3773 3167 3689 3145 2872 2880 2880 2919 2907 2923 3085 3128 3255 3382 3331 3220 3012 2970 3221 2420 2883 3321 3530 3571 3654 3333 3189 3283 3125 3002
-9999 -9999 -9999 4683 4820 5107 4896 5135 5291 5243 4774 4694 4569 4569 5001 5480 4801 5984 5872 5530 5510 5569 4909 4849 4850 4696 4906 5150 5199 4704 5029 5029 4856 4444 4283 5256 5750 4505 3397 4318 4992 3929 3929 3732 3741 3186 2945 2905 3055 3821 4665 4051 4051 3702 3803 3167 3204 3085 3011 2941 2907 2812 2812 2900 2995 3117 3182 3252 3303 3220 3193 3043 3002 2648 2563 3265 3530 3564 3391 3438 3267 3267 3125 2961
-9999 -9999 -9999 4701 4701 4938 5006 5048 5051 5243 4897 4391 3774 4305 4587 4380 4801 4469 4955 4510 4232 4102 5649 4849 4655 4225 4547 4742 4831 4639 4875 4759 4970 5606 5606 5689 5401 4371 3091 4536 4792 4143 3937 4344 4344 4242 4030 3398 3486 3821 4250 3899 3441 3147 3147 3146 3059 3021 3058 2981 2999 2972 3013 3063 2988 3086 3151 3186 3243 3189 3010 3308 2898 2898 2561 3265 3690 3492 3190 3487 3253 3066 3066 2891
-9999 -9999 -9999 4178 4737 5067 5108 5107 5166 5493 4774 4199 3890 4112 4065 4773 4773 4789 4217 3369 3454 3812 4422 4289 4380 4573 4540 4774 4643 4531 5005 5022 5551 6151 5537 5304 5106 4487 3640 3281 3078 3026 3937 3631 4201 4201 4125 3361 3125 3314 3390 4005 3421 3265 3290 3034 3100 3123 2980 2969 3148 3066 3041 3122 3122 3075 3145 3248 3243 3171 2721 3906 3504 2917 2561 3118 3813 3593 3468 3243 3081 3060 2990 3121
-9999 -9999 -9999 4289 4630 4299 5055 5055 5166 5392 5509 4963 4597 3990 3693 4939 4093 3970 4146 4146 4294 3837 4384 4675 4708 4891 5150 4662 4643 4715 4930 4929 5509 6268 6152 5304 4987 4987 5195 3037 2794 3026 2752 2992 4408 3736 3346 2752 3125 3360 3724 4447 3560 3346 3287 2968 3014 2880 3068 3160 3266 3066 3096 3235 3235 3375 3375 3248 3169 3063 2745 2875 3362 3058 3639 3975 3512 3512 3204 3809 2972 3002 2941 3207
-9999 -9999 -9999 4301 4904 4763 4748 4903 4903 5608 5608 4953 4640 3419 3855 4477 3451 3321 4224 4481 4132 4570 4815 4650 4904 4800 4495 4662 4513 4784 4754 5017 5689 6065 6152 5518 5705 5801 5801 3118 2586 2466 2526 3151 4309 3824 3155 2752 2996 3543 4189 3588 3126 3386 3362 2866 2979 2979 3091 3093 3266 3196 3361 3236 3335 3551 3507 3479 3709 3709 3457 2946 3362 3253 3294 3937 3411 3144 3935 3935 3003 2996 2891 3224
-9999 -9999 -9999 4316 4678 4516 5403 6096 5004 5145 5648 4520 4520 3576 4363 4265 3385 3412 4530 4165 4132 4736 4736 5071 4662 4633 4495 4708 4871 4975 4863 5024 5638 5811 5200 4184 4423 4703 5088 4553 2586 2536 2863 3238 3395 3744 3607 2893 3186 3186 3894 3133 2978 3095 3362 2909 3250 3156 3034 3367 3367 3269 3308 3369 3420 3551 3595 3553 3510 3310 3089 3089 3022 2856 2745 3561 3362 2917 3141 3607 2879 3036 2878 3125
-9999 -9999 -9999 4603 4979 4600 4824 4759 4468 4312 5007 4799 4123 4107 4107 3750 3457 4048 4849 4165 4090 4965 5713 4904 4007 4254 4681 4979 5066 4974 4981 5575 5664 5811 4267 3477 3359 3550 4792 3035 3035 2648 3167 3535 3482 3885 4994 3089 3698 4163 3888 3109 3109 2928 3145 3318 3279 3001 3034 3200 3211 3203 3203 3242 3426 3451 3508 3519 3415 3265 3561 3286 2935 2871 2682 3563 3435 2768 3141 3224 3163 3163 2853 3208
-9999 -9999 -9999 5193 4558 4558 4685 4666 4739 4119 4470 4884 4123 4371 4520 4425 4159 4124 5094 5244 5814 5256 4506 4813 5056 4254 4224 4640 4823 4998 4905 5651 4934 4201 3672 3504 3412 3543 3607 4384 4159 3896 3896 3702 3669 4075 4508 5055 3658 4150 4021 3284 3067 3250 3250 3112 2975 3001 3023 3144 3204 3312 3378 3491 3426 3565 3460 3250 3456 3246 3293 3286 2976 2976 2834 3441 3328 2853 3026 3486 2800 2881 3194 3194
-9999 -9999 -9999 5005 4850 4740 4740 4550 4816 4406 4075 4884 5044 4620 4600 4510 4510 4471 5094 4897 4961 4800 4586 4682 5056 4362 4362 3885 4210 4345 4609 5651 4841 5071 3684 5039 5182 5600 5428 4900 3985 3608 3394 3314 2966 3689 3641 4576 4802 4464 3720 3284 3314 3174 3372 3282 2890 2693 2833 2965 2972 3292 3318 3283 3459 3441 3525 3339 3344 3266 3564 3279 2892 3172 3724 3724 3488 2853 3126 3445 2769 2823 3090 2995
-9999 -9999 -9999 5380 4850 4893 4356 4225 4616 4367 4072 4540 4717 4394 4419 4724 4870 5526 5526 4887 4259 4256 4334 4839 4442 4495 3865 3699 3699 3988 5041 5241 3733 3191 3032 3276 3847 3583 3116 4012 3046 2991 3068 2828 2966 2708 3017 3017 3906 4187 3720 3339 3322 3542 3616 2948 3015 2777 2996 3156 3149 3258 3151 3283 3542 3341 3341 3005 2937 3071 3564 3506 2870 3170 3729 3646 3488 2942 3087 3097 2937 2844 3072 2995
-9999 -9999 -9999 4966 5036 4727 3625 4730 4733 4733 4072 4362 4629 4478 4487 5183 5346 5231 4844 4079 4079 4190 4730 4839 5259 4916 4675 5107 4662 5597 5423 5423 3203 2953 2952 3101 3847 4052 3289 2769 2903 3100 3027 2828 2796 2641 2914 3177 2938 3545 3986 3757 3953 3805 3146 3062 3015 2956 3032 3054 2974 3059 3162 2993 3135 3292 3255 3064 3064 3071 3280 3509 2771 2987 3658 3715 3113 3113 3113 3206 3031 3056 3125 2973
-9999 -9999 -9999 4729 5331 4819 3918 4482 4978 4364 4372 4372 4546 4498 4417 5582 5346 5140 5526 4901 4546 4180 4202 4738 4700 4687 4710 4595 4477 5597 6082 4571 3029 2675 2865 3125 3807 4245 3201 2740 3543 3381 3091 2546 2680 2789 2633 2816 2743 3545 3892 3625 3951 3549 3204 3339 3445 2889 3020 3020 3049 3082 3162 3174 3021 2859 3079 3079 3194 2908 3285 3803 3446 3237 3483 3713 3302 3373 3416 3069 3007 2957 3059 3130
-9999 -9999 -9999 4729 5689 3915 3402 4712 4819 4831 4509 4264 4657 5207 5237 5532 4930 5218 5233 5347 4477 4100 4202 4662 4917 4945 5108 5294 4477 5321 5895 5068 3046 3046 2936 3125 4148 4110 3307 2872 3312 3206 3091 2613 2566 2712 3236 3126 2743 3274 3274 3612 3634 3299 3517 3818 3684 2845 3078 3043 3091 3082 3121 3099 2979 2932 3095 2965 2921 2594 3037 2910 3087 3187 3534 3578 3343 3440 3399 2924 3062 3146 3077 3001
-9999 -9999 -9999 5715 4757 4171 3733 4024 4921 5457 5434 4562 4646 5221 5025 4493 4700 5077 4513 5338 4799 4100 4564 4717 5572 5572 4845 4990 5133 5180 5711 5531 3824 3181 2936 2908 4415 4513 3445 2944 3017 2968 2547 2571 2363 2426 2967 3446 2837 3190 3854 4094 4094 3915 3886 3818 3837 2952 2961 3222 3052 3102 3007 3175 3175 2933 3095 3092 2814 2490 3002 3244 3105 3187 3632 3559 3250 3299 3294 2905 3062 3021 3021 2923
-9999 -9999 -9999 5173 4870 4166 4059 4059 5200 5532 5955 4901 4694 4792 5025 4203 5278 5278 4417 4965 5355 4266 4129 4423 5278 4533 5218 4990 6016 5814 5522 5401 4079 3181 3146 3891 3891 4185 3211 2880 3017 2582 2682 3272 3904 3771 3103 3343 3365 3050 3538 4180 3295 2989 2854 2925 2925 2952 3059 3222 3104 2817 3133 3214 3120 3000 3195 3176 2924 2519 2484 2610 2451 3685 3685 3784 3370 3499 3521 2927 3044 3034 2961 3028
-9999 -9999 -9999 4738 4862 5092 4933 4462 5176 5613 5692 4968 4485 4792 5132 4421 5360 4336 4190 4190 5355 4723 4898 4829 5608 4883 5218 6820 6820 6660 5913 5252 5086 3087 3206 3544 3628 3628 3652 4470 3142 2527 2868 3386 3730 3831 3753 3563 3563 4236 3933 3626 3204 2989 2793 2929 2907 3084 2877 2979 2938 3001 3300 3214 3013 3120 3120 3185 3100 2668 2498 2436 2451 3497 3567 3140 3140 3373 3182 2927 2929 3071 2946 3217
-9999 -9999 -9999 5202 5140 5183 4933 5173 5497 5108 5108 4865 4425 4627 5193 4791 4654 4589 4127 4846 4846 4555 4493 4345 4653 4981 4115 5455 6647 6541 6541 5214 5592 3732 4006 4492 3753 3239 4353 3899 3899 3628 3509 3679 3568 4183 4439 3719 3690 3371 3236 3223 3204 3083 2934 3136 3161 2752 2877 2961 2984 3052 3333 3231 3168 3138 3233 3024 3024 2694 2575 2437 2525 3290 3516 3302 3047 3047 3182 2892 2975 3158 3040 3118
-9999 -9999 -9999 5259 5327 5150 5136 5044 5535 4833 4661 4194 4425 4621 5279 5056 4730 5044 4399 4849 4526 4273 4273 4287 4985 4981 4981 5862 6121 5747 4418 4418 4986 6320 5641 3860 2815 2827 3522 3013 3396 3946 4083 4175 3646 3392 3746 3819 3432 3449 3356 3436 3293 3248 3192 3133 2747 2522 2808 2798 2967 3112 3246 3302 3250 3159 3088 3092 2940 2599 2599 2437 2727 3154 3285 3154 2682 2658 2784 2805 2959 2973 3056 3148
-9999 -9999 -9999 5075 5242 5355 5353 5338 5401 5155 4943 4194 4318 4318 4574 4248 4515 4947 4399 5036 4964 4850 4604 4982 4982 4518 4753 4669 4525 5016 5964 4387 3708 4382 5040 4254 3316 2827 2756 2682 3409 3355 3786 3786 3646 3397 3590 3848 3596 3241 3356 3449 3385 3635 3484 2876 2531 2522 2690 2772 3129 3129 3191 3231 3250 2982 3037 3053 2960 2740 2619 2619 2888 3008 3179 2944 2843 2658 2613 2815 2819 3003 3035 3028
-9999 -9999 -9999 5024 5241 5355 5372 5622 5314 4944 4702 4426 4399 4480 4242 4242 4596 4947 4415 4090 4328 4661 4363 4425 4386 4286 4286 4845 5095 4834 5964 5901 4878 4212 4589 4589 3894 2651 2431 2653 2850 3767 3655 3611 3611 3341 3696 4336 4054 3307 3504 3688 3578 3209 3475 3124 2689 2356 2624 3035 3194 3081 3081 3231 3244 3063 2849 3083 3075 2913 2857 2930 2930 3033 2828 2484 2646 2413 2215 2570 2865 2991 3035 3116
-9999 -9999 -9999 5040 5030 5620 5620 5510 5507 5433 4702 4635 4854 4771 5468 7108 5982 4382 4488 4321 4616 4742 4547 4425 4241 4314 5278 5278 5445 4839 5499 6177 5864 4700 4713 4439 3894 2657 2592 2732 2624 3706 3655 3559 3511 3511 4017 4248 3820 3307 3707 3830 3683 3500 3207 2642 2895 2394 2473 3041 3416 3300 3198 3075 3075 2935 3008 2822 2835 2947 2975 2847 2801 2962 2596 2386 2485 2274 2307 2404 2753 2909 3121 2923
-9999 -9999 -9999 5022 5030 5285 5361 5503 5103 5032 4693 4670 4559 4531 4740 6510 5982 5357 5052 5052 4312 4562 4396 4489 4184 4529 5364 5365 4464 4839 5725 6468 5835 5471 5176 4439 3158 3158 2505 2554 2532 3701 3639 3702 4399 4432 3729 3729 3370 3286 3575 3398 3202 3507 3058 2562 2453 2603 2492 2942 2808 2973 2951 2965 2901 2695 2962 2822 3239 3102 3113 2882 2929 3021 2496 2496 2226 2040 2228 2459 2601 2909 2812 2770
-9999 -9999 -9999 5364 4943 4993 5228 5256 5103 4845 4961 4716 4689 4604 4269 6510 6956 5055 4693 3958 4284 4284 4396 4492 4146 4303 4571 4387 4464 4306 4306 4871 5838 5126 4724 4475 4074 2903 2793 2793 3010 3294 3638 3604 3807 3862 3291 3228 3492 3367 3426 3122 3345 3487 2722 2662 2631 2462 2474 2632 2808 2820 2851 2944 2812 2905 2810 3291 3291 3163 2968 3012 2954 3205 2255 2363 2106 2106 2186 2219 2384 2777 2321 2641
-9999 -9999 -9999 6647 6691 6204 5957 5655 4883 4730 4690 4534 4722 4868 4269 5093 5162 5142 4476 3598 3798 4321 4321 4297 4257 4051 4195 4304 4586 4348 4586 5524 5524 5406 4724 4115 4045 3583 2955 2954 3342 3294 3240 3254 3593 3827 3351 3395 3312 3333 3472 3472 3565 3335 2766 2832 2597 2399 2507 2642 2659 2591 2750 2959 2893 3039 2810 3112 3207 3098 3098 2999 3062 3244 2321 2197 2000 2094 2259 2259 2384 2616 2325 2841
-9999 -9999 -9999 6335 6807 6097 5980 5655 4947 4726 4426 4426 4722 4868 4425 4721 4810 4604 4420 3598 3798 4110 4224 4480 4480 4457 4401 4304 4780 4502 4600 4836 5507 5507 5059 4316 4215 4432 3455 2954 3443 3609 3306 3196 3346 3314 3376 3383 3295 3606 3624 3265 2784 3276 2970 2736 2564 2486 2584 2642 2679 2706 2751 2827 2977 2975 2831 3020 2944 2784 2793 2793 2787 3244 2755 2182 2067 2145 2145 2499 2499 2619 2185 2703
-9999 -9999 -9999 5319 6127 5180 5980 6399 5225 4570 4486 4406 4761 5179 4742 4195 4463 5023 4420 3999 3789 3559 3807 3807 4368 4427 4401 4233 4589 4599 4723 4522 4973 5402 4608 4608 3686 3289 3201 3237 3383 3693 3326 3595 3595 3735 3350 3344 3626 3699 3216 2795 2784 2718 2718 2529 2362 2362 2696 2638 2657 2741 2798 2899 2824 3435 2921 3072 2707 2708 2787 2727 2787 3143 2751 2352 2222 2011 2100 2499 2534 2115 2115 2643
-9999 -9999 -9999 5310 6293 6231 5895 5399 5741 5195 4786 4406 4643 4476 4120 4120 4485 4968 4393 3891 4471 4101 3847 4108 4128 4427 4504 3758 3971 4031 3976 4096 5064 5539 5202 4377 3999 3721 3201 3271 3152 2844 2662 3418 3817 3735 3271 3305 3239 2745 3275 2795 2398 2674 2516 2301 2301 2291 2566 2616 2617 2769 2864 2951 3060 3435 3233 2999 2912 2912 2797 2727 3129 2798 2798 2194 2442 2137 2100 2414 2648 2172 2054 2643
-9999 -9999 -9999 6578 6293 6054 5116 4970 5512 4875 4786 4539 4559 4512 4216 4683 4781 4781 4271 4204 4929 4047 3654 4121 4074 4069 3944 3944 3619 3716 3976 4477 5409 5624 4775 4472 4472 3721 3738 3469 3481 3185 3033 3418 3817 3040 3027 3027 2799 2401 2644 3031 2671 2848 2593 2324 2298 2716 2566 2882 2904 2759 2813 2838 2997 2992 3032 3050 2965 2941 2756 2786 3083 2857 2061 2001 2221 2326 2322 2246 2361 2144 1995 2643
