includes/gis/MODIS_ASCII/mod13q1_ndvi_2012_289.txt
ncols         829
nrows         925
xllcorner     164106.58989296
yllcorner     9637524.0094144
cellsize      264.9945474373
NODATA_value  -9999
[rows 0 to 36 of 925, columns 672 to 755 of 829]
-9999 -9999 -9999 -9999 -9999 -9999 -9999 -9999 -9999 -9999 -9999 -9999 -9999 -9999 -9999 -9999 -9999 -9999 -9999 -9999 -9999 -9999 -9999 -9999 -9999 -9999 -9999 -9999 -9999 -9999 -9999 -9999 -9999 -9999 -9999 -9999 -9999 -9999 -9999 -9999 -9999 -9999 -9999 -9999 -9999 -9999 -9999 -9999 -9999 -9999 -9999 -9999 -9999 -9999 -9999 -9999 -9999 -9999 -9999 2826 2899 2888 2869 2784 2680 2644 2644 2901 3751 3330 2994 2777 2854 2707 2630 2348 2348 3033 2967 2592 2325 2423 2471 2819
3468 3089 3089 3081 3159 3141 3265 3001 2953 3000 2998 2875 2818 2822 2629 2849 2773 2746 2821 2613 2467 2354 2386 2294 2382 2590 2519 2660 2407 2627 2780 2918 2984 2804 2673 2673 2730 2740 2863 3042 2796 3671 3671 3042 2506 2276 2896 2716 2808 2940 2997 2756 2672 2433 2640 2856 2655 2706 2686 2686 2849 2649 3069 2959 2680 2780 3067 3622 3622 3473 3057 2777 2801 2753 2569 2339 2693 3033 2628 2394 2642 2630 2511 2807
3421 3678 2973 2973 3049 3222 3265 2890 2890 2727 2817 2631 2614 3108 2657 2751 2944 2905 2665 2463 2637 2637 2386 2386 2427 2432 2534 2473 2342 2342 2468 2918 2818 2766 2644 2547 2609 2862 2862 2878 2875 2815 2585 2773 2583 2583 2495 2950 2717 2887 3170 2870 2870 2686 2619 3365 3419 2706 2883 3017 3131 3131 3160 2966 2474 2914 3211 3780 3608 3608 3057 2845 2680 2832 2629 2534 2775 2638 2491 2535 2883 2712 2668 2828
3409 3555 3244 3088 3088 3047 3315 3247 3179 3179 2802 2549 2571 2693 2693 2747 2764 2851 2587 2622 2859 2967 2967 2505 2791 2626 2596 2706 2649 2864 2625 2625 2602 2754 2770 2925 2609 2787 2859 2859 2969 2815 2973 2773 2966 3094 3094 2931 2849 2818 3170 3219 3174 3205 3205 3290 3419 3224 3353 3272 3100 3324 3324 2966 2994 3263 3407 3749 3783 3140 2841 2795 2635 2826 2698 2843 2748 2704 2804 2804 2742 2787 2827 2828
3881 4032 3543 2837 2791 3047 3069 2943 2890 3072 3072 2889 2571 2836 2720 2656 2656 2683 2451 2614 2653 2777 2777 2733 2574 2574 2584 2654 2725 2864 2729 2818 2676 2676 3058 2925 2972 3301 3289 2538 2538 2976 2973 2986 2957 3233 2704 2704 2812 2818 3079 3073 2855 2785 2768 2768 3217 3324 3491 3297 3063 3290 3071 3157 2991 3469 3644 3605 3618 3147 2867 2867 2635 2739 2780 2611 2748 2709 2675 2639 2639 3039 2870 2587
4284 3674 3381 3206 2756 3138 3325 2945 2715 2764 2978 2978 2982 2973 2766 2778 2656 2425 2557 2823 2653 2872 2872 2494 2612 2588 2588 2564 2725 2979 2777 2766 2625 2702 3058 3086 2700 2730 2885 2930 2761 2976 3271 3476 3449 3210 2897 2858 2858 2987 3374 3111 2666 2693 2646 2737 3221 3072 2976 2713 2873 3327 3071 2915 3164 3540 3464 3704 3552 3147 2588 2708 2635 2635 2845 2611 2570 2628 2739 2643 2819 2601 2870 2535
2922 2922 3381 3099 2888 2758 2792 3098 2790 2764 2864 2791 2791 2998 2617 2778 2774 2774 2852 2836 2819 2819 2872 2695 2839 2555 2562 3056 3119 3153 3163 2975 2637 2653 2715 2844 2880 3079 2814 2687 2781 2607 2816 3117 3171 2965 2669 2691 2620 2863 2942 2717 2477 2519 2421 2737 3042 3042 2951 2874 2822 3281 2892 3539 3539 3434 3546 3821 3552 3268 3026 2771 2514 2448 2680 2680 3067 2786 2620 2604 2854 2485 2418 2474
3081 3076 3076 2902 2717 2891 2756 3098 2790 2609 2844 2835 2632 2643 2617 2468 2435 2611 2611 2563 3128 2517 2645 3318 2724 2903 2753 3098 2986 2877 3008 3164 2745 2615 2754 2791 2664 2800 2492 2596 2529 2520 2775 2775 2992 2815 3038 2817 2620 2718 2718 2649 2698 2874 2421 2661 2885 2704 2704 2934 3171 3690 3304 3061 3128 3200 3485 3658 4114 3745 2720 2561 2585 2448 2623 2814 2828 2841 2838 2624 2637 2604 2538 2446
3081 3123 2944 2944 2865 2823 2756 2675 2675 2540 2693 3063 2849 2643 2632 2407 2441 2570 2618 2618 3128 3020 2859 3686 2711 3084 2920 2553 2597 2597 2508 2613 2428 2615 2710 2571 2571 2537 2519 2399 2529 2522 2799 2960 2960 2882 3064 2817 2676 2524 2531 2495 2495 2521 2821 2859 2957 3020 3202 3547 3547 3266 3210 3018 3035 3498 3485 3951 3426 3426 2352 2348 2585 2633 2771 2922 2878 2835 2658 2624 2553 2611 2515 2540
3012 3010 3176 3176 2755 2896 2955 2830 2830 2671 2773 3134 3059 2554 2562 2465 2507 2594 2582 2511 2890 2868 2721 2884 2884 3013 3013 2639 2380 2354 2354 2445 2428 2418 2311 2692 2847 2982 2726 2726 2726 2735 2853 2800 2842 2905 2887 2887 2749 2794 2880 2814 2700 2700 3277 3325 3769 4007 4252 3164 3507 3773 3773 3806 3682 3498 3885 3966 3413 2925 2541 2418 2524 2514 2615 2667 2391 2677 2658 2517 2521 2487 2452 2678
2895 2851 2994 2934 2934 2896 2729 2812 2533 2533 2620 2732 3059 2584 2584 2514 2462 2795 2982 2511 2511 2852 2669 2451 2451 2979 3452 3498 3044 2980 2993 3067 3067 3374 3282 2615 2492 2738 2627 2502 2502 2638 2681 2629 2842 2899 2791 2716 2716 2385 2799 2814 2699 3251 3501 3501 4017 4027 4252 4389 4190 3914 4163 4325 3682 3762 4191 3739 3860 3792 2464 2418 2583 2504 2444 2544 2458 2677 2371 2389 2389 2344 2365 2754
2559 2686 2666 2735 2630 2630 2966 2717 2628 2508 2508 2732 2928 3013 3718 3665 3665 3181 3641 3451 3060 2899 2983 2677 3108 3623 3623 3956 3245 3087 2993 2969 3105 2739 2739 2461 2376 2571 2688 2493 2510 2510 2490 2629 2597 2552 2493 2544 2615 2505 2799 2724 2855 3227 3629 3611 3863 4027 4276 4251 4117 4240 4222 4325 4322 4148 4038 3618 3542 3120 2464 2514 2514 2554 2683 2481 2615 2720 2498 2542 2448 2448 2647 2914
2959 3040 3063 2719 2752 2846 2627 2565 2572 2717 2780 2881 2881 3447 3549 3363 3843 3843 3670 3212 2802 2825 2825 3115 3489 3154 3118 3118 3380 3087 3049 2795 2779 2656 2574 2471 2376 2601 2627 2484 2472 2434 2490 2469 2483 2509 2466 2561 2602 2569 2628 2411 2706 3126 3607 3755 3863 3836 4228 4439 4282 4147 4157 4243 4089 4089 3936 3639 3181 3001 2774 2513 2606 2646 2646 2825 2831 2720 2608 2767 3076 3161 2687 2914
3485 3331 3366 3148 2934 2900 2676 2600 2572 2779 3501 3937 3937 3891 3558 3363 3698 3698 4082 3847 3540 3333 2825 2998 3275 3249 3268 3220 3380 2970 3046 2942 2965 2770 2639 2471 2474 2513 2496 2515 2522 2521 2470 2470 2443 2604 2720 2502 2566 2871 2503 2463 2797 3061 3194 3484 3692 4018 4018 4196 4297 4276 3819 4124 4104 3410 3410 3168 2831 3001 3047 2413 2562 2836 2628 2767 2767 2611 2608 3116 3254 2594 2889 2723
3485 3487 3487 3673 3360 2852 2701 2600 2695 3064 3799 3889 3913 3913 3558 3349 3015 3096 3096 4017 4381 4290 3525 2968 3081 3293 3406 3482 3442 3178 3243 3028 2929 2637 2431 2435 2435 2278 2319 2321 2430 2491 2611 2613 2613 2809 2838 2528 2566 2978 2536 2714 2739 2918 2938 3174 3655 3843 3915 3915 4074 3825 3279 2943 2508 2474 2777 2964 2617 2617 2532 2449 2826 2894 2628 2620 2624 2713 3103 3193 2752 2594 2762 2832
3810 3524 3168 3168 3229 3302 2832 3051 3051 3241 3175 3263 3693 3581 3561 2825 2847 2988 3674 3674 4512 4002 3403 2909 3267 3376 3429 3349 3692 3649 3649 2768 2479 2555 2431 2534 2325 2325 2328 2501 2542 2491 2679 2648 2602 2602 2694 2896 2591 2731 2623 2694 2691 2712 2632 2723 3295 2598 2378 2579 2538 2559 2559 2879 3190 2737 2549 2964 2787 2538 2535 2763 2799 2700 2578 2576 2611 3122 2971 2747 2752 2669 2909 2799
3061 3073 3069 3068 3068 3022 2832 3429 3666 3666 3662 3962 3905 3581 3683 3030 2779 3150 3281 3502 4292 3929 3403 3114 3179 3524 3505 3107 2518 3046 2527 2279 2462 2568 2333 2573 2594 2886 2890 2751 2514 2538 2500 2437 2496 2534 2556 2546 2546 2525 2850 2763 2699 2857 2623 2623 2808 3350 2302 2378 2538 2547 2641 2641 3042 2997 2549 2751 2782 2787 2858 2827 2822 2700 2538 2743 2717 2851 2656 2747 2603 2664 2687 2744
2820 3133 3012 3108 3027 3022 2944 3085 3933 4621 4621 4929 3905 3586 3049 3049 3018 2875 3191 3502 3884 4300 3738 3624 3185 3380 3621 2667 2517 2481 2657 2657 2805 2761 2433 2420 2737 2719 2600 2600 2459 2487 2482 2334 2419 2403 2427 2466 2485 2485 2587 2784 2699 2771 2907 2637 2637 3036 2978 3007 2517 2900 3072 2986 2970 2926 2810 2854 2832 2754 2930 3307 2822 3158 2997 3033 2873 2594 2498 2653 2756 2756 2622 2727
3119 3243 3053 3278 3027 3027 2814 3311 3712 3750 3750 4929 4401 3553 3052 3052 2701 2725 3121 3625 3857 3839 3595 3324 3324 3224 2950 2667 2594 2566 2626 2547 2735 2735 2433 2399 2801 2656 2555 2557 2459 2498 2482 2354 2429 2299 2345 2519 2519 2579 2562 2678 2972 2818 2819 2804 2611 2728 3118 3063 3169 2892 2629 2665 2746 2926 2855 2945 2809 2835 2712 3307 3487 3487 3401 3057 2744 2580 2498 2493 2598 2521 2521 2543
3418 3438 3555 3278 3321 3214 2976 3088 3371 3497 4034 4277 4277 4790 3376 3587 2718 2718 3061 3210 3857 3617 3472 3409 3073 2636 2636 2649 2592 2563 2454 2417 2547 2700 2700 2683 2854 2569 2498 2557 2525 2456 2456 2413 2370 2317 2345 2422 2494 2582 2594 2668 2849 2819 2596 2530 2478 2405 2641 2552 2701 2700 2711 2680 2746 2928 2928 2813 2694 2833 2709 2624 2836 2967 2740 2740 2679 2275 2161 2466 2653 2665 2800 2801
3283 3049 3049 3112 3200 3237 2995 2889 3371 3766 3911 3555 3535 3535 3561 3587 2764 2330 2330 2603 3295 3253 3202 2964 2666 2685 2445 2445 2573 2510 2335 2448 2547 2370 2467 2467 2705 2501 2603 2547 2499 2417 2388 2422 2402 2317 2297 2373 2519 2562 2612 2790 2938 2832 2605 2558 2692 2405 2511 2511 2682 2851 2813 2559 2949 2810 2687 2757 2757 2627 2509 2401 2666 2504 2484 2410 2582 2476 2615 2621 2673 2566 2775 2841
3283 3212 3023 3023 3130 3507 3240 2889 2870 3734 3775 2882 3228 3420 3561 3315 2745 2400 2400 2415 2371 2535 2668 2436 2454 2685 2501 2459 2459 2451 2423 2448 2564 2425 2290 2300 2573 2501 2603 2405 2381 2448 2398 2333 2402 2402 2343 2372 2576 2609 2807 2790 2644 2801 2881 2795 2917 2708 2429 2484 2452 2439 2774 2843 2517 2479 2350 2374 2374 2396 2548 2710 2653 2555 2548 2553 2582 2550 2516 2535 2697 2725 2775 3253
3493 3473 3176 3176 3177 2992 3109 3031 3031 4113 4231 3094 2879 2752 2966 2511 2457 2308 2404 2404 2371 2307 2534 2415 2454 2584 2559 2596 2621 2544 2371 2642 2537 2359 2362 2482 2407 2501 2646 2472 2445 2425 2395 2295 2392 2695 2485 2357 2414 2439 2807 3048 2801 2656 2656 2577 2446 2715 2790 2579 2631 2631 2974 2995 2741 2725 2699 2669 2396 2441 2548 2507 2490 2567 2449 2481 2488 2627 2752 2699 2839 3095 2908 2916
3166 3253 3398 3421 3421 3477 3109 2730 3165 3165 3176 3137 3138 2752 2407 2410 2704 2518 2380 2320 2320 2256 2425 2415 2455 2531 2592 2553 2629 2404 2371 2356 2633 2686 2566 2401 2407 2407 2416 2311 2358 2313 2357 2258 2375 2632 2470 2470 2625 2988 2745 2874 2587 2533 2428 2428 2446 3008 2807 2796 2692 2657 2657 2995 2961 2786 2594 2549 2694 2618 2593 2593 2403 2439 2522 2696 2460 2619 2689 2611 2859 3047 2900 2567
2894 3006 2990 3028 2901 3477 3340 2403 2416 2601 2601 2840 3138 2484 2285 2354 2625 2619 2380 2266 2199 2199 2458 2372 2460 2487 2405 2464 2620 2620 2464 2300 2300 2232 2249 2197 2407 2432 2345 2343 2343 2435 2357 2475 2550 2427 2394 2646 2646 2892 2608 2754 2570 2688 2695 2385 2385 2724 2729 2850 2664 2681 2457 2457 2777 2767 2694 2591 2651 2618 2656 2664 2531 2588 2731 2696 2630 2515 2643 2954 2954 2662 2656 2610
3150 3090 2926 2840 2901 3001 3001 2768 2432 2414 2380 2840 2834 2421 2298 2432 2432 2619 2462 2403 2495 2399 2437 2367 2338 2338 2192 2364 2461 2461 2269 2287 2196 2310 2310 2197 2297 2279 2276 2259 2366 2335 2464 2640 2590 2638 2487 2554 2562 2562 2464 2611 2642 2718 2695 2358 2335 2416 2553 2707 2550 2526 2591 2308 2720 3125 2978 2690 2651 2807 2839 2646 2429 2429 2658 2731 2602 2602 2753 2748 2439 2662 2549 2640
2860 2975 2766 2840 2879 2586 2586 2968 2310 2276 2241 2234 2234 2328 2306 2316 2529 2529 2436 2407 2439 2309 2438 2287 2139 2095 2140 2140 2395 2323 2177 2205 2174 2166 2292 2292 2412 2404 2320 2351 2352 2335 2659 2934 2708 2344 2452 2554 2488 2549 2490 2564 2667 2597 2788 2657 2441 2488 2450 2572 2550 2566 2511 2621 2827 2642 2475 2690 2857 2946 2932 2879 2777 2980 2658 3109 3223 3058 2806 2633 2439 2533 2533 2706
2704 3001 3001 3097 2997 2794 2701 2756 2257 2176 2316 2432 2212 2212 2320 2397 2331 2284 2284 2399 2396 2250 2174 2202 2176 2100 2018 2283 2283 2231 2158 2216 2255 2181 2178 2255 2405 2320 2351 2293 2352 2351 2661 2874 2744 2474 2452 2419 2550 2760 2588 2615 2665 2597 2617 2666 2562 2450 2465 2572 2368 2360 2795 2667 2591 2465 2418 2547 2497 2480 2576 2563 2726 2980 2533 2455 2455 2470 2420 2532 2555 2549 2555 2644
2858 3220 2947 2947 3081 2642 2800 2756 2345 2264 2331 2486 2407 2359 2320 2550 2492 2413 2380 2380 2524 2250 2316 2234 2298 2267 2018 2154 2310 2341 2222 2200 2185 2181 2139 2274 2446 2423 2382 2293 2208 2399 2628 2527 2495 2484 2475 2628 2594 2657 2482 2467 2665 2586 2636 2849 2575 2581 2494 2476 2526 2526 2563 2504 2409 2533 2464 2446 2341 2341 2404 2483 2426 2416 2489 2407 2406 2411 2411 2509 2657 2633 2555 2606
2858 2712 2811 3018 3018 2772 2800 2545 2177 2177 2327 2194 2280 2359 2359 2588 2477 2501 2364 2364 2524 2435 2306 2218 2196 2267 2466 2253 2301 2277 2277 2172 2185 2211 2160 2383 2592 2304 2382 2335 2371 2543 2600 2387 2534 2624 2624 2621 2460 2709 2759 2467 2754 2875 2708 2708 2582 2467 2628 2460 2425 2396 2369 2383 2536 2518 2545 2560 2523 2376 2323 2323 2273 2418 2593 2421 2358 2385 2513 2606 2777 2905 3056 3039
2632 2467 2512 2612 2612 2772 2622 2717 2298 2298 2178 2044 2280 2388 2504 2538 2631 2505 2501 2356 2356 2252 3455 3321 2892 2216 2264 2210 2229 2176 2159 2172 2149 2147 2105 2188 2454 2265 2360 2360 2441 2392 2375 2380 2661 2616 2726 2761 2761 2588 2500 2448 2709 2684 2623 2513 2513 2467 2908 2487 1876 2176 2238 2205 2561 2550 2592 2541 2538 2553 2573 2328 2342 2455 2495 2394 2418 2385 2490 2920 2920 3047 2842 2557
2708 2914 2818 2593 2664 2664 2549 2844 2246 2300 2300 2044 2105 2274 2350 2457 2553 2454 2501 2524 2495 2495 2258 2300 2257 2215 2182 2294 2354 2628 2099 2091 2173 2173 2121 2223 2296 2261 2255 2257 2241 2241 2179 2286 2861 2751 2735 2570 2613 2794 2500 2476 2653 2567 2401 2458 2267 2471 2709 2179 2552 2552 2582 2535 2944 2605 2573 2334 2343 2474 2573 2618 2820 2891 2742 2715 2870 2402 2666 2716 2473 2473 2301 2557
2777 3094 2985 2593 2660 2872 2872 2980 2390 2374 2178 2178 2092 2250 2316 2357 2357 2454 2373 2291 2434 2626 2805 2533 2524 2399 2360 2267 2310 2427 2128 2192 2201 2178 2205 2205 2296 2330 2228 2389 2513 2244 2360 2286 2689 2636 2584 2536 2636 2794 2794 2665 2651 2620 2579 2542 2267 2239 2450 2052 2540 2571 2571 2592 3106 2602 2503 2536 2476 2474 2682 2448 2314 2551 2551 2672 2870 2846 2674 2547 2501 2299 2301 2192
2894 2951 2985 2762 2849 2909 2868 2868 2340 2281 2488 2603 2603 2535 2443 2378 2569 2569 2392 2543 2603 2438 2549 2623 2385 2342 2437 2419 2419 2427 2153 2107 2061 2255 2215 2364 2270 2276 2222 2265 2204 2176 2360 2500 2483 2465 2563 2540 2510 2529 2459 2673 2715 2501 2576 2542 2268 2270 2259 2259 2463 2508 2530 2592 2833 3059 3358 3057 3040 2519 2457 2233 2435 2497 2510 2672 2657 2400 2390 2456 2483 2375 2225 2225
3150 3118 2976 2953 3089 3026 3036 3022 2451 2226 2357 2505 2983 2983 2779 2558 2828 2989 2989 2918 2564 2564 2549 2549 2289 2200 2210 2140 2470 2470 2098 2011 2148 2164 2214 2364 2449 2365 2330 2266 2060 2176 2278 2434 2400 2346 2444 2338 2510 2534 2581 2650 2650 2619 2576 2499 2235 2369 2334 2098 2429 2476 2530 2674 2833 2740 2856 2973 3040 2698 2412 2239 2247 2457 2510 2409 2250 2418 2418 2669 2923 2580 2501 2319
3150 2742 2917 2917 3082 3076 3132 3022 2635 2279 2566 2873 2861 2850 2779 2918 3103 2950 2827 2827 2564 2564 2443 2410 2410 2287 2269 2124 2318 2400 2231 2192 2229 2183 2214 2286 2391 2163 2257 2283 2266 2169 2184 2310 2451 2389 2389 2338 2270 2635 2693 2574 2545 2655 2665 2515 2333 2280 2393 2295 2291 2358 2279 2431 2490 2926 3058 2535 2424 2539 2539 2425 2352 2445 2444 2231 2207 2404 2583 2583 2625 2142 2279 2264
3256 2849 3031 3146 3146 3051 3132 3082 2873 2838 3140 2914 2842 2850 2961 2961 3127 3176 2988 2827 2574 2491 2379 2673 2673 2323 2327 2124 2226 2427 2359 2359 2429 2183 2237 2376 2425 2310 2298 2298 2266 2108 2082 2151 2368 2355 2067 2067 2218 2573 2557 2523 2634 2693 2393 2284 2284 2566 2723 2226 2199 2199 2650 2650 2690 2876 3058 2625 2532 2594 2511 2391 2391 2361 2444 2364 2578 2870 2686 2462 2432 2188 2323 2578
