includes/gis/MODIS_ASCII/mod13q1_ndvi_2011_353.txt
ncols         829
nrows         925
xllcorner     164106.58989296
yllcorner     9637524.0094144
cellsize      264.9945474373
NODATA_value  -9999
[rows 684 to 721 of 925, columns 168 to 251 of 829]
6538 6609 6784 6784 6829 6809 6454 6724 6704 6924 6941 6669 6667 6514 6500 6545 6553 6926 6824 6783 6861 7058 6424 6232 5866 5488 5312 5194 5069 5043 5238 5030 5294 3959 4173 5411 5367 5795 5876 5644 5522 5533 5169 5063 5063 5192 4881 4301 3953 4195 4097 3891 4066 4062 4122 4100 3882 3864 3888 3640 3992 4007 3879 4079 3889 3889 4164 4053 4104 4087 4264 4184 4522 4484 4497 4750 4750 4736 4959 4820 4268 3899 4105 4029
6534 6430 6481 6798 7101 7101 7173 7381 7107 7352 7419 6954 6667 6501 6667 6608 6796 6904 6718 7111 7156 7212 7026 7451 6326 5500 5917 6290 5641 4827 5461 5266 5219 4573 4765 4765 4811 5115 5756 5537 5469 5596 5265 5087 5363 5155 4963 4308 4164 4133 4155 3891 4022 4103 4238 4074 3904 4241 3844 3952 3830 4411 4438 4425 4011 4173 4026 4026 4114 4188 4264 4387 4507 4499 4486 4472 4550 4642 4851 4570 4313 3725 4321 4065
6537 6239 6478 7174 7393 7244 7244 7584 7359 7498 7275 7045 6552 5918 6108 6678 6678 6867 6812 6795 6660 7129 7553 7291 7396 6905 6905 6969 5947 5514 4972 5266 5116 5052 5401 4730 4650 5115 5656 5474 5431 5139 4654 4710 5363 5417 5113 4702 4146 4288 4155 4114 5123 5104 4186 3928 3904 3897 3885 3885 3737 3972 4060 4425 4374 4148 3968 4047 4326 4326 4633 4516 4336 4518 4518 4355 4502 4642 4126 4126 3967 3755 3950 4065
5253 6503 7362 7375 7368 7476 7550 7588 7361 7336 7101 7045 7073 6940 7037 7014 7020 6724 6647 6647 6530 7269 7585 7291 7588 7368 7046 6447 6447 6247 5778 5175 4963 5606 5511 5382 6059 5537 5537 5739 5350 5590 5534 4710 5325 5228 4855 4717 5023 4564 4564 4867 5298 4726 4328 3928 4123 4089 3849 4044 4362 4386 4060 3887 4061 4602 4377 4580 4629 4490 4901 4462 4411 4488 4237 4269 4502 4328 4005 4014 3790 3636 4043 4043
6596 7001 7185 7467 7368 7617 7761 6976 6611 6611 6515 6866 6915 7101 7215 7122 7020 6782 6784 6947 7430 7430 7566 7337 7683 7534 7324 6897 6845 6539 5778 4826 5216 5781 5821 6010 6059 6538 6045 5443 4415 4888 5534 5354 4965 4404 4626 4531 5023 5221 5122 4983 4983 4752 4496 4109 4592 4724 4631 4305 4433 4306 4467 4163 4194 4309 4151 4144 4284 4490 4674 4434 4434 4167 3980 4269 4315 4332 3872 3680 3720 3636 4022 3904
6378 6856 7177 7467 7451 7770 7528 7198 7153 6671 6483 6739 6739 7186 7167 7122 6792 6597 6889 7140 7566 7448 7125 7522 7490 7304 7317 6897 6936 6638 6267 6222 6511 6154 5892 6010 6054 6176 6075 4910 4526 4847 4905 4905 5323 5289 5342 4531 4749 4714 4169 4921 4863 4688 4688 4896 5512 5595 5317 4794 4600 4306 4574 4731 4550 4566 4400 4450 4284 4555 4960 4760 4815 4364 4422 4422 4221 3930 3921 3484 3720 3441 4003 3756
6162 7008 7074 7156 7451 7718 7528 7292 7153 7054 6811 6448 6773 6695 6427 6427 6774 6855 6894 7142 7585 7517 7125 7365 7089 7183 7300 7114 6671 6638 6621 6786 6508 6508 5989 6104 6165 5862 4820 5280 4526 4949 5219 5269 5516 5516 5610 5187 5505 4411 3711 4400 4583 4419 4693 5282 5847 5713 5345 5076 4771 4526 4499 4610 4751 4596 4505 4285 4134 4217 4235 4324 4573 4364 4306 3991 3848 3848 3575 3399 3235 3299 3477 3645
6779 6978 7291 7619 7619 7590 7044 7292 6976 7020 6790 6225 6096 6312 6427 6673 6784 6865 7008 7039 7445 7517 7421 7442 7070 7264 7264 7136 7108 6716 6526 6926 6742 6165 5515 6222 6222 5817 5292 4703 5137 5231 5382 5529 5528 5416 5449 5476 5172 5032 4887 4685 4578 4419 4658 5226 5179 5179 4960 5064 4771 4708 4630 4490 4570 4087 4143 4145 4145 4062 4257 4179 4082 4468 4339 3976 3800 3501 3272 3399 3369 3598 3642 3656
6495 6825 7175 7613 7404 6929 7044 6903 6661 6852 6657 6503 6096 6312 6596 7081 6793 6682 7031 7388 7445 7457 7715 7377 7057 7417 7355 7241 7123 6732 6732 6906 6591 5733 5578 6125 5775 5457 5457 5003 5029 5382 5637 5571 5895 5956 5449 4913 5214 5034 5182 5303 5171 4511 4621 5121 5283 5419 5224 5064 4417 4417 4188 4412 4554 4465 4187 4369 4243 4360 4360 4261 4082 3930 4033 3893 3795 3503 3132 3188 3188 3655 3484 3338
6484 6722 7023 7276 7209 6929 6753 6753 6748 6499 6286 6431 6583 6600 6530 6335 6620 6620 7031 7388 7585 7438 7380 7014 6976 7136 7246 7049 7059 6949 6949 6556 6174 5733 5458 5800 5657 5427 5212 5176 5474 5350 5432 5517 5414 5592 5440 4603 5011 4844 4844 4903 5171 4699 4763 5229 5594 5667 5276 5013 4557 4297 4426 4426 4554 4385 4624 4672 4301 3943 3909 4015 3998 3908 4087 4471 4144 3686 3323 3222 3927 3293 3293 3355
5821 6172 6772 7200 6994 6859 6613 6744 6615 6564 6391 6431 6466 6313 6180 6409 6577 7133 7419 7207 7257 7257 7348 7053 6984 6978 7121 7086 7170 6861 6657 6657 6174 6033 6407 5317 5193 5312 5642 5421 5584 5584 5609 5408 5524 5592 5085 4670 4985 5024 5230 5516 5388 5388 5149 5068 5638 5667 5501 5267 4855 4458 4590 4805 4790 4766 4470 4322 4235 3967 3885 4056 3816 3816 3693 3904 4860 5026 3323 3148 3455 3218 3042 3176
5824 5546 5956 7036 6994 6708 6492 6578 6464 6219 6391 6318 6418 6343 6340 6423 6430 7044 7232 7457 7605 7512 7110 7053 6881 6868 7080 6899 6798 6486 6680 6503 6695 6610 5843 4885 5240 5312 5642 5462 5646 5219 5277 5277 5524 5090 4863 4741 4281 5471 5310 5392 5316 5423 5111 5587 5638 5650 5839 5448 4700 4518 4651 4837 4870 4271 4271 4139 4153 4079 3911 4056 3874 3628 3631 3631 3663 5026 3811 3466 4867 6095 6107 3255
5744 6151 6151 7036 7050 6746 6845 6648 6489 6175 6026 6255 5951 5897 5897 5788 6430 6647 7073 7320 7453 7126 6822 6836 6836 6673 6707 6595 6389 6486 6302 6403 6240 6403 5886 4983 4716 5773 5677 5828 5297 5791 5277 4487 4215 4265 4167 4167 3774 4842 4573 4573 5235 5198 5050 5600 5554 5662 5571 5225 4721 4597 4751 4837 4832 4190 4149 4090 4090 3908 3911 4055 3594 3683 3710 3540 3733 4675 5685 5685 4639 4596 6107 4917
5534 6014 6680 6970 7041 6817 6780 6487 6402 6238 6096 6206 6385 5783 5491 6087 6318 6266 6809 6974 6909 6577 6822 6631 6632 6318 6318 6237 6389 6226 6290 6256 5991 5678 5579 4983 4768 5773 5744 5738 5434 5662 5444 4026 4026 4265 4002 3963 3963 4274 4281 4281 5484 5358 5484 5600 5554 5252 5252 4910 4683 4730 4751 5060 4625 4071 4136 4132 3960 3982 3886 3775 3810 3837 3873 3498 3596 3611 3577 3448 3841 3509 4608 4117
5436 6156 5806 6231 6719 6227 5953 5646 5646 6457 5803 5780 6020 5775 5370 6087 6354 6481 6937 6899 6638 6577 6368 6333 6302 5959 5906 5900 6036 5821 6276 6291 5860 6510 5454 6176 5913 5882 5921 5504 5434 5658 5490 4026 4026 3843 3778 4058 4200 3993 4374 4596 4596 4622 5484 5211 5267 4744 4479 4479 4550 4730 4525 4779 4528 3831 3484 3598 3852 3684 3623 3933 3933 3770 3769 3603 3293 3694 3900 3715 4143 3273 3273 3535
5375 6097 6215 5878 5890 5946 5971 5450 5748 5748 5788 5582 5843 5703 5370 6052 6374 6625 6535 6535 6471 6260 6032 6280 6135 6089 5373 5900 6014 6014 6280 6217 6217 6531 6249 5788 5885 5612 5419 5232 5252 5383 5050 4126 4020 4020 3834 3927 4151 4151 4374 4487 4487 4378 5192 5160 5070 4549 4299 4550 4550 4593 4630 4311 4448 3938 3991 4036 4029 4028 3804 3572 3715 3797 3769 3510 3533 3303 3669 3892 3844 3654 3770 3966
5375 5371 5981 5579 5268 5302 5287 5450 5778 5848 5613 5394 5560 5410 5707 6006 6398 6548 6373 6387 6471 6118 5623 5869 5721 5502 5502 5661 6358 6328 6131 6174 6564 6531 6108 5744 5579 5349 4738 4557 4359 4481 4297 4621 4482 4482 4190 4906 4934 4409 4248 4153 4519 4519 5044 4998 4704 4521 4299 4506 4551 4487 4339 4203 4041 4347 4003 3834 4063 3841 3784 3572 3418 3864 3864 3391 3640 3289 3505 4023 3989 3849 3913 3793
5128 5201 5010 4854 5101 5212 5287 5489 5427 5206 5389 5643 5643 5410 5585 5932 6216 6402 6220 6387 5895 5317 5437 5587 5049 5049 5577 6491 7018 7042 6367 6151 6564 6262 6228 6437 5616 5462 5642 4749 4359 4481 4422 4483 4588 4430 4430 4764 4857 4225 4099 3900 3977 3977 4858 4431 4172 3797 4169 4269 4239 4069 4061 4293 4041 4143 3975 3844 3942 3873 4118 3756 3672 3646 3872 3872 3641 3346 3481 4023 3989 4138 3950 4069
5045 4870 5081 5410 5479 5438 5303 5435 5683 4960 4877 5230 5407 5407 5372 5746 5830 5585 5289 5839 5738 5674 5708 6072 5744 5441 5914 6731 7013 7165 6208 6232 6251 6331 6095 5200 5200 5330 5575 4149 4095 4200 4278 4430 4268 4393 4018 4960 4835 4570 3819 3523 3834 3776 4086 4159 4192 3797 4266 4197 4082 4022 3961 4064 4170 4168 4278 4278 4215 4095 4118 4294 4111 3801 3487 3465 3712 3346 3481 3540 3634 3927 5336 4425
5071 4793 5148 5271 5318 5438 5618 5656 5514 5002 5090 5230 5139 5385 5895 6084 5563 5625 5289 5592 5224 5186 5473 5575 5851 5990 6165 6193 6438 6242 5975 6232 6237 6490 5941 5135 5590 5665 5665 4460 4252 4662 4584 4360 4360 4457 4264 4743 4743 4590 3476 3351 3528 3359 3708 3954 4192 4150 3947 3827 3960 4022 4088 4064 4093 4230 4482 4491 4481 4095 4288 4462 4334 4112 3822 3589 3712 3853 3853 3490 3405 3405 4688 3512
4650 4884 4844 4828 5318 5362 5297 5297 5216 5101 4699 4989 5368 5661 5947 5725 5540 5625 5626 5247 4967 5046 5469 6488 5851 6403 6911 6515 5859 5859 5975 6037 5847 5930 5873 5149 5484 5790 5733 5918 5680 5570 5469 5457 6031 6149 5639 4805 4503 4099 4389 3487 3439 3456 3763 3846 4074 3864 3872 4023 4023 4219 4088 4278 4370 4366 4396 4837 4870 4443 4529 4529 4453 4129 4288 4080 3650 3537 3856 3547 3993 4446 3658 2977
4983 4973 4669 4828 4758 5012 4783 4880 4653 4460 4699 5281 5574 5945 6085 5350 5297 5620 5228 4979 4979 5503 5926 6488 7004 7130 6935 5240 5010 5210 5252 5475 5864 5346 5118 6121 5484 5677 5633 5847 5884 5782 5592 6029 6273 6288 5064 4500 4235 4099 3731 3695 3487 3564 3534 3846 3813 3684 3785 4045 4378 4439 4161 4352 4563 4649 4847 4854 4870 4610 4940 5078 5047 4693 4665 4492 4221 3620 3858 3721 4642 4370 3099 3053
4470 4142 4401 4486 4356 4433 4730 4579 4176 4358 4638 5192 6056 6571 5911 5581 5297 5041 5009 5112 6237 6596 5926 6835 7192 7328 7037 5860 6101 5210 6257 5692 5208 5208 5981 5686 5955 5710 5842 6148 5928 5782 5357 5576 6089 5541 4440 4023 4235 3880 3327 3496 3459 3459 3534 3504 3630 3765 3881 4345 4628 4439 4427 4675 4675 4895 5150 4888 5163 5512 5980 5732 5322 5105 4665 4556 4556 3759 3519 3453 4185 4370 3261 4047
3612 3567 4401 4419 4008 4288 4155 3824 3909 4358 4562 5378 6374 6374 5612 5581 5306 4936 4785 4887 6568 6526 6715 6916 6916 6942 6794 6638 6101 6593 6211 5699 5546 5966 6094 5848 5727 5555 5919 5994 6079 5758 5592 5435 5665 5451 4726 4023 3889 3629 3354 3554 3491 3581 3346 3450 3659 4006 4110 4424 4628 4832 5066 5644 5369 5175 5406 5228 5713 6026 6261 6559 6560 5105 5068 4583 4056 3708 3531 3647 4185 4220 3835 3944
3650 3425 3490 3188 4170 4157 3831 3831 3909 4422 4943 5785 6007 5242 5485 5572 4906 4430 4354 4725 5155 6526 6844 6291 5926 6101 5723 5048 6203 5900 5663 5253 5801 6013 6094 6019 5998 5998 6339 6518 6515 6145 5548 5605 5171 4704 4704 4156 3950 3667 3540 3694 3678 3581 3549 3789 3789 4195 4309 4144 4614 4687 4920 5512 5816 5817 5406 5775 5775 6424 6637 6540 6560 5944 5459 4599 3861 3593 3866 3668 4302 3823 3602 3495
3489 3425 3490 3659 4348 3618 4087 4587 4587 4943 5420 6152 5704 4551 5485 4475 4375 4375 3908 4710 5155 4931 4913 5188 5779 5468 5140 5048 5259 5425 5322 5474 5914 5968 5659 5973 6287 6686 6694 6694 6515 6235 5753 5783 5223 4462 4420 4420 4047 3889 3727 3734 3678 3627 3478 3575 3814 4563 4479 4319 4495 4528 4791 5086 5182 5817 5753 6055 6876 6618 5844 5844 6260 5904 5320 5137 4111 3570 3866 4294 4278 3921 3365 3669
3489 3379 3514 3439 3497 3525 3943 4792 4927 5164 5708 6018 5221 4551 4410 4457 4045 4972 4541 4140 4294 4109 4848 5365 5009 5357 5140 5172 5783 5373 5676 5676 6205 5968 5964 6559 6119 5860 5426 5426 4898 5743 5742 5526 5128 4462 4284 4184 4145 4145 4001 4001 4265 4095 3725 3645 3801 4157 4479 4227 4374 4374 4740 4967 5119 5509 6290 6734 6537 6284 6276 5758 5758 5658 5161 5066 4505 4234 3888 4371 4413 4296 4296 3422
3439 3439 3633 3544 3632 3556 3943 4428 4298 4297 5164 5616 5253 4266 3832 3753 3888 4356 4229 4140 3768 4561 4561 4669 4857 4876 5420 5353 5233 5344 5481 5462 6205 6050 5783 5972 6128 5919 5400 5400 5430 6125 5946 5910 5529 4577 4381 4464 4109 3798 3810 3898 4100 4102 3844 3832 3800 3880 4465 4288 4383 4582 4833 4833 5119 5337 5889 6587 5942 6067 6086 5815 5630 5394 5394 5059 4646 4234 4336 4473 4068 3983 3844 3815
3790 3744 3137 3087 3078 3556 3670 3612 3858 3887 3560 3678 3749 3392 3423 3912 4282 3987 3610 3660 3831 4856 4575 4484 4484 4876 5116 4949 5372 5845 5363 5462 5780 5569 5569 5688 6009 5915 5604 5677 5677 6147 6051 5885 5766 5488 5308 4988 4383 3996 4068 4068 4580 3847 3847 3797 3730 3880 4606 4309 4452 4473 4821 5246 5254 5673 5927 6033 5903 5323 6086 5629 5338 5150 4827 4366 4374 4374 4033 4344 4300 3981 3673 3426
3142 3148 2640 2679 3078 3359 3066 2989 3461 3727 3472 3678 3598 3607 3715 3715 4068 3522 3610 3457 4234 4267 4384 4786 4652 4707 4859 5079 5576 5505 5662 5471 5340 5543 5643 5825 5825 5969 6553 5781 5458 6155 6356 6262 6027 5448 4570 4570 4362 4496 4068 4170 4084 3704 3567 3541 3730 4248 4662 4260 3986 4663 5131 5246 5629 6137 5394 5394 5092 5323 5373 5173 4862 4789 4686 4406 4508 4201 4108 4003 4003 3981 3673 3426
2925 2388 2706 2904 2454 2854 3292 3384 3384 3056 3472 3460 3450 3638 3648 3626 3953 3522 3742 4333 4461 4385 4549 4592 4652 4287 5080 5080 5507 5539 5662 6121 5735 5448 5814 6046 6114 6633 6204 5399 5565 6430 6424 6262 6050 5125 4832 4368 4097 4496 4653 4327 3733 3893 4079 3625 4221 4221 4104 4271 4610 4686 5131 5328 5608 5501 4626 4768 5023 5030 5030 5234 4974 4765 4811 4406 4275 3868 4371 3887 3484 3703 4172 3768
2937 2789 3386 2904 2565 2828 3411 3287 3329 3161 3165 3263 3427 3265 3176 3755 4036 4168 4168 4151 4263 4218 4368 4592 4407 4494 4725 5354 5560 5560 5550 6118 6244 6001 5821 5986 6114 6266 6803 6066 6107 6107 6659 6146 6284 5183 5069 4604 4097 4181 4526 4506 3938 4311 4175 3625 3733 4344 4475 4822 4822 4686 4470 4888 5180 4914 4616 5045 5023 4935 5137 4610 4610 4739 4811 4903 4643 4560 4890 4032 4012 3703 3596 3596
2468 2468 3386 2790 2770 3003 3138 3373 3373 3161 3039 3039 3201 3846 3463 3676 4036 4365 4338 4038 4038 4247 4368 4829 4960 4891 4833 5034 5072 5403 6189 6303 6303 6018 5645 5986 5922 5963 6882 6458 6269 6436 6659 6493 6217 5129 5024 4604 4484 4503 4412 4516 4405 4590 4175 3967 3848 4207 4783 4539 4032 4589 4184 4505 4880 4908 5069 5045 5042 4745 4627 4422 4548 4653 5000 5594 4489 4617 4394 3872 4012 4098 3584 3173
2950 2738 2826 2908 2940 3030 3477 3520 3373 3350 3542 3632 4150 4150 3999 3676 3935 4236 4128 4246 4579 4370 4092 4092 4619 4666 4744 5111 5072 5323 6071 6228 5949 5918 5918 5962 5949 5887 6341 6695 6759 6436 6260 6159 6159 5381 5090 4477 4217 5055 5179 5145 5181 5181 4679 4561 4223 4013 4617 4582 4032 4517 4517 4511 4781 4781 4840 5053 4839 4320 4178 4194 4263 4653 4473 4468 4468 5089 4020 4126 4215 4010 3706 3540
2787 2738 3219 3338 2940 2940 3203 3520 3254 3840 4665 4772 4639 4416 3999 3867 4126 4178 4146 3904 4644 4348 5307 4822 4734 4734 5025 5155 5359 5530 5716 5799 5778 6109 5826 5826 5746 5659 6258 6716 6759 6563 6633 6246 5731 5470 5090 5177 4686 4996 5151 5460 5695 5309 4950 4950 4663 4380 4440 4606 4319 4576 4511 4794 4789 4640 4840 4895 4787 4629 4130 4137 4263 4261 4345 4603 4835 4417 4208 4126 4301 3779 4532 4717
2787 3207 3219 3338 3931 3611 3317 3646 3531 4131 4665 4899 4477 4477 4962 4764 4305 4305 4160 4298 5009 5009 4977 5766 5354 5241 5476 5155 5161 5519 5877 5928 6082 6109 5987 5769 5958 5958 5579 6529 6870 6705 6484 6499 6425 6040 5905 5842 5842 5941 5994 5940 5820 5964 4949 4578 4538 4651 4651 4606 4976 4743 4364 4295 4784 4640 4607 4621 4621 5336 4395 4346 4312 4190 4377 4843 5122 4807 4568 4479 4732 4732 4840 5005
2898 2929 3094 3874 4049 3662 3420 3678 3568 4141 4141 4350 5000 4543 4624 4764 4672 4921 4637 5017 5223 5173 5173 5811 5353 5437 5476 5359 5359 5507 5558 5828 5310 5992 5794 5580 5522 5598 5769 6529 6712 6795 6661 6777 6359 6130 6001 6180 5967 5912 5912 5940 5916 5256 5574 5140 4491 4227 4955 4955 4675 4268 4053 4561 5774 5193 5350 4865 4413 4185 4379 4346 4572 4511 4573 4871 4832 4861 4946 5217 5001 5056 5342 5342
2990 3602 4101 4101 3740 3678 4037 4459 4700 4331 4816 4816 4808 4499 4624 4629 4913 4842 4842 5003 5244 5316 5173 5431 5036 4851 5693 5489 5865 5886 5886 5440 5310 5151 5267 5401 5665 5488 5520 6302 6719 6914 6914 6671 6217 6130 6179 6181 5775 4903 5061 6255 5830 5102 4763 4872 4360 4126 4459 4280 4103 4103 4030 4953 5774 5638 4575 4086 4153 4291 5084 5004 5008 5008 5088 5043 5312 4861 4886 4762 4840 4899 5271 5456
