includes/gis/MODIS_ASCII/mod13q1_ndvi_2010_273.txt
ncols         829
nrows         925
xllcorner     164106.58989296
yllcorner     9637524.0094144
cellsize      264.9945474373
NODATA_value  -9999
[rows 418 to 455 of 925, columns 0 to 83 of 829]
-9999 -9999 -9999 -9999 -9999 -9999 2453 2307 2126 2477 2477 2220 2495 2405 2551 2904 2314 2213 1883 1823 1491 1540 1613 1749 1742 1563 1441 1392 1522 1457 1493 1633 2180 2408 2200 1958 1793 1509 1349 1228 1110 1158 1254 1299 1361 1816 2095 3763 5273 6328 7538 7831 7985 7862 7745 7544 7477 7523 6919 5880 4547 3124 2215 2220 2433 2357 2156 1958 1978 2245 2414 2635 2556 2556 2457 2373 2463 2488 2017 1354 1290 1381 1618 1837
-9999 -9999 -9999 -9999 -9999 -9999 2748 2550 2126 2301 2326 2381 2699 2717 2541 2904 2769 2505 2346 2187 1415 1540 1684 1676 1694 1583 1296 1140 1195 1600 2151 2151 2378 2641 2178 1975 1793 1328 1287 1214 1118 1118 1168 1165 1216 1475 1922 5419 5273 6480 7474 7709 7787 7915 7692 7726 7586 7500 7380 7380 6906 2520 2520 2404 2418 2199 2081 1958 1963 2008 2490 2563 2496 2496 2369 2349 2340 2481 1970 1395 1290 1816 2214 2214
-9999 -9999 -9999 -9999 -9999 -9999 2854 2726 2349 2317 2334 2322 2824 2824 2541 2678 2612 2416 2501 2123 1661 1378 1515 1499 1510 1577 1224 1050 1195 1566 1597 1590 1590 1830 1980 1933 1631 1358 1347 1265 1127 1087 1021 1073 1165 1426 3123 6336 6960 7280 7509 7433 7477 7802 7625 7450 7450 7286 7483 7212 5908 5444 2670 2323 2212 2083 1972 1957 1975 2038 2464 2474 2389 2452 2406 2496 2415 2510 1647 1926 1926 1980 1898 1687
-9999 -9999 -9999 -9999 -9999 -9999 2430 2726 2513 2493 2753 2526 2324 3257 2594 2601 2759 2712 2394 2082 1693 1429 1533 1533 1334 1216 1027 963 1097 1222 1374 1458 1481 1830 1723 1723 1623 1341 1295 1225 1159 1078 1096 1108 1213 1649 4336 6336 7110 7110 6705 7380 7473 7741 7517 7270 7120 7120 7262 7212 5908 4239 3107 2368 2061 1677 1902 1907 1977 2135 2326 2223 2202 2287 2422 2555 2646 2646 2175 1885 2141 2141 1809 1886
-9999 -9999 -9999 -9999 -9999 -9999 2430 2397 2538 2392 2316 2293 2162 3257 2941 3162 3162 3183 2565 2084 1693 1290 1396 1307 1201 935 919 880 1080 1245 1442 1547 1487 1550 1575 1407 1414 1341 1242 1189 1159 1107 1107 1068 1177 1381 6006 6998 6969 6963 7359 7423 7473 7536 7455 7203 7214 7240 6277 6958 5960 4534 2238 2238 1970 1956 1879 2106 2469 2469 2388 2223 2194 2257 2380 2490 2571 2571 2175 1885 2008 2008 2118 1988
-9999 -9999 -9999 -9999 -9999 -9999 2542 2542 2293 2226 2159 2345 2470 3086 3234 3503 3126 2162 1881 1979 1644 1252 1191 1205 1110 935 864 864 1000 1274 1337 1399 1487 1565 1763 1543 1452 1352 1349 1189 1109 1049 1039 1039 1294 1748 5060 6858 7087 7336 7549 7423 7223 7206 7501 7401 7378 6989 6277 5080 3917 4242 2119 2150 2083 2083 2042 2220 2420 2476 2410 2342 2342 2235 2365 2527 2582 2468 2269 1889 2052 2089 2089 2040
-9999 -9999 -9999 -9999 -9999 -9999 2415 2555 2573 2127 2127 2332 2668 2872 3035 2782 2304 1962 1881 1515 1401 1216 1056 1116 1034 916 852 986 1207 1207 1449 1391 1652 1755 1785 1527 1463 1201 1349 1194 1067 1354 1354 1746 2169 1748 5291 6787 6941 7305 7576 6734 6734 6908 6959 7147 6673 6476 5915 4386 4074 4025 2290 2363 2091 2212 2272 2246 2100 2476 2282 2264 2346 2346 2304 2391 2324 2468 2212 1953 1881 1943 1949 1949
-9999 -9999 -9999 -9999 -9999 -9999 2731 2601 2569 2381 2722 2489 2162 2066 2407 2100 1941 1962 1786 1576 1290 1290 1080 1129 1034 877 803 909 1195 1285 1449 1421 1544 1542 1585 1518 1357 1036 1060 1121 1084 1521 1804 3371 4267 4821 6872 6982 6942 7031 6960 7255 6651 5769 6829 6829 6673 5881 6068 6068 4291 3617 2645 2363 2357 2275 2120 2210 2232 2268 2241 2367 2404 2332 2332 2335 2324 2210 2113 2252 2415 1826 1675 1949
-9999 -9999 -9999 -9999 -9999 -9999 3007 2346 2360 2404 2722 2313 2121 1974 1945 2013 1927 1696 1552 1580 1227 1171 1115 1129 1095 826 867 949 1171 1084 1264 1260 1447 1447 1629 1494 1213 1036 1125 1121 1388 1521 2064 3637 5835 6607 6615 6607 6465 6723 6960 6250 5973 5758 6398 6364 6364 5568 5862 4726 3467 3467 3113 2335 2388 2268 2072 2191 2232 2185 2327 2388 2382 2326 2351 2335 2298 2144 2179 2566 2724 1939 1675 1608
-9999 -9999 -9999 -9999 -9999 -9999 2711 2571 2384 2662 2982 2244 2191 1895 1797 2013 1927 1600 1582 1341 1197 1127 1228 1120 911 843 858 989 1161 1131 1276 1390 1442 1594 1483 1483 1213 1216 1689 3474 5594 5423 4833 4327 6307 6535 6576 6293 6341 6723 6867 5427 5196 5196 5654 6362 5521 5344 5344 5611 3944 2713 2551 2300 2168 2273 2076 2147 1733 2340 2439 2388 2472 2326 2351 2335 2335 2130 2207 2665 2724 1939 1690 1510
-9999 -9999 -9999 -9999 -9999 -9999 2504 2422 2284 2317 2559 2492 1910 1560 1596 1654 1721 1639 1429 1196 1109 966 1179 921 862 862 937 1003 1070 1131 1322 1353 1476 1857 2183 1790 1664 1653 1653 3412 5214 5563 5566 5670 5750 6321 6400 5380 4603 6041 5631 3775 3190 3989 3064 5309 4812 3994 3611 3611 3333 2713 2309 2095 2116 2225 2194 1648 1692 2302 2397 2569 2472 2476 2508 2513 2513 2097 1725 2743 1741 1741 1517 1579
-9999 -9999 -9999 -9999 -9999 -9999 1999 2020 2284 1920 1770 1759 1592 1518 1702 1578 1497 1399 1399 1218 1001 966 1142 971 977 1064 1064 1296 1202 1202 1290 1960 1953 2335 2183 2181 1677 1360 1584 2515 4399 5091 5270 5530 5195 3719 5568 4875 4603 3145 3072 3073 2854 2505 3064 2675 3193 3467 3401 2993 2935 2751 2596 2441 2578 2951 3052 1648 1613 2384 2267 2687 2943 2499 2820 2554 1835 2051 1725 2863 1719 1574 1574 1620
-9999 -9999 -9999 -9999 -9999 -9999 1813 2020 1910 1910 1530 1674 1614 1573 1559 1556 1432 1338 1275 1141 1031 940 1058 1115 1087 1204 1173 1272 1247 1248 1237 1714 1667 1965 2545 2400 1647 1544 1885 4178 4399 5595 5121 5980 4994 2500 2238 3141 3141 2817 2718 2758 2386 1826 2362 1629 1717 1717 1699 1581 2935 2746 2631 3124 2749 2250 2084 1822 1847 1876 1675 1540 1522 1522 2005 2020 1648 2051 2051 2523 1735 1603 1603 1589
-9999 -9999 -9999 -9999 -9999 -9999 1548 1651 1466 1438 1441 1441 1363 1531 1559 1537 1418 1280 1254 1377 1085 1268 1268 1528 1614 1410 1192 1354 1283 1301 1221 1250 1250 1965 1873 1861 1602 1942 2206 4178 5398 5398 5237 5434 4009 2464 2031 2505 2586 2602 2602 2514 1782 1656 1656 1535 1601 1610 1614 1614 1448 1545 1535 1538 1613 1869 1832 1674 1635 1505 1419 1504 1341 1751 1751 2020 1648 1918 2112 2112 1685 1585 1599 1589
-9999 -9999 -9999 -9999 -9999 -9999 1548 1370 1167 1185 1210 1147 1230 1370 1370 1373 1485 1744 1521 1377 1718 2441 3540 3621 3218 1164 1164 1556 1344 1247 1282 1509 1257 1257 1451 2046 1953 2211 2460 3025 4904 5025 3364 2862 2272 2103 1756 1559 1645 2028 1985 1763 1600 1545 1645 1533 1583 1653 1555 1596 1509 1371 1371 1353 1544 1523 1989 2002 1860 1831 1510 1467 1485 1728 1751 1988 1920 1837 1798 1802 1773 1585 1599 1564
-9999 -9999 -9999 -9999 -9999 -9999 -9999 906 862 951 1064 1185 1403 2716 3124 2091 1752 1719 1521 2085 4046 5276 5074 5010 3218 3086 3086 2410 1440 1241 1242 1509 1655 2389 2377 2377 2290 2689 2617 2194 2624 2522 2309 2274 1768 1699 1528 1539 1667 1620 1572 1682 1707 1634 1456 1523 1656 1653 1594 1540 1478 1562 1389 1389 1544 1701 1900 1900 1837 1831 1510 1542 1568 1728 2053 2053 1995 1995 1640 1537 1773 1599 1571 1660
-9999 -9999 -9999 -9999 -9999 -9999 -9999 962 923 962 1067 1185 1712 1861 1442 1836 2142 2142 1651 2632 4723 4947 4819 4973 4867 5325 4138 4138 1881 1473 1291 1726 2193 2362 2408 2588 2809 2809 2617 2407 2411 2375 2248 2059 1768 1642 1612 1532 2088 1695 1986 2377 1681 1753 1640 1438 1619 1719 1485 1485 1514 1476 1280 1268 1482 1531 1807 1999 1762 1762 1622 1469 1568 1791 1914 1795 1795 1707 1551 1528 1653 1623 1652 1666
-9999 -9999 -9999 -9999 -9999 -9999 -9999 1104 1119 1119 1067 1161 1478 1270 1310 2121 2556 3143 3143 4088 3785 3329 4196 4973 4683 4830 5162 4520 4520 1985 1323 1381 2186 2593 2673 2612 2559 2538 2538 2422 1151 1381 1456 1552 1550 1590 1619 1911 2373 2005 2396 2619 2345 1701 1615 1540 1733 1752 1505 1456 1482 1337 1290 1268 1535 1526 1519 1875 1806 1525 1525 1375 1448 1800 1963 1885 1885 1642 1491 1528 1448 1596 1757 1799
-9999 -9999 -9999 -9999 -9999 -9999 -9999 1109 1186 1315 1230 1283 1109 1116 1155 3757 2556 3690 3451 2136 2136 2810 3827 4621 4662 4835 5455 5787 4796 2246 1323 1544 2632 2925 2740 2535 2328 2004 2004 1864 1419 1621 1676 1514 1513 1619 1619 1911 2373 2343 2514 2814 2754 1963 2026 1540 1589 1701 1620 1520 1423 1391 1396 1345 1354 1592 1719 1719 1683 1754 1536 1482 1576 1823 1823 1770 1590 1635 1641 1617 1617 1679 1762 1733
-9999 -9999 -9999 -9999 -9999 -9999 -9999 867 1022 1315 1286 1229 1229 1250 1330 2424 4006 3295 1794 1815 2583 3403 3403 4621 3471 5042 5687 6298 6323 4827 2683 2522 3005 2748 2737 2685 2295 1884 1829 1424 1489 1534 1603 1751 1616 1690 1690 2200 2278 2388 2476 2799 2793 2260 2415 2006 1521 1557 1564 1644 1519 1391 1396 1503 1367 1674 1720 1577 1683 1778 1647 1614 1584 1642 1767 1733 1580 1580 1549 1644 1644 1824 1824 1796
-9999 -9999 -9999 -9999 -9999 -9999 -9999 873 913 1111 1042 1067 1108 1397 1397 2496 3799 2915 1461 1613 2137 2778 4451 4451 1755 3282 5804 6735 6474 4244 3348 3850 3363 3073 2544 2317 1925 1587 1419 1364 1489 1534 1603 1603 1866 1994 1994 2313 2313 2437 2519 2949 2913 2588 2415 2081 2148 1748 1674 1674 1519 1527 1541 1518 1664 1370 1612 1700 1556 1513 1484 1484 1713 1642 1671 1603 1635 1635 1583 1644 1644 1792 1792 1741
-9999 -9999 -9999 -9999 -9999 -9999 -9999 797 884 671 698 1013 1143 1357 2637 2496 4509 3272 1551 1554 1664 2086 2103 1750 2066 4610 4610 6735 6915 6214 5219 3797 2499 3120 2872 2395 1935 1579 1332 1566 1489 1547 1736 1736 2262 2770 2770 3043 2313 2547 2735 3038 2982 2588 2443 2010 2148 1748 2335 2335 2168 1824 1826 1686 1686 1634 1518 1505 1561 1491 1359 1696 1814 1745 1611 1675 1666 1666 1583 1616 1600 1875 1875 1703
-9999 -9999 -9999 -9999 -9999 -9999 -9999 936 852 552 152 1164 1346 1562 2341 4209 1835 1835 1326 1213 1664 1786 1610 1296 1569 2527 5997 6243 6309 6508 6275 4629 3186 2479 2479 2126 1888 1590 1355 1566 1590 1503 1781 2370 2370 3085 2770 3043 3043 2871 2871 3103 2982 2602 2204 2259 2404 2178 2095 2176 2723 2663 2327 2069 1758 1634 1504 1424 1336 1417 1290 1449 1753 1672 1647 1622 1692 1706 1793 1672 1545 1619 1931 1703
-9999 -9999 -9999 -9999 -9999 -9999 -9999 621 754 155 -117 -117 894 835 1690 3314 1484 1117 1230 1142 1254 1146 1059 1047 937 1691 5997 6568 6404 6404 6377 5164 3186 2343 2404 2404 2081 1317 1324 1359 1498 1577 2099 2652 2370 3085 3085 3408 3408 2865 3150 2961 2961 2625 2899 2950 2492 2819 2759 2292 2752 3066 2850 2242 1798 1674 1520 1525 1597 1498 1340 1324 1753 1701 1663 1663 1736 1682 1797 1797 1681 1738 1793 1676
-9999 -9999 -9999 -9999 -9999 -9999 -9999 478 822 700 61 901 901 956 1159 1145 1622 1033 1027 1097 1097 972 1023 1088 941 1691 3923 6328 6164 6124 4854 5164 3724 2077 2117 1563 1320 1320 1324 1376 1527 1863 2099 2652 2652 3234 3556 3456 3554 3813 3813 3631 3014 3256 3256 3010 2985 2708 2819 2436 3045 2942 3273 2419 1798 1649 1495 1602 1602 1378 1248 1353 1652 1751 1663 1759 1770 1682 1743 1878 1772 1772 1834 1676
-9999 -9999 -9999 -9999 -9999 -9999 -9999 503 831 728 87 491 601 837 837 1305 1428 792 1027 1015 1007 1014 1014 979 941 1600 3650 5625 5029 5963 5963 4564 2961 2249 1972 1332 1225 1369 1369 1334 1754 2079 2095 2541 2963 3492 3538 3538 3554 3552 3833 3833 2993 3199 3027 3067 3067 2919 2592 2446 2708 2902 2315 2498 1864 1766 1522 1460 1479 1321 1141 1420 1690 1690 1686 1687 1810 1840 1840 1902 1941 1995 1849 1733
-9999 -9999 -9999 -9999 -9999 -9999 -9999 632 779 763 87 541 916 692 900 750 1378 792 895 874 869 921 878 937 938 1501 2516 4835 6093 5578 4865 4865 3294 2001 1502 1282 1520 1683 1533 1974 2067 2345 2128 2443 2985 3085 3385 3603 3603 4092 3567 3571 3187 3333 3199 3116 3097 3147 2259 2545 2857 3030 2864 2370 1822 1771 1546 1498 1393 1321 1162 1448 1662 1665 1672 1687 1722 1698 1863 1863 1895 2050 1829 1829
-9999 -9999 -9999 -9999 -9999 -9999 -9999 718 849 763 -77 504 907 799 736 750 500 588 890 843 936 973 888 915 959 1284 1623 3540 5028 5578 3416 2306 1630 1470 1427 1305 1242 1535 1998 2116 2609 2572 2517 2680 2854 3004 3385 4113 5070 5070 3634 3340 3228 3355 3469 3116 3238 3130 2247 2807 2908 3030 3087 2342 1870 1677 1552 1483 1393 1270 1159 1421 1674 1691 2005 2005 1754 1717 1688 1973 1895 2050 2001 1733
-9999 -9999 -9999 -9999 -9999 -9999 -9999 705 854 766 175 367 640 855 673 767 635 901 901 972 1008 1008 954 915 619 867 2231 3658 3658 3529 2844 2302 1651 1492 1427 1351 1368 1843 2250 2318 2718 2958 2861 3307 2854 3004 3484 5134 5571 5317 4475 3340 2679 3118 3192 3308 3120 3128 2821 2821 2908 3030 2855 2240 1887 1846 1432 1483 1244 1244 1254 1310 1672 1714 1736 1834 1776 1717 1690 1973 1973 2052 2121 1922
-9999 -9999 -9999 -9999 -9999 -9999 -9999 681 880 944 504 343 567 666 889 767 636 785 943 926 958 1117 1065 977 929 982 2186 2958 3764 3764 3030 1958 1639 1513 1473 1473 1542 1986 2367 2369 2447 2782 2523 3307 3664 4872 4872 5422 5220 4977 4475 3088 2289 2812 3192 3380 3155 3137 3042 3180 3118 3315 2952 2852 2619 1891 1745 1352 1373 1088 1244 1244 1588 1714 1783 1894 1894 1814 1690 1787 2063 2063 2070 1823
-9999 -9999 -9999 -9999 -9999 -9999 -9999 779 942 371 409 409 662 141 567 383 383 742 966 958 1117 1117 1025 1039 1129 1284 2049 2771 3262 3017 1988 1988 1929 1717 1637 1524 1663 1663 1898 2295 2486 2762 2523 4012 4786 5254 5254 5254 4555 3455 4119 2690 2690 2812 2959 2772 3041 3215 2905 3243 3145 2942 2874 2895 3110 2579 1670 1319 1404 1304 1186 1506 1708 1858 1948 1903 1759 1814 1761 1787 2041 1990 1990 1884
-9999 -9999 -9999 -9999 -9999 -9999 -9999 779 949 949 9 451 570 -408 -408 224 876 876 841 841 1086 1086 1039 1135 1135 1332 1516 2771 2992 2753 2111 1870 1727 1717 1960 2056 1970 2154 2154 2295 2909 2887 2479 3169 4285 5087 4744 4744 3759 3455 2679 2481 3094 3207 2960 2839 2839 2794 2488 3202 3591 3183 2957 2957 2916 2590 1670 1327 1256 1281 1241 1503 1841 1858 1825 1770 1759 1759 1761 1837 1935 2033 1942 1884
-9999 -9999 -9999 -9999 -9999 -9999 -9999 835 886 217 158 460 570 -407 -407 -278 876 876 652 715 883 883 1042 1024 1135 1251 1919 2169 2622 2458 2038 1877 1890 1868 1871 2537 2515 2442 2920 2920 2962 3053 2733 2680 3911 5086 5075 3387 3432 2749 2540 2385 2894 3033 2433 2245 2107 2351 2488 3310 3489 2781 2291 2431 2431 2590 1762 1386 1343 1320 1241 1669 1841 1771 1830 1845 1895 2048 1915 1879 1956 1971 1942 1832
-9999 -9999 -9999 -9999 -9999 -9999 -9999 835 830 -58 -1120 -270 -270 -151 -407 -278 652 652 -389 -389 271 826 1042 1024 875 970 1400 1900 2789 2131 1723 1605 1750 1868 1946 2652 2568 2497 2745 2745 3075 2809 3071 3049 3187 2966 3621 3173 2678 2527 2372 2443 2759 2759 2711 3009 3154 2837 2482 2866 3027 2967 2191 2169 2067 1617 1374 1388 1388 1390 1261 1530 1705 1786 1759 1736 2123 2245 2118 2118 2219 1971 1870 1752
-9999 -9999 -9999 -9999 -9999 -9999 -9999 435 435 -889 -1759 -767 -270 -151 -300 -300 181 181 -503 -503 271 826 826 1051 875 946 1364 2819 2808 2569 1717 1817 1750 1806 2249 2232 2244 2307 2578 2666 2654 2654 2917 2794 2686 2545 2966 2712 2515 2423 2423 2268 2579 2701 2621 2860 3060 2832 2738 2587 2730 2583 2144 1727 1560 1451 1407 1335 1310 1390 1309 1586 1634 1636 1736 1824 2187 2245 2227 2211 2014 2014 1934 1859
-9999 -9999 -9999 -9999 -9999 -9999 -9999 440 440 -935 -1759 -767 -767 -59 429 429 366 72 72 -503 -588 -56 -56 988 997 959 1482 3072 3072 3818 2256 1817 1561 1546 1638 1881 1916 1980 1970 2010 2010 2195 2496 2658 2692 2545 2790 2612 2693 2742 2450 2277 2178 2311 2475 2649 2635 2468 2725 2557 2988 2705 2144 1773 1459 1241 1193 1204 1310 1360 1590 1590 1607 1602 1795 1958 2045 2074 2101 2123 2012 1957 1862 1788
-9999 -9999 -9999 -9999 -9999 -9999 -9999 333 333 -935 -1118 -835 -126 -126 793 793 1791 72 72 -677 -677 -1477 -1477 -792 1234 1402 1181 1087 1025 2794 4002 4430 3372 1991 1506 1672 1709 1835 1945 2104 2159 2425 2425 2524 2504 2261 2461 2705 2866 2860 2450 2283 2059 2095 2265 2600 2321 2468 2232 2065 2872 2403 2068 1607 1397 1256 1073 1114 1248 1261 1463 1588 1743 1726 1847 1920 2076 2057 2108 2108 2097 1891 1753 1836
-9999 -9999 -9999 -9999 -9999 -9999 -9999 984 -246 -246 -333 -152 466 466 1163 1791 1791 209 209 -501 -501 -774 -11 -11 710 851 981 1041 1025 1444 1722 1947 3836 2469 1183 1681 1854 1834 2030 2216 2387 2448 2794 3112 3299 2625 2416 2747 2969 3105 2512 2145 1948 1948 2090 2343 2321 2336 2131 2139 2115 2403 1961 1636 1560 1437 1324 1114 1176 1221 1422 1606 1792 1811 1895 1954 2081 2145 2001 1936 1936 1553 1753 2052
