includes/gis/MODIS_ASCII/mod13q1_ndvi_2000_273.txt
ncols         829
nrows         925
xllcorner     164106.58989296
yllcorner     9637524.0094144
cellsize      264.9945474373
NODATA_value  -9999
[rows 703 to 739 of 925, columns 85 to 169 of 829]
1615 1323 1422 1658 1658 1447 1979 1772 1816 1857 1444 1444 1169 1420 1751 1480 1436 1590 1590 1569 1540 1479 1599 1620 1605 1599 1478 1482 1619 1806 1482 1453 1457 1427 1463 1610 1610 1751 1855 1833 1737 1517 1436 1527 1527 1519 1533 1533 1550 1689 1626 1539 1577 1503 1538 1642 1642 1698 1684 1752 1684 1647 1489 1566 1612 1646 1711 1776 1935 1917 2210 1965 1721 1743 1821 1821 1860 1788 1511 1505 1450 1435 1401 1624 1758
1490 1240 1231 1418 1384 1471 1895 1790 1926 2038 1528 1425 1571 1439 1454 1329 1393 1618 1697 1700 1540 1751 1650 1640 1723 1612 1557 1563 1622 1582 1410 1424 1392 1423 1429 1514 1680 1680 1876 1833 1819 1440 1305 1445 1551 1702 1688 1668 1724 1689 1748 1542 1620 1738 1466 1544 1685 1685 1755 1798 1836 1695 1519 1514 1634 1594 1711 1843 1843 1864 1983 1867 1781 1686 1859 1825 1825 1564 1492 1505 1463 1469 1552 1903 1903
1270 1199 1254 1310 1295 1401 1745 1750 1965 2073 1724 1401 1571 1515 1496 1809 1568 1594 1744 1700 1810 1810 1763 1587 1515 1632 1547 1439 1556 1582 1630 1428 1392 1490 1363 1613 1689 1810 1876 1797 2019 1643 1300 1347 1504 1676 1510 1672 1724 1742 1669 1669 1673 1686 1567 1544 1492 1634 1706 1796 1738 1738 1493 1691 1694 1594 1663 1708 1778 1912 1812 1654 1781 1722 1678 1527 1422 1381 1492 1518 1594 1665 1735 2000 2000
1601 1374 1445 1514 1463 1476 1779 1791 1651 1490 1572 1401 1540 1575 1867 1867 1782 1724 1662 1865 1939 1771 1751 1751 1515 1465 1459 1390 1556 1716 1431 1428 1547 1515 1381 1568 1683 1765 1700 1700 1865 1710 1383 1511 1616 1676 1570 1329 1636 1608 1505 1583 1381 1430 1650 1471 1235 1548 1640 1674 1692 1681 1746 1746 1694 1646 1557 1599 1719 1951 1931 1654 1560 1470 1588 1512 1411 1429 1619 1619 1589 1781 1861 1956 1956
1563 1441 1463 1382 1371 1476 1762 1618 1618 1545 1572 1556 1580 1766 1965 1965 1775 1747 1747 1865 1799 1792 1785 1879 1831 1723 1780 1581 1504 1754 1691 1462 1462 1514 1522 1542 1663 1856 1859 1728 1607 1607 1492 1636 1616 1634 1898 1329 1290 1274 1312 1506 1337 1357 1425 1826 2012 2063 1709 1742 1690 1681 1686 1795 1940 1728 1561 1545 1705 1980 1882 1838 1568 1475 1458 1493 1510 1592 1619 1604 1882 1882 1893 1777 1695
1435 1445 1445 1458 1371 1477 1661 1681 1620 1545 1589 1828 1796 1982 1922 1954 1859 1812 1880 1880 1915 1861 1766 1879 1954 1775 1775 1581 1677 1922 1881 1518 1549 1612 1612 1575 1794 1856 1766 1669 1613 1488 1488 1634 1595 1291 1349 1242 1275 1234 1263 1413 1474 1357 1233 1710 1897 1887 1961 1777 1690 1644 1715 1987 1857 1857 1862 1662 1815 1896 1882 1523 1500 1500 1486 1537 1642 1571 1706 1890 1872 1917 1917 1777 1757
1391 1499 1417 1458 1483 1513 1639 1728 1620 1780 2072 2025 2025 1985 1971 1954 1856 1828 1828 1791 1705 1829 1754 1923 1870 1839 1898 1776 1774 1888 1796 1518 1500 1344 1307 1424 1687 1687 1647 1663 1602 1543 1504 1431 1320 1320 1261 1281 1281 1285 1386 1412 1474 1328 1396 1377 1661 1661 1790 1777 1747 1701 1601 1677 1655 1831 1831 1652 1695 1896 1922 1684 1523 1500 1574 1622 1657 1665 1797 1871 1849 1803 1916 1916 1818
1402 1471 1417 1514 1636 1853 1853 1733 1876 1960 1941 1938 2076 2063 2063 1965 1713 1864 1905 1805 1771 1835 1754 1806 1675 1767 1839 1753 1738 1738 1472 1660 1500 1408 1280 1391 1422 1547 1666 1606 1688 1545 1367 1372 1423 1275 1278 1260 1362 1452 1452 1412 1397 1430 1470 1273 1105 1622 1632 1813 1811 1863 1436 1472 1611 1809 1832 1630 1508 1508 1497 1503 1640 1606 1574 1672 1702 1702 1769 1878 1937 1803 1792 1828 1856
1664 1718 1739 1603 1580 1707 1673 1733 1649 1940 1896 1954 2095 2034 2007 2063 1834 1659 1728 1665 1771 1652 1835 1863 1734 1663 1664 1648 1638 1567 1612 1582 1384 1436 1296 1444 1455 1566 1666 1512 1541 1541 1203 1292 1423 1291 1390 1215 1323 1351 1363 1435 1280 1386 1515 1407 1260 1464 1632 1720 1720 1821 1777 1395 1516 1564 1753 1855 1741 1550 1550 1753 1808 1726 1654 1764 1769 1856 1856 1873 1937 1916 1903 1890 1962
1664 1631 1733 1755 1706 1663 1602 1710 1710 1846 1844 1856 2066 2034 2201 2144 1856 1701 1609 1756 1809 1745 1769 1812 1766 1723 1806 1678 1760 1604 1765 1582 1609 1609 1536 1666 1634 1566 1577 1508 1326 1057 1344 1292 1532 1431 1437 1370 1259 1338 1363 1170 1243 1516 1516 1362 1260 1415 1416 1495 1348 1425 1529 1467 1499 1559 1753 1928 1914 1719 1755 1850 1778 1726 1692 1834 1915 1898 1850 1779 1850 1882 1881 1831 1814
1522 1522 1491 1634 1645 1737 1697 1695 1811 1806 1853 1910 2066 2085 2198 2117 1979 1915 1915 1756 1848 1972 1984 1843 1708 2048 2038 1873 1901 1775 1765 1858 1706 1517 1802 1802 1634 1703 1712 1608 1403 1086 1253 1475 1261 1261 1276 1318 1271 1338 1352 1203 1252 1550 1437 1361 1210 1285 1197 1378 1425 1440 1440 1467 1532 1532 1650 1627 1598 1543 1694 1796 1778 1791 1788 1749 1759 1826 1667 1674 1781 1785 1710 1652 1600
1590 1516 1516 1502 1550 2002 1697 1835 1876 1840 1893 1910 2166 2315 2322 2211 2005 2194 1977 2255 2255 1998 1875 2143 1789 2022 2022 1774 1738 1775 1970 1793 1693 1508 1761 1638 1800 1688 1858 1706 1466 1161 1253 1180 1092 1159 1232 1232 1256 1271 1342 1176 1293 1509 1723 1348 1237 1237 1237 1454 1463 1421 1440 1533 1563 1450 1424 1480 1432 1660 1808 2064 1914 1914 1786 1857 1749 1690 1666 1674 1680 1680 1789 1639 1691
1451 1538 1642 1677 1677 2002 2006 2147 1877 1796 2022 2134 2134 2248 2277 2473 2151 2187 2137 2177 2044 2019 2019 2354 2040 1788 1803 1753 1738 1856 1947 1731 1656 1239 1362 1638 1660 1991 1991 1709 1654 1161 1322 1252 1114 1114 1249 1287 1276 1324 1231 1254 1372 1568 1730 1488 1343 1241 1448 1459 1459 1390 1373 1418 1577 1635 1610 1514 1508 1728 1868 2064 1920 1788 1742 1742 1706 1724 1666 1670 1781 1305 1376 1484 1355
1600 1790 1739 1654 2133 2133 2396 2376 2249 2100 2022 2102 2167 2189 2286 2193 2193 2187 2163 2302 2144 1926 2206 2354 2155 1627 1865 1989 2147 2086 2088 1932 1957 1226 1362 1387 1904 1979 1721 1541 1541 1325 1196 1185 1166 1175 1177 1375 1249 1129 1262 1262 1456 1499 1730 1285 1231 1240 1509 1454 1400 1400 1327 1508 1523 1709 1599 1514 1658 1755 1868 1872 1772 1800 1833 1787 1830 1830 1737 1683 1572 1642 1469 1484 1553
1769 1832 1739 1852 1936 2329 2286 2368 2138 2077 2207 2240 2088 2141 2326 2275 2154 2144 2249 2221 2182 1948 2151 2190 1798 1601 1747 1972 1966 2009 1868 1868 1429 1417 1214 1787 2010 1948 1594 1577 1532 1149 1149 1162 1422 1587 1587 1404 1204 1129 1326 1468 1347 1499 1561 1270 1218 1339 1521 1536 1316 1328 1422 1437 1921 1582 1683 1392 1773 1880 1694 1871 1700 1634 1620 1817 1889 1782 1729 1729 1637 1492 1469 1253 1401
1923 1916 1998 1867 1932 2274 2339 2293 2349 2232 2232 2208 2194 2203 2249 2275 2134 2154 2384 2189 2064 2030 2151 2265 1896 1618 1682 1907 2018 1886 1625 1420 1556 1417 1773 1989 2034 1993 1675 1613 1581 1176 1421 1509 1451 1451 1587 1385 1071 1308 1254 1341 1347 1443 1443 1274 1219 1256 1373 1536 1445 1393 1629 1964 1968 1672 1683 1473 1543 1705 1768 1793 1793 1824 1843 1709 1770 1787 1673 1595 1595 1492 1507 1399 1439
2064 1898 1898 1844 2001 2181 2273 2205 2196 2254 2222 2260 2087 2189 2249 2225 2230 2390 2291 2291 2164 2030 2342 2330 2058 1562 1669 1873 1997 1872 1738 1679 1741 1770 2079 2079 2121 2018 1696 1613 1519 1173 1643 1509 1598 1559 1559 1420 1142 1244 1322 1330 1341 1449 1184 1199 1238 1238 1373 1670 1466 1506 1961 1686 1504 1471 1689 1551 1499 1532 1571 1911 1904 1828 1843 1916 1915 1818 1615 1557 1541 1554 1412 1458 1613
1759 1743 1988 2241 2241 2267 2381 2616 2196 2364 2154 2274 2250 2189 2392 2205 2182 2371 2331 2385 2164 2248 2476 2339 2354 2297 1984 1984 1743 1743 1957 1350 1732 1773 2093 1961 1807 1807 1696 1518 1591 1267 1305 1546 1631 1567 1359 1351 1351 1297 1257 1330 1448 1368 1154 1145 1244 1298 1491 1680 1360 1715 1619 1504 1504 1599 1792 1395 1395 1353 1571 1709 1735 1753 1766 1778 1884 1858 1768 1648 1622 1484 1543 1595 1540
1763 2016 2029 2194 2408 2360 2360 2616 2360 2376 2376 2242 2311 2391 2391 2303 2089 2357 2436 2385 2446 2500 2500 2466 2430 2432 1987 1844 1708 1903 1957 1610 1551 1750 2041 1883 1707 1897 1672 1672 1748 1623 1342 1503 1631 1801 1578 1299 1204 1209 1257 1350 1395 1376 1222 1181 1233 1241 1619 1872 1930 1930 1380 1524 1568 1594 1773 1737 1475 1404 1601 1632 1653 1753 1842 1842 1794 1718 1687 1732 1622 1641 1673 1673 1756
1763 1855 2091 2208 2321 2438 2460 2460 2294 2301 2411 2305 2209 2612 2422 2422 2235 2229 2436 2572 2521 2717 2519 2484 2353 2432 1868 1633 1741 1755 1560 1823 1680 2020 2066 1805 1833 1921 1877 1855 1689 1689 1217 1503 1645 1388 1578 1414 1383 1511 1279 1229 1302 1401 1325 1237 1237 1166 1701 2144 1514 1510 1591 1524 1518 1532 1263 1599 1686 1511 1498 1572 1653 1717 1728 1687 1699 1699 1656 1732 1652 1647 1617 1642 1636
2052 1965 2135 2195 2315 2391 2344 2502 2288 2288 2294 2253 2209 2299 2339 2306 2518 2521 2704 2730 2641 2632 2552 2450 2353 2328 2090 1984 2022 1933 1493 1823 1916 2120 1794 1777 1833 1827 2071 2020 1756 1542 1466 1228 1462 1388 1459 1628 1682 1705 1556 1455 1440 1488 1446 1318 1108 1108 1287 1670 1464 1556 1591 1599 1599 1682 1405 1203 1660 1511 1421 1572 1564 1619 1604 1602 1661 1690 1656 1722 1676 1582 1638 1572 1636
2305 2305 2259 2214 2479 2391 2455 2476 2431 2122 2309 2253 2066 2066 2280 2234 2307 2321 2321 2462 2618 2615 2577 2606 2289 2289 2324 2194 2022 1854 1493 1543 1862 2220 1790 1777 1546 1775 2268 2123 1874 1708 1695 1649 1823 1730 1630 1646 1400 1547 1562 1547 1467 1398 1476 1291 1121 1302 1234 1462 1491 1556 1524 1547 1709 1155 1197 1357 1491 1753 1677 1478 1470 1488 1539 1609 1694 1683 1643 1581 1467 1467 1592 1572 1577
2434 2468 2200 2317 2479 2466 2361 2474 2286 2099 2167 2296 2059 2059 2287 2280 2199 2213 2213 2371 2424 2424 2545 2606 2395 2471 2333 2194 2035 1854 1564 1503 1943 2022 1808 1467 1412 1778 2286 2207 2059 1611 1497 1626 1554 1456 1557 1344 1511 1536 1639 1575 1490 1330 1385 1199 1150 1302 1401 1375 1460 1492 1404 1580 1734 1304 1323 1357 1462 1531 1786 1603 1486 1546 1546 1502 1648 1591 1516 1561 1641 1869 1869 1500 1564
2434 2751 2386 2440 2524 2539 2539 2306 2245 2197 2167 2175 2611 1967 1967 2083 2098 2193 2242 2279 2385 2404 2483 2453 2412 2440 2255 2128 1968 1852 1462 1699 1989 1828 1849 1659 2001 2001 2213 2045 1994 1904 1758 1505 1745 1562 1430 1366 1366 1483 1455 1445 1331 1331 1266 1206 1150 1351 1263 1456 1460 1489 1510 1636 1465 1296 1274 1345 1019 1281 1596 1596 1729 1560 1461 1502 1443 1503 1545 1562 1831 1870 1770 1826 1667
2162 2261 2322 2612 2918 2643 2399 2225 2225 2197 2154 2077 2831 2026 2026 2080 2098 2203 2397 2297 2330 2330 2482 2460 2527 2428 2333 2200 1968 1740 1968 1968 2106 1661 1662 2143 2236 2152 2152 1903 1994 2031 1769 1482 1531 1551 1430 1420 1645 1583 1497 1497 1681 1334 1288 1509 1491 1296 1349 1573 1486 1377 1400 1652 1286 1145 1152 1197 1087 1125 1277 1645 1932 1667 1585 1549 1539 1558 1502 1771 1880 1809 1922 1825 1594
2172 2132 2132 2516 2649 2825 2421 2253 2297 2143 2067 2354 2933 2024 1997 2080 2139 2275 2316 2368 2224 2224 2291 2448 2475 2310 2333 2254 2483 2230 2047 2168 2006 2140 1662 2040 2356 2218 1902 2050 1874 1672 1672 1488 1717 1671 1516 1745 1897 1873 1776 1680 1681 1473 1529 1386 1427 1479 1546 1442 1323 1297 1471 1365 1365 1145 1162 1197 1116 1064 1458 1819 1819 1731 1585 1584 1543 1543 1568 1709 1785 1809 1575 1499 1717
2319 2416 2233 2210 2502 2542 2662 2427 2297 2150 2184 2372 2889 2050 1985 2071 2195 2306 2276 2276 2247 2356 2356 2469 2542 2463 2489 2379 2343 2031 1934 2271 2581 2140 2445 2445 2175 2201 2207 2057 1924 1776 1538 1729 1715 1671 1860 1944 1797 1686 1761 1816 1511 1511 1326 1409 1451 1532 1533 1528 1320 1597 1428 1136 1145 1161 1160 1176 1107 1029 1073 1560 1922 1833 1514 1512 1498 1512 1536 1536 1785 1640 1537 1557 1547
1598 2416 2593 2347 2144 2369 2691 2427 2284 2253 2150 2246 2091 2065 2065 2186 2378 2268 2257 2172 2297 2242 2242 2394 2687 2687 2584 2475 2422 2366 2442 2675 2581 2641 2507 2326 2163 2279 2247 1960 1886 2034 1729 1573 1715 1839 1954 1709 1421 1629 2002 2066 1418 1409 1320 1508 1558 1532 1571 1589 1403 1536 1253 1145 1145 1247 1192 1127 1074 1073 1073 1559 1661 1822 1554 1411 1448 1551 1628 1466 1466 1509 1598 1598 1526
1598 2011 2306 2306 2301 2564 2831 2811 2691 2122 2122 2197 2094 2052 2034 2152 2278 2291 2295 2152 2140 2383 2383 2435 2703 2590 2424 2424 2480 2480 2576 2675 2700 2656 2512 2343 2440 2440 2247 1952 1747 1776 1579 1535 1268 1482 1482 1372 2051 1900 1971 1795 2043 1287 1324 1532 1611 1538 1554 1554 1375 1467 1222 1145 1207 1204 1121 1085 1050 1141 1169 1309 1484 1676 1610 1683 1519 1687 1628 1580 1622 1625 1625 1471 1592
1584 1862 2110 2110 2301 2301 2548 2548 2593 2514 2514 2318 2078 2041 2153 2153 2240 2211 2246 2152 2152 2386 2515 2515 2593 2646 2552 2482 2279 2623 2824 2620 2674 2629 2483 2469 2430 2122 2122 1644 1869 1772 1603 1344 1711 1624 2031 2241 1666 1556 1673 1803 2093 1281 1286 1539 1611 1419 1464 1349 1177 1317 1222 1341 1219 1107 1102 1082 1081 1219 1219 1218 1484 1631 1655 1598 1501 1663 1760 1636 1610 1532 1504 1486 1592
2129 2129 1905 1905 2218 2404 2385 2473 2312 2401 2401 2505 2140 2029 2148 2148 2271 2211 2246 2187 2258 2435 2578 2598 2605 2405 2154 2218 2342 2582 2824 2744 2744 2630 2510 2569 2240 2051 1901 1899 1934 1934 2180 2065 1771 2113 2279 2279 1975 1700 1745 1609 1609 1534 1416 1539 1602 1509 1498 1302 1117 1441 1408 1327 1150 1095 1118 1105 1207 1335 1323 1322 1530 1612 1682 1659 1501 1653 1646 1644 1518 1534 1516 1486 1548
2142 2142 1905 1905 2146 2398 2553 2342 2342 2401 2401 2395 2194 2136 2142 2142 2174 2164 2221 2234 2280 2435 2587 2452 2358 2350 2009 2060 2370 2582 2662 2626 2599 2599 2492 2409 2280 2277 2184 1885 2116 2363 2180 2225 2230 2107 2049 1656 1769 1700 1727 1579 1766 1737 1330 1399 1400 1470 1461 1177 1163 1441 1260 1260 1196 1114 1114 1176 1188 1236 1256 1421 1421 1587 1480 1570 1500 1548 1659 1655 1569 1588 1516 1570 1489
2189 2189 2209 2276 2276 2398 2553 2399 2399 2233 2233 2330 2172 2140 2149 2142 2174 2308 2464 2313 2455 2467 2528 2479 2287 2354 2157 2060 2376 2345 2445 2550 2543 2543 2519 2592 2313 2164 2166 2084 2084 2319 2348 2057 1942 1890 1925 1771 1722 1639 1639 1677 1748 1728 1330 1441 1262 1417 1598 1244 1311 1715 1175 1130 1143 1143 1094 1153 1118 1175 1254 1377 1498 1413 1413 1570 1582 1553 1671 1688 1580 1557 1595 1663 1639
2278 2283 2283 2536 2536 2797 2779 2664 2664 2324 2202 2327 2164 2140 2149 2149 2549 3088 2538 2283 2455 2453 2402 2187 2160 2244 2157 2054 2068 2409 2221 2331 2414 2543 2519 2810 2294 1939 2299 2244 2198 2198 2266 2057 1946 2031 1923 1822 1722 1574 1525 1520 1717 1651 1410 1391 1391 1477 1564 1564 1506 1726 1470 1283 1307 1144 1069 1184 1118 1172 1328 1497 1572 1482 1402 1421 1515 1564 1675 1658 1731 1557 1597 1613 1607
2460 2425 2322 2471 2471 2808 2779 2311 2311 2465 2692 2692 2164 2164 2358 2358 3224 2887 2846 1963 2130 2130 2227 2171 2219 2213 2213 2067 2294 2379 2224 2331 2414 2414 2554 2870 2442 2217 2369 2293 2229 2339 2266 2217 2320 1912 1802 1648 1696 1618 1675 1724 1680 1651 1420 1478 1552 1559 1693 1624 1595 1544 1277 1331 1260 1140 1201 1184 1294 1294 1440 1654 1653 1680 1402 1472 1472 1526 1722 1658 1626 1626 1566 1545 1599
2486 2486 2322 2542 2542 2808 2716 2716 2775 2891 2891 2832 2460 2530 2767 2767 3058 2536 2846 1963 2114 2045 2035 2017 2289 2289 2407 2412 2349 2193 2311 2384 2088 2490 2627 2606 2387 2387 2463 2273 2309 2396 2319 2258 2258 1955 1713 1803 1832 1773 1773 1653 1726 1549 1628 1635 1486 1689 1597 1597 1641 1440 1372 1377 1186 1144 1201 1306 1279 1398 1520 1674 1783 1680 1575 1411 1355 1355 1722 1784 1679 1664 1691 1691 1706
2486 2412 2373 2373 2565 2728 2748 2748 2775 2891 2702 2832 2832 2770 2979 2737 2737 2361 2360 2360 2138 2005 2003 2017 2586 2586 2448 2321 2207 2198 2311 2415 2407 2553 2627 2569 2639 2869 2869 2602 2458 2396 2322 2393 1827 1827 1797 1921 1948 1952 1845 1876 1753 1753 1928 1812 1770 1846 1664 1674 1674 1541 1519 1148 1186 1222 1243 1335 1404 1409 1375 1512 1783 1800 1781 1631 1471 1385 1556 1712 1485 1592 1589 1518 1467
