includes/gis/MODIS_ASCII/mod13q1_ndvi_2017_305.txt
ncols         829
nrows         925
xllcorner     164106.58989296
yllcorner     9637524.0094144
cellsize      264.9945474373
NODATA_value  -9999
[rows 646 to 683 of 925, columns 680 to 764 of 829]
1865 1665 1665 1765 1765 1726 1726 1638 1901 1901 1774 1774 1445 1445 1599 1697 1677 1677 1493 1493 1449 1449 3468 1064 1064 1352 1352 1339 1339 1465 1465 1940 1622 1512 1512 1510 1522 2005 2005 1760 1817 1567 1567 1435 1586 1586 1826 1826 2320 2320 2384 2384 3018 2743 2698 2477 2477 2601 2512 2444 2601 2601 3310 3310 4736 5322 5269 5269 6151 4961 4961 4283 5567 4729 3986 5112 6048 6048 5038 4731 5176 6592 6592 6419 6627
1740 1637 1637 1691 1765 1726 1726 1721 1267 1267 1368 1368 1180 1445 1599 1755 1755 1723 1713 1713 1659 1659 1285 1461 1574 1720 1720 1863 1554 1278 1389 1632 1310 1681 1038 1038 1672 1728 1728 1773 1773 1610 1610 1407 1465 1586 1826 1826 2128 1936 1717 2481 2481 2743 2743 2559 2559 2448 2681 2681 2952 2952 3310 3310 4264 5192 4065 4729 4729 4515 4961 4283 4195 4729 4291 4291 5795 5795 4688 4561 6454 6592 6748 6486 6820
1713 1637 1691 1691 1700 1700 1730 1730 612 612 1715 1644 1644 1748 1748 1755 1723 1723 1663 1663 1657 1663 1663 1036 1369 1651 1720 1602 1391 1280 1272 1503 587 1681 1038 1038 1672 1820 1820 1851 1851 1782 1782 1407 1430 1430 1600 1600 1936 1936 1717 2010 2010 1778 1778 1611 1611 2362 2894 2681 2952 2952 3109 3109 4390 5079 4801 4729 4729 4515 4515 4432 4432 3377 4906 4906 6222 5046 5046 5110 7216 7593 7593 6618 6978
1713 1575 1594 1594 1527 1527 1516 1516 1701 1775 1775 1713 1713 1748 1748 1770 1663 1663 1527 1527 1521 1663 1663 873 1183 1651 1668 1668 1480 1480 1412 1067 679 679 1278 1596 1593 1892 1481 1831 1092 1707 1459 1459 1419 1430 1600 1600 1666 1666 1480 1790 1790 1823 1778 1611 1611 2108 2482 2894 3916 3140 3140 3378 3762 4637 5467 4432 4432 4353 4705 3723 3723 3839 5960 5960 5751 5146 5146 5692 7103 7939 6960 6797 6978
1735 1585 1633 1633 1576 1576 1616 1616 1644 1591 1775 1713 1713 1705 1705 1724 1745 1745 1600 1527 1521 1521 1499 1319 610 1413 1591 1591 1434 1480 1412 1179 1179 1476 929 966 2033 1940 1765 1831 1578 1759 1498 1459 1419 1605 1605 1689 1689 1586 1586 1627 1823 1823 1731 1731 2083 2170 2776 2538 3916 3993 3993 4798 4903 4972 5098 4192 3063 3063 3440 3440 3440 5489 5421 5421 2587 2587 6429 6429 5938 6214 6797 6797 7131
1779 1679 1648 1648 1645 1645 1698 1698 1644 1591 1591 1589 1589 1717 1717 1682 1745 1745 1600 1600 1505 1505 1527 1319 885 1184 1591 1591 1434 1434 1560 1577 2579 2080 960 960 1962 1942 2036 1547 2070 1759 1498 1498 1392 1538 1538 1626 1626 1586 1586 1627 1734 1734 1913 1913 2252 2200 2776 4280 4653 4983 4686 5019 5019 5021 4019 4019 2922 2922 5106 5106 5492 5421 5421 2443 2443 2778 4861 4861 6214 6214 7003 7005 7005
1402 1402 1655 1655 1762 1645 1698 1698 1677 1596 1596 1609 1609 1717 1717 1682 1661 1661 1612 1612 1625 1792 918 1587 1587 1580 1473 1473 1458 1458 1560 1577 1577 1571 1571 1743 1743 2065 2036 1571 1623 2087 1565 1565 1588 1604 1538 1626 1626 1605 1605 1615 1535 1535 1913 1913 2252 2200 3052 4528 4753 5128 5293 4993 5019 5105 5643 5133 5133 4775 4505 5585 5053 3860 5523 5762 5762 4780 4780 4820 4680 7030 7302 2372 5154
1641 1641 1655 1762 1762 1827 1827 1632 1632 1557 1596 1609 1609 1634 1634 1672 1672 1747 1690 1612 1625 1949 1802 1543 1541 717 1580 1590 1458 1458 1490 1513 1513 1490 1490 1743 1743 2065 1980 1365 1482 1993 1656 1656 1588 1604 1604 1542 1542 1441 1441 1616 1535 1535 1633 2100 1344 1344 2304 6147 6147 4897 5293 4993 5579 5579 6002 5179 4346 4346 4505 4801 4417 3718 2886 2604 2604 4780 4780 4820 4820 4510 5114 1511 3858
1641 1641 1546 1545 1545 1643 1643 1517 1632 1557 1585 1585 1555 1555 769 1409 1660 1575 1817 1689 1689 1949 1798 1543 1541 1361 717 925 1663 1600 1600 1535 1490 1490 1041 1041 1227 1227 2044 1339 2183 1656 1656 1757 1757 1817 1817 1642 1642 1464 1540 1540 1471 1718 1718 2271 2359 2237 2089 5449 5449 6527 4917 5058 5546 5546 5475 5158 4346 4346 4075 3378 2815 2835 3016 2967 2039 2139 3022 2886 1670 2997 4018 7264 3716
1688 1688 1781 1638 1638 1643 1643 1517 1517 1407 1523 1523 1669 1281 852 1268 1664 1668 1668 1689 1689 1828 1798 1801 1901 1546 1796 1399 1662 1662 1639 1535 1456 1456 807 807 825 825 2044 1548 1548 1580 1580 1542 1542 1728 1818 1818 1534 1534 1619 1619 1540 1718 1718 2367 2367 1756 1756 2072 5973 6890 4773 5283 5357 5625 5625 5158 5014 4208 4208 2790 2226 2331 3016 2967 3293 3293 6934 6609 2713 2798 3221 3515 9130
1573 1573 1582 1638 1638 1119 1119 1035 972 1017 1393 1393 1640 1640 917 1268 1702 1668 1668 1694 1694 1579 1579 1962 1653 1883 1796 1796 1662 1662 1639 1639 1557 1233 1052 909 847 167 891 1168 1026 1516 1516 1509 1509 1548 1637 1637 1683 1683 1619 1619 1540 1653 1653 2376 2376 2046 1756 4162 6094 4702 5234 5173 5129 4963 4617 3673 3673 4255 4255 2499 1790 3704 890 933 6168 6168 6849 6849 2552 1391 784 4844 7401
1573 1573 1727 1655 1715 1143 1143 1035 1035 1464 1419 1419 1441 963 1607 1607 1702 1616 1616 1396 1396 1412 2094 1622 2060 2043 1684 1796 1600 1600 1648 1648 1558 1233 1052 1537 1614 1614 1616 1786 1786 1495 1495 1692 1692 1559 1622 1637 1683 1683 1614 1614 1590 2005 2005 2376 2376 2046 2046 3311 6034 3971 4702 4394 4440 4424 4617 3673 3673 3848 3777 3664 3872 3717 3795 3795 4323 3672 3752 3752 932 932 3950 4605 3952
1680 1720 1720 1655 1715 1715 1583 1583 1526 1526 1720 1330 1441 801 1379 1637 1637 1381 950 1086 1881 1412 2215 1592 2121 1982 1512 1471 1646 1646 1706 1706 1516 1502 1502 1445 1614 1614 1616 1568 1568 1557 1557 1791 1791 1559 1622 1622 1650 1650 1424 1424 1554 2005 2005 2523 2523 2910 2910 5231 4757 5456 3513 3513 3204 3381 3394 3289 3458 4050 3781 3634 3648 3648 3943 4652 4652 5228 3752 3752 699 397 4522 4949 4675
1680 1720 1720 1867 1769 1769 1715 1715 846 1526 1720 1522 1658 1555 1436 1703 1721 2001 1079 950 1296 1296 1892 1592 1765 1814 1829 1719 1487 1493 1493 1345 1367 1367 1445 1445 1504 1483 1483 1565 1476 1476 1791 1791 1643 1643 1767 1656 1656 1493 1424 1554 1554 2309 2347 2347 3115 3115 4062 4062 4118 4261 3962 3540 3651 3331 3857 4618 4366 4320 4423 1904 1520 4007 4007 1561 1400 1400 3369 3369 3262 3659 5909 4066 2302
1804 2047 2018 2067 1810 1810 1715 1715 846 846 855 1461 1899 1555 1436 1703 1646 1652 729 1500 1421 2870 2870 1692 1656 592 1694 1642 1642 1463 1463 1189 1367 1367 1530 1530 1651 1651 1497 1580 1476 1476 1645 1645 1636 1636 1718 1656 1656 1493 1493 1654 1654 1895 2239 2239 3485 3485 3749 3749 4003 3979 4261 3683 3721 3331 5373 4541 4480 4415 4423 2812 2547 4734 4751 3387 4137 4137 5011 5011 3692 3899 5481 4066 4066
2163 2037 1966 2067 1810 1804 1525 861 656 656 832 478 743 588 1078 985 1952 1806 1164 608 608 2327 956 1416 1524 566 1694 1642 1642 1463 1463 1189 1189 1370 1532 1532 1562 1562 1497 1497 1631 1631 1644 1644 1679 1636 1718 1489 1489 1394 1599 1659 1659 1950 2791 2791 3179 3179 3280 3749 4003 3979 3979 4652 4036 4617 5993 4345 4254 4238 3106 5435 4777 4971 4883 5898 5898 5874 6186 5977 6198 5808 5756 5810 5810
2163 2037 1966 1908 1975 2000 2003 1782 1637 836 832 887 1245 1004 1546 1643 1649 1230 400 970 925 2572 887 1155 1524 1524 1466 1466 1466 1539 1707 1630 1630 1633 1532 1532 1562 1562 1588 1588 1590 1695 1644 1644 1679 1701 1785 1745 1600 1599 1599 1743 1743 2239 3146 3146 3003 3179 3280 3280 3627 4115 4115 4626 4652 5047 5993 5993 4736 4238 4226 5760 4578 4692 4692 5463 6202 6202 6241 6241 6329 6045 5874 6032 5893
2091 2048 1920 1904 1839 2000 2003 1771 1756 1703 1778 1931 1075 1004 1711 1803 1235 1353 1055 760 760 2091 887 1268 1396 1484 1353 1008 712 1539 1539 1515 1630 1633 1518 1518 1627 1627 1497 1497 1590 1466 1584 1584 1629 1629 1783 1745 1558 1558 1558 1577 2388 2388 3146 3146 3003 3003 3245 3245 3364 3364 4115 4626 4626 5047 5047 4415 4415 4271 4038 4038 4072 4072 4422 5293 5922 5922 5596 6250 6250 6177 5874 5906 5906
1838 1904 1832 1861 1760 1860 1937 1623 1801 1703 1778 3037 1472 992 1617 1717 1983 2437 1055 996 2194 987 959 1448 1616 1484 1353 1008 706 712 1539 1515 1626 1651 1651 1530 1530 1553 1553 1497 1678 1678 1540 1540 1629 1629 1783 1783 1620 1726 1726 2240 2388 2388 3208 3048 3048 2572 2572 1713 3364 4290 4145 4145 4357 4895 4895 4848 4848 3644 3644 3976 3976 4257 4257 5535 6138 6138 5709 5975 1379 1379 5953 5839 6063
1557 1690 1499 1487 1502 1494 1623 1623 1676 1676 1718 2463 1587 1567 1245 1254 1983 2437 1070 644 1254 630 590 1448 1720 1720 1461 1214 1130 959 1295 1295 1378 1753 1542 1538 1659 1742 1742 1692 1692 1678 1540 1540 1572 1572 1615 1615 1826 1726 1726 2240 2240 2813 2813 2968 2968 2572 2572 1713 1713 2807 3609 3609 3943 3943 4648 4648 3982 3685 3685 4079 4079 3991 4257 5435 5745 5745 5541 5957 1001 1001 5648 5828 6036
1474 1401 1401 1433 1502 1494 1436 1524 1320 1325 1325 2573 1587 1567 1567 1199 1199 1523 1098 721 630 1442 1444 1444 1499 1546 1378 1477 1477 1585 1538 1542 1542 1699 1544 1765 1765 1679 1731 1731 1627 1497 1573 1573 1556 1556 1558 1615 1826 1916 1916 2678 2678 2774 2774 3143 2968 2968 2743 2810 2925 2925 3236 3236 3224 3943 3995 3995 3735 3450 3450 4079 4079 4014 4164 6329 6379 6379 5944 6066 6066 5756 5881 5648 6034
1739 1401 1401 1433 1503 1520 1435 1588 1266 961 1045 2573 1753 1661 1661 1853 1853 1671 1372 1239 699 1571 1594 1454 1282 1578 1505 1588 1590 1585 1635 1743 1715 1715 1618 1618 1758 1758 1681 1730 1730 1553 1778 1592 1592 1454 1558 1659 1885 2618 2618 2592 2592 2774 2774 3132 2981 2981 3026 2837 2925 2925 3191 2874 2874 3013 3313 3313 3245 3735 3450 3790 3790 4042 4164 6495 6495 6404 6404 6059 5756 5756 5881 5881 6087
1739 1664 1730 1620 1600 1706 1435 1588 1266 1555 1489 1489 1397 1326 1661 1853 1853 1153 1470 1384 871 1578 1594 1454 925 1701 1553 1527 1524 1585 1635 1734 1750 1695 1690 1768 1722 1702 1702 1710 1645 1613 1778 1539 1598 1480 1678 1678 2406 2406 1957 2119 2448 2448 3031 2819 2981 2964 3026 3218 3166 3024 3024 2967 3013 3013 3013 3313 3313 3245 3338 3481 3481 3702 3702 3496 3496 3478 3725 3725 5895 5895 6073 5804 4226
1929 1887 1956 1721 1627 1597 1716 1729 1355 1546 1546 1498 1397 1426 1138 1138 1070 1070 1372 1372 1619 1126 1126 835 835 1720 1467 1527 1524 1731 1681 1687 1750 1707 1699 1693 1700 1700 1679 1710 1640 1622 1556 1500 1566 1480 1615 1554 1528 1571 1398 1398 2157 2679 2679 2819 2963 3257 3257 3218 3459 3167 2861 2967 2896 2976 3013 3013 3299 3299 3024 3165 3165 3702 3793 3793 4118 4118 4251 4043 4043 3714 3714 3837 4017
2124 1887 1956 1721 1627 1525 1724 1774 1678 1701 1701 1490 1490 1348 1243 1138 1070 1070 1141 1141 1414 1548 1548 1269 835 1525 1525 1581 1551 1451 1451 1675 1675 1810 1810 1978 1740 1700 1628 1718 1553 1524 1479 1479 1556 1464 1595 1389 1389 1190 1190 1450 1450 1723 1871 1871 2304 2958 3470 3470 3295 3295 3043 3074 3197 3197 3058 3142 3028 3028 3024 3165 3165 3322 3279 3734 4000 4264 4109 4109 3883 4017 4017 3856 4017
2077 2191 2191 1924 1631 1631 1449 1265 1519 1725 1739 1379 1379 1582 1243 1243 1164 1164 1409 1409 1720 1548 1548 1235 1833 1470 1587 1587 1726 1762 1588 1588 1705 1851 1950 1978 1877 1940 1824 1699 1699 1512 1612 1569 1569 1477 1477 1399 1246 1072 1156 1156 1293 1293 1520 1836 2182 2182 3170 3542 3542 3043 3043 3147 3147 3088 3088 3146 3146 3091 3290 3232 3336 3336 3672 3672 3734 3973 4134 4134 3967 3967 4017 4017 3856
1734 1734 1805 1805 1716 1716 1358 1306 1384 1463 1466 1379 1379 1296 595 595 1042 1042 1193 1409 1720 1768 1768 1080 1711 1711 1781 1535 1637 1762 1537 1802 1556 1680 1771 1934 1934 1727 1734 1476 1500 1427 1476 1381 1440 1440 1418 1393 1442 1397 1167 1167 1412 1361 1361 1642 1816 2326 2326 3446 3277 3277 2860 2860 3222 3057 3263 3161 3297 3246 3246 3302 3406 3402 3402 3773 3773 3876 3848 3968 3968 3985 3961 3961 4084
1953 1828 1828 1851 1851 1545 1276 1276 1383 1383 1383 1178 1178 1213 1446 595 653 770 1193 1193 962 1678 1678 1545 2112 2008 1781 1789 1852 1852 1601 1783 1727 1680 1684 1657 1783 1440 1494 1175 1279 1427 1294 1381 1269 1555 1600 1556 1556 1146 1146 1311 1412 1604 1565 1817 1932 2587 3145 3145 2977 2891 2981 2981 3149 2977 3263 3039 3161 3281 3347 3369 3871 3871 3734 3848 3853 3853 3831 3799 3953 3953 4111 4033 4033
1877 2061 2061 1991 1851 1545 1545 1446 1564 1564 1667 1667 1428 1213 1446 1123 1060 1046 813 813 1145 1678 1678 2082 2459 1779 1779 1890 1719 1852 1701 1931 1691 1665 1635 1527 1606 1509 1509 1175 1279 1205 1368 1390 1166 1528 1600 1402 1457 1495 1186 1319 1479 2046 2046 1817 2924 3303 3348 3348 2900 2900 2848 3062 3149 2956 3214 2924 3192 3184 3184 3177 3568 3780 3780 3848 3902 3918 3816 3799 3924 4104 4104 4049 4131
1781 2061 2061 1991 1991 1562 1562 1536 2125 2125 1667 1667 1428 1428 1080 1420 1285 1126 1126 1297 1297 2924 2423 2423 1775 1775 1779 1779 1833 1931 1990 1990 1722 1722 1723 1696 1404 1404 1509 1565 1507 1274 1460 1419 1166 1025 1025 1402 1219 1495 1381 1318 1477 1477 1881 2873 2873 3119 3277 2904 2904 2840 2840 3218 3161 3060 3060 2841 2946 2977 2972 3218 3218 3743 3966 3966 3911 3911 3541 3541 3533 3533 4011 3893 3967
1781 1983 1983 1826 1826 2120 2120 1536 2125 2125 2678 2678 2618 2618 1485 1257 1064 1625 1625 2881 2881 2924 2423 2423 1951 1951 1683 1683 2010 1783 1783 1746 1746 1956 2008 1878 2356 2356 2124 1643 1643 1470 1182 984 984 1371 902 971 971 1093 1232 1281 1281 1591 1591 2684 3117 3043 3043 2692 2918 2918 2968 2968 2810 2810 2787 2787 2975 2946 2917 3156 3248 3248 3506 3764 3764 3288 3288 3084 3053 3053 3173 3173 3709
1586 1816 1816 1766 1826 2120 3501 2422 2459 1538 2571 2571 2104 2104 2879 2655 2035 2106 2106 2881 2881 4297 3370 3370 2873 2873 2372 1683 2010 2218 2218 2539 2539 2608 2608 2725 2733 2313 2313 1683 1405 1405 1442 1541 1418 935 935 997 1008 1086 1106 1349 1521 1483 2333 2333 3046 2951 2666 2666 2894 2836 3068 2832 2832 2925 2583 2881 2881 3275 3275 3080 3175 3086 3086 2862 2900 2802 2718 2788 2744 2744 3102 3586 3586
1739 1816 1766 1766 1731 2278 3290 3180 1538 1497 1497 1497 1594 1594 1553 2227 2655 2867 2867 4184 3655 4078 3845 3845 2873 2873 2372 2372 2674 3106 3106 2877 2877 2608 2608 2754 2546 1965 1172 1172 1288 1307 1442 1268 1418 990 955 962 987 1116 1116 1046 1202 1483 1627 2410 2245 2967 2682 2835 2835 2621 3068 2666 3074 2836 2583 2617 2796 3132 2983 3155 3259 3061 3061 2862 2846 2433 2583 2829 2527 2857 3586 3586 3775
1882 2955 1866 2292 3105 3320 3290 2476 1561 1552 1552 1766 1766 1767 1553 2227 2472 2472 2472 3178 2750 2750 3845 3283 3283 3942 3942 3709 3709 2784 2877 2877 2320 1471 1318 1318 1196 1401 1172 1288 1288 1410 1410 1232 1258 1258 1111 962 1079 1079 1009 1124 954 1026 1368 1368 2245 2154 2416 2416 2611 1963 1854 2477 2477 2290 2575 2575 2705 2705 3082 3082 3222 3206 3044 3044 2785 2785 2617 2483 2623 2623 3088 3878 3878
1882 2432 2985 2985 3309 3309 2182 2182 1722 2083 2083 1766 1766 1767 1767 1739 1643 1643 1508 1508 2950 2950 3829 4138 4138 3408 3408 2262 2262 1862 1643 1643 1098 1471 1318 1318 1608 1401 1401 1539 1539 1546 1546 1379 1258 1258 1111 1111 1158 1158 1094 1222 954 1005 1005 1403 1403 2048 2525 2973 2973 2515 2397 2397 2388 2600 2122 2122 2485 2226 2574 2783 2975 2975 2966 3211 3211 3034 3034 2506 2506 2659 2659 3152 3653
1493 2274 2804 2804 2715 2715 2235 2235 1722 2083 2083 2056 2056 1573 1573 1478 1172 1643 1508 1508 1315 1315 2719 3474 3474 2303 2303 1884 1884 1881 1643 1643 1098 1098 1205 1205 1686 1755 1755 1498 1498 1758 1546 1379 1400 1400 1241 1241 1319 1319 1094 1222 1222 1127 1127 1079 1079 1456 2222 2222 2680 2680 2558 2558 2388 1992 1992 1877 2123 1739 1903 2115 2661 2580 2580 2821 3033 3033 2534 2534 2528 2528 2816 2816 2780
1696 1887 1638 1638 2483 2483 1986 1986 2339 2688 2688 2118 2118 1591 1591 1478 1172 1172 1140 1158 1170 1170 1412 2140 2140 1875 1875 1593 1884 1881 1644 1644 1271 1271 1372 1372 1694 1673 1673 1498 1498 1758 1758 1326 1112 1112 1302 1241 1319 1319 1443 1746 1764 1726 1726 1357 1357 1211 1211 1637 2283 2680 2558 2558 2254 2254 1843 1528 1528 1739 1739 1903 2128 2377 2440 2440 2367 2742 2119 2581 2306 2701 2588 2635 2599
1696 2505 2278 1638 2483 2483 2717 2717 3743 3504 3504 2118 2118 1591 1518 1462 1350 1240 1158 1158 998 998 1165 1774 2226 1875 1875 1593 1593 1743 1740 1740 1946 1954 1372 1372 1694 1673 1673 611 611 798 798 910 910 1112 1302 1324 1264 1514 1514 1676 1644 1644 1577 1577 1305 1305 1703 2283 2283 2577 2577 2219 2219 1771 1654 1528 1603 1603 1650 1604 1604 2377 2119 2509 2118 2371 2215 2215 2125 2315 2315 2386 2386
