includes/gis/MODIS_ASCII/mod13q1_ndvi_2017_305.txt
ncols         829
nrows         925
xllcorner     164106.58989296
yllcorner     9637524.0094144
cellsize      264.9945474373
NODATA_value  -9999
[rows 646 to 683 of 925, columns 255 to 339 of 829]
2768 2376 2392 2392 2962 699 699 887 969 3252 3252 3214 3214 2787 2370 2319 2032 2032 4731 2722 2722 2815 1066 1948 2220 3715 2855 2801 2801 2539 2273 2273 2138 2510 2510 2170 3602 1472 1016 1138 568 4535 3198 2813 2966 2966 2716 2716 2554 2509 2509 2797 2712 2947 2975 3157 3357 3357 3757 3245 3188 3197 3197 3204 3173 3173 3062 2903 3057 3087 2979 2776 2934 2902 2936 3324 3055 2316 3159 3083 2483 2932 4710 3366 3728
1229 2554 1767 1767 2296 495 436 565 640 985 985 2698 2698 2952 2147 2301 2348 2240 4192 2803 2803 2815 1856 1875 2220 2896 2352 3308 2483 2539 2333 2279 2820 2820 3872 3767 3767 3509 3509 1822 2644 2644 3198 2255 4174 4174 3048 2774 3909 3565 3485 3485 3207 3130 3130 3096 3392 3367 3367 3435 3139 3313 3331 3331 2898 2947 2981 3262 2813 3075 2749 2740 2740 2885 3128 3242 3806 3806 4191 4116 4293 4293 3378 3268 3756
1429 1758 1893 1893 1100 1100 436 565 640 664 664 3596 3596 3238 2113 1334 4303 2377 2377 3186 3030 2681 1951 2709 2709 2171 2171 1790 2119 1687 2160 2279 2956 2956 4739 4739 3951 3700 3913 2820 3591 2644 5311 2255 2255 4174 2689 2783 3909 3909 3375 3174 3207 2995 2995 3291 3420 3420 3446 3119 3367 3259 2777 2777 2968 2945 2933 3252 2887 2881 2881 2823 2861 2861 3621 4306 3453 4002 4002 3343 3538 3042 3118 2802 3756
2330 2422 1790 1393 1393 1393 3039 2803 2803 2826 2818 1667 837 837 3274 3169 4303 2377 2377 3186 3143 3143 2609 2646 2407 1694 1406 1290 1315 2368 2393 2486 2370 2370 2616 2616 3441 3647 3647 3535 3996 982 982 1564 927 2259 2650 2292 3296 3296 3375 3174 3174 3240 3240 3916 3508 3483 3483 3377 3260 2870 2483 2419 2578 2787 2814 2814 2997 2978 3099 3099 4021 4021 3480 3859 4105 3134 3792 3792 3792 3034 3034 3210 4332
2830 2830 1790 1967 1302 1302 1585 2884 3386 3386 3411 848 848 1014 2848 3046 4365 2827 3099 2447 2317 1433 865 3030 2845 1153 836 723 1315 2368 2456 2393 2237 2423 2434 2531 3409 4655 3419 3184 3184 2397 1506 3253 2848 3081 3081 2296 3296 3296 3772 2826 2707 2268 2268 2728 2490 2336 2336 2568 2903 2711 2584 2419 2419 2700 2847 2405 2082 2512 2978 3300 4476 4476 3319 3319 4188 4188 4046 4046 2963 2981 2896 3210 3943
2895 2089 1767 1767 1987 1987 2457 2457 3028 3281 2861 2861 1492 1592 187 357 3437 3607 3545 1911 1536 1408 2867 2378 2167 2781 4048 2598 2644 2644 2456 2608 2104 2464 4140 3258 3258 3105 2947 4072 4072 3007 3262 3262 3466 3323 1735 1198 3081 3081 2869 2065 2677 1925 2377 2538 2417 2279 2154 2154 2085 2711 2584 2672 2490 2490 2490 2109 2109 3028 2620 3597 5686 5686 4181 4040 4123 4123 4067 3061 2611 2685 2660 2524 2887
2710 2710 3727 3157 877 877 2477 2716 2899 2874 3723 946 846 2154 696 282 2559 2802 1440 2871 1536 1536 2137 2378 3551 2781 4048 2831 2850 2727 2666 2747 2355 2464 3480 3322 2933 3077 2824 2911 2911 3187 3278 3262 2802 1290 2817 2817 2717 2375 2375 2283 2778 1971 1893 1823 2520 2222 1892 1892 2085 1970 1970 2040 1358 1358 1358 1466 2109 3028 2620 3118 3926 3926 3736 3736 3796 4320 3516 2828 2488 2477 2439 2439 2527
3058 2677 2677 2725 2725 2865 2631 2796 2576 2916 3031 1751 846 591 1831 463 2372 2957 3246 3185 1986 2984 2137 2137 2272 3628 3628 2831 2850 2609 2627 2583 2406 1391 2708 2886 3113 3113 2714 2574 2527 2695 2514 2555 2555 1020 3295 3295 3097 2621 2283 2283 3086 2526 1893 1765 1897 1679 2053 2138 2138 2662 2426 2635 2472 2403 2886 2645 120 2207 2002 3843 3566 3151 3510 3583 3533 2603 2603 2862 2642 2559 2564 2562 2562
2392 2118 2118 2540 3196 3196 2733 2327 1932 717 1751 1751 594 1071 1071 508 674 2343 3322 2929 3185 2984 2984 2212 2197 2106 2106 2752 2805 2617 2508 2633 2406 2322 2622 2692 2880 2660 2501 2574 2500 2500 2364 2731 2450 2450 2459 2573 2573 2591 2566 2451 2451 2173 2168 2025 1897 1679 2053 2275 2275 2597 2426 2635 2635 2611 2403 2244 159 2103 2103 3459 2306 777 4014 3419 3289 3038 3038 2995 2817 3028 2964 2690 2560
2246 2516 2516 2405 2115 2115 2733 2255 1430 717 4865 3122 3122 743 776 3377 674 674 3239 2061 3146 750 2493 3305 2285 2168 2159 2435 3001 2831 3189 1340 3221 2964 2504 2504 2557 2672 2660 2512 2475 2475 2296 2044 1896 1896 2131 2194 2194 2268 2290 2242 2242 2173 2310 2025 1977 1977 2190 2650 2274 2190 2707 2919 2077 1817 1941 1941 1680 1639 2103 2607 2029 1304 3419 3419 2838 3314 3093 3093 3394 3555 3169 2676 2560
2105 1549 1216 1312 2259 2115 1052 1490 1252 2342 2360 2400 2350 2355 2320 2741 2659 1850 5942 3471 3471 1394 2820 1033 2467 2335 2599 2727 2727 2861 3189 3110 2912 2529 2505 2736 1720 577 2806 2505 2548 2411 2411 2245 1896 2134 2147 1855 1949 1949 2179 2220 2242 2181 2223 2223 2412 1927 1853 2379 2430 2438 2531 2498 2386 2406 2649 2367 2315 2384 2513 2614 2887 3630 3180 3180 2838 2800 3047 2978 2978 3017 2934 2676 2784
2105 2105 2322 1989 2259 2259 1683 1490 1252 2145 1515 2332 2350 2634 2437 2486 2423 2051 2651 2980 1394 1394 2440 551 1353 2356 2623 2822 2861 2861 3055 2977 2683 2358 2383 2827 1720 760 2824 1801 2058 1995 1995 2245 2138 2489 1882 1996 1728 1728 2179 2220 2165 2165 2139 2493 2493 1998 1888 1618 2366 2594 2597 2404 2372 2406 2406 2399 2284 2435 2420 2338 3333 4138 3220 3238 3123 3279 3285 3266 3133 3133 2934 2769 2711
4141 4081 2610 2363 2187 2514 1683 1422 1250 1799 1799 2332 2508 2761 2687 2353 2184 1987 2592 2592 2377 2377 2110 2110 3156 2332 2636 2822 2926 2926 2958 2739 2558 2408 1941 2827 4381 2836 2836 2468 2468 2705 2705 3124 3124 2624 1923 2059 2059 2132 2241 2241 1331 1578 1853 2257 2717 2098 2039 2455 2455 2594 2594 3059 2969 2601 2383 2383 3030 2876 2612 4127 4127 3487 2918 2688 2900 3017 3285 3043 2988 2931 2931 3154 3139
4141 4141 2435 2573 2187 2187 1968 2145 728 1364 2134 2087 2317 2638 2733 2655 2721 2192 1781 1269 1995 1995 1995 854 3156 2636 2636 2762 2761 2570 2570 1247 2517 2408 1541 3161 2455 591 591 2400 2400 2624 2624 3048 3599 2624 1923 2253 2273 2273 1899 1899 2210 2210 2630 2864 2864 3035 3035 3402 2651 2819 2459 2912 3029 2066 2758 2239 2239 2690 2739 4127 3890 3487 3849 2259 1796 2098 3282 3089 2988 2964 3024 2999 2999
2610 2520 2266 2573 1758 1758 1961 2471 885 994 994 2014 1237 2463 2736 2413 2721 2457 2281 1067 1995 1995 1995 2378 2402 3571 3179 2256 2324 1623 1512 1247 1288 1995 2816 2367 2722 2263 2200 2200 2437 2624 2624 2391 3381 2255 2139 1961 2002 2002 2004 2004 2351 3225 3225 2864 2864 3035 3035 3312 2651 2532 2391 2609 2236 2236 2180 2253 2352 2426 2583 3482 3482 3871 3221 2279 2473 2969 2794 3288 3062 2647 2644 2538 2611
2610 2520 2266 2266 3098 3290 1669 1669 1610 1836 1720 2395 2395 2767 2448 2448 2368 2537 2477 1563 2165 2165 2088 2501 2469 2850 3333 2360 2360 2149 1512 837 1596 2197 2948 2701 2710 2263 2594 2338 2338 1991 1992 1741 1910 3381 2977 2712 2229 2024 2024 2253 2351 3225 3225 2739 2739 2633 2633 2224 2224 2008 2291 2574 2332 2212 2212 2143 2263 2263 2837 3653 3200 3236 3236 3283 3308 3533 3436 3704 2938 2938 2739 2616 2895
1879 2539 1916 1898 4281 4206 1669 1669 1864 1575 1575 2375 2395 2711 2546 2159 2159 2589 2541 2170 2761 2165 2088 2501 2356 2850 2850 3436 2590 2574 2434 856 2126 2132 1905 2702 3557 3557 2806 2570 2283 1447 1992 1937 1937 3591 3138 2823 2541 2024 2024 2253 2253 2636 2636 2390 2237 2237 2633 2241 2283 2373 2490 2441 2735 2735 1390 1390 3130 3511 2985 3429 3447 3718 3667 3564 3741 3518 3436 3206 3113 3113 2944 3021 2895
2070 3127 2892 3989 990 1259 3774 1257 846 1783 2037 2098 2552 2610 2546 2360 2446 2499 2373 2446 2761 2761 2367 2367 2159 2112 2300 3011 2590 2630 2748 2748 2723 1884 1884 2720 2826 2666 2666 2626 2774 1447 1708 2184 2184 2429 2429 2823 1688 875 2635 2398 2326 2537 2537 2541 2056 2138 2390 2390 2452 2270 2399 2915 2390 2413 2572 3266 3094 3094 3036 3278 3363 3576 3281 3604 4200 3518 3261 3209 3147 3147 3246 2408 1725
2070 1627 1863 2430 1730 1259 1912 825 976 2263 2263 2208 2478 2610 2613 2362 2381 2438 2297 2397 2934 2934 2495 2495 2159 2138 2751 3279 2789 2513 2557 2530 2530 1884 2720 2720 2577 2556 2620 2620 2850 2401 2368 2184 2184 2429 2429 2390 1917 908 2552 2518 2326 2537 2537 2541 2060 2293 2706 3971 2894 2894 2911 2966 3488 2616 3007 3007 3498 3173 3290 3328 2982 3239 3318 3515 3873 4275 3690 3224 3112 3043 3246 2408 1832
2714 2714 2015 2430 2430 2360 4170 1710 2699 2699 2190 2190 2478 2639 2643 2731 2593 2267 2458 2397 2338 2644 2610 2192 1928 2138 2186 2186 2529 3070 2513 2712 2615 2792 2974 2974 2686 2549 2641 2763 2663 2980 2637 2524 2524 2345 2345 688 1474 2348 2555 2555 3296 3296 2722 3732 4530 4273 4206 3971 3709 3419 2958 2958 3589 3393 2660 3177 3177 3580 3814 3419 4250 3246 3281 4415 4810 3607 3279 2929 2689 2942 2971 2990 2990
2844 2844 2015 2575 2428 2428 2641 2422 2990 2699 2109 2295 2312 2455 2297 2331 2785 3169 2130 2681 3217 3217 2950 2526 2253 2040 1932 2182 2182 2697 2439 2555 2615 2559 2625 2625 2783 2572 2734 2763 2936 3272 3001 1822 1822 2814 2876 931 764 2348 3432 3432 3628 3893 3893 3362 3362 3403 3403 4205 3953 2477 2477 1455 3758 3393 3062 2712 3342 3342 3970 3685 4906 3246 3362 4415 4810 3198 3784 3437 2524 2524 2521 2426 2602
2844 2844 2287 2287 2377 2343 2343 2319 1386 1386 2674 2674 904 2189 2189 2860 2765 3007 2146 2548 3273 3316 3316 2875 2253 2700 2259 2128 2233 2233 1950 2257 2501 2560 2594 2594 2519 2667 2734 2664 2754 2757 2681 941 941 2418 2630 2630 2775 2790 4345 4465 3628 3893 3893 3608 4133 4339 4339 3955 4227 1118 1118 2232 5237 3599 3499 2627 2661 4349 4105 3339 3907 3760 3424 4679 5177 3526 5305 5305 3315 2599 1718 1718 2332
2265 2265 2131 2131 2218 2481 2442 2116 2199 2199 3984 3984 3956 2596 2686 2559 2559 3007 2672 2740 3020 3145 2612 2875 2527 2759 2681 2352 2328 2132 1950 1585 2219 2417 2801 2434 2434 2339 2711 2721 2432 2493 1803 1571 2392 3096 4045 2630 2775 9415 4345 4465 4465 4667 3575 3575 2989 3785 3498 4327 4327 3895 3178 3613 4536 4704 2862 816 3433 3433 4394 3339 4023 4095 3922 5417 5427 5427 5230 4428 4428 4089 4133 3378 3378
2265 2265 2265 1983 2504 2058 2234 2307 2199 2835 2835 2762 2762 2445 2425 2323 2830 2830 3008 3073 2984 2927 2837 2257 2257 2649 2804 2637 2277 2132 1216 1351 1351 2341 2562 2531 2530 2405 2439 2439 2578 3034 2366 2392 2392 2561 5133 2292 2292 9415 4701 3908 3497 3497 3103 3103 2989 3418 3411 4329 3621 3621 2452 2921 4536 4845 2502 2502 2867 2867 4394 4484 5154 5223 5223 4602 4602 4602 3102 3102 4428 4089 4089 3792 3792
2491 2491 2297 2498 2467 2055 2147 2424 2424 2405 2349 2427 2055 2269 2522 2323 2396 2636 2824 2928 2878 2832 2837 2412 2297 2731 2977 2700 2277 2229 2190 1965 2140 2444 2636 2612 2802 2816 2929 2605 2605 2757 2366 2167 2111 2245 2346 1043 1043 824 4274 4274 3605 3605 3103 2667 2667 2414 3651 2951 3036 3304 2352 3178 3178 5272 3063 3983 3565 3499 2750 4088 2483 3997 5010 5010 5473 4654 4964 3102 1977 3126 3126 2465 2465
2491 2491 2888 2708 2467 2465 2284 2427 2404 2404 2304 2402 2402 2400 2716 2513 2401 2443 2672 2760 2783 2832 2919 2684 2616 2939 2998 2700 2177 1978 1777 1907 2197 2312 2636 2829 2905 3011 3103 3168 2448 2448 2100 2111 2111 2933 996 698 315 6250 2581 4274 3605 3050 3050 2883 2883 2269 3491 2305 1399 2953 2554 4876 4876 4885 4885 3549 2985 3735 4324 2911 1239 5397 5077 5077 5140 4213 5137 1518 1181 3126 3333 2720 1972
2671 2671 2795 2708 2646 2592 2592 2317 2360 2360 2116 1899 1662 1208 2009 2009 2712 2636 2803 3019 2783 2514 2783 2711 3139 3291 3029 2498 2498 2160 1870 1881 2118 2312 2195 2291 2623 2998 3626 3727 2741 2564 2536 3990 3990 2920 1139 948 948 2181 2042 2967 2967 2967 3019 3019 1703 729 3002 2309 1954 774 774 4611 4858 4996 4996 4196 3179 3344 4178 4178 5974 5974 5583 4766 5815 5140 4923 4923 2958 3432 3432 3055 2635
2671 2671 2795 2795 2467 2416 2270 2212 2360 2297 2197 2376 2445 2445 2403 2142 2142 2554 2659 3019 2612 2686 2686 2746 2552 2882 3029 2349 2163 2163 1998 2176 2024 2288 2186 2253 2511 3036 3650 3727 2741 2910 3041 3569 6897 3354 2253 948 948 2181 2990 4227 4227 4388 4388 2264 2264 2264 1930 3963 3963 3462 2952 1668 2864 2616 5059 3339 3179 3344 3214 3214 4812 5974 5583 5998 7313 5248 4694 4694 3224 1607 1607 1964 2635
2535 2280 2280 2009 2309 2202 2400 2400 2458 2545 2608 2705 2817 2497 2324 2324 2377 2234 2454 2767 2371 2398 2454 2313 2313 2882 2829 2105 2145 2264 2176 2176 2024 2211 2112 2453 2882 2882 3650 4540 3410 3850 7277 2143 1901 4923 4923 1702 797 415 993 670 4297 4297 5161 4672 4672 4316 1930 3792 3792 3462 2952 3523 7247 4313 5453 4893 2254 6981 2749 2749 5144 4812 4736 4736 4513 4513 4033 4458 3218 3224 2971 1632 1648
2298 2531 2253 2253 2227 2268 2400 2483 2519 2746 2490 2506 2914 2778 2778 2820 2749 2741 2566 2470 2353 2292 2147 2454 2245 2245 2343 2318 2318 2130 2136 1780 1780 1759 1955 2915 2915 2424 3106 3607 3848 4466 3668 2143 1901 2837 2837 2020 784 5293 5293 5131 1124 1822 4278 3987 4672 4316 4626 3422 3422 1387 3523 3963 4402 5333 1656 1081 4663 4663 1472 3232 5144 5144 4728 4736 4513 4513 3882 2501 2501 2644 4717 4717 2900
2618 2400 2069 2248 2260 2268 2620 2858 2711 2754 2720 2671 2881 2661 3015 3015 3024 2741 2778 2778 2673 2571 2260 2454 2355 2319 2319 2118 2478 2337 2136 1903 1898 1898 2063 2797 2597 2846 2880 3928 6416 4718 1272 1570 1570 2837 2837 1152 784 5663 5663 4399 1088 1552 3676 3676 763 3258 3896 572 572 1387 1387 3963 4402 4443 5266 425 5773 5773 840 3232 5215 5215 4027 4027 4099 3503 2865 2325 1035 1078 2883 2883 3097
2468 2246 2243 2407 2299 2642 2828 2984 2739 2754 2720 2814 2807 2418 2274 2274 2591 2618 2505 2281 2012 2071 2117 2125 2193 2249 2347 2347 2664 2337 2063 2061 2131 2591 3098 2764 2242 2577 3381 3178 3869 4232 5706 4369 2607 2220 3988 496 1085 313 791 5663 4372 4372 4372 2557 2557 3476 2611 2586 3620 2874 2344 3435 3435 5916 2746 436 2154 2154 5644 4435 5135 5135 4177 4099 4099 1808 1808 1254 1310 3234 4998 4998 2940
2008 2008 2301 2301 2342 2716 2716 2725 2610 2793 2769 2693 2454 2008 2062 2650 2591 2419 1937 1858 1989 2008 2117 2284 1824 2045 2142 2231 2664 2412 2335 2289 2195 2260 2493 2642 2418 2849 3119 3464 3662 4205 4205 3710 1792 1001 1001 646 1638 392 482 2021 4246 4246 2024 2024 2024 1600 3229 3110 3875 2376 2222 3435 3435 4292 4322 5423 5423 3919 8966 8966 4111 4111 4156 4079 4079 1459 1459 1225 1310 6277 6277 3480 2940
2123 1791 2308 2427 2427 2567 2567 2466 2610 2735 2750 2507 2239 2426 2062 2650 2650 2283 1758 1841 1985 2008 1973 2201 2079 2101 2323 2284 2566 2597 2597 2593 2642 2633 2493 2453 2623 2623 3168 3880 3869 4311 2180 2180 1181 950 534 516 516 1007 4201 3847 1922 1734 1368 1368 2241 3083 3600 3384 592 1923 1764 4133 5950 4292 4322 8487 5423 3919 5194 5194 3320 3320 4156 5072 5072 1459 1459 820 820 1254 621 1827 2306
2266 2224 2015 1563 2272 2400 2466 2466 2523 2753 2974 2812 2267 2426 2517 2596 2582 2390 2164 2433 2442 2197 2271 2475 2475 2414 2395 2427 2368 2634 2782 2782 2682 2633 2652 2494 2337 3285 4221 4221 3869 4311 1521 634 948 814 814 782 516 1007 2415 2415 4027 4401 1538 1538 2297 4777 2525 2525 1304 2366 2647 5103 5039 4564 3634 4040 4464 3190 3685 3565 3320 3320 3909 4532 4532 3594 3594 2027 2027 1263 1254 2035 2509
2282 2282 1713 1725 2272 2272 2320 2320 2317 2425 2752 2739 2267 2486 2537 2459 2370 2370 2471 2466 2753 2736 3315 3586 3586 2414 2395 2371 2173 2536 3016 2911 2682 2704 2570 2478 2345 3936 4605 4520 4520 4937 679 1679 4632 2197 696 644 644 516 516 516 4401 1860 2307 2471 5752 6087 3721 2525 4383 3503 4096 5103 4146 4146 3096 2652 4911 2949 3685 3685 2708 2398 2666 2666 4532 4702 4702 3313 3878 3878 3837 1305 1178
2099 2226 2453 2328 2321 2388 2201 2192 2192 2314 2484 2419 2363 2375 2394 2815 2566 2560 2560 2645 2887 3030 3271 3115 2247 2038 2038 2090 2123 2331 2504 2612 3087 3087 3124 2901 2583 3642 6066 6558 5408 4309 2557 622 5029 4057 696 1004 1004 819 819 351 351 1316 2307 2471 5752 6087 6034 5913 4641 4534 4534 6355 6013 6013 4650 3827 4911 2949 1933 1440 6125 7289 7289 4405 1076 1369 4702 4171 3941 4067 3079 2354 2437
2076 2226 2390 2530 2356 2388 2430 2285 2285 2320 2484 2274 2145 2361 2572 2815 2840 2564 2623 2623 2874 3015 3271 3115 2247 2347 2286 2513 2513 2507 2562 2612 3083 3087 3060 3060 2851 3642 6066 6174 6174 5642 1601 3076 3988 5237 4267 1717 1132 1132 1132 351 679 1316 2182 2327 2574 2153 2270 2114 4868 4239 4076 6595 6302 4743 4743 3556 2328 1751 1933 1440 4660 4660 5489 5489 606 4145 1829 2271 1208 4067 2408 2354 992
