includes/gis/MODIS_ASCII/mod13q1_ndvi_2010_033.txt
ncols         829
nrows         925
xllcorner     164106.58989296
yllcorner     9637524.0094144
cellsize      264.9945474373
NODATA_value  -9999
[rows 836 to 873 of 925, columns 168 to 251 of 829]
3270 3267 3160 2556 2556 1942 2003 2202 2584 2584 3216 3627 3901 3554 3743 3899 2589 2146 2138 2138 2578 3652 4187 3651 3651 2726 2231 1938 1884 2011 2011 1831 2034 2339 2339 2445 3050 3604 3845 3713 3896 3298 3298 2663 2663 2212 2471 2471 2808 2913 2828 2838 3305 3650 3040 3039 2649 2649 2614 2717 2758 2902 2902 3142 3461 3461 3203 3636 3560 3275 3676 3676 3665 4118 5147 3849 2711 2873 2823 3229 3229 3949 4324 4324
3410 3267 3372 3478 2848 2542 3227 2202 2491 2491 3040 3827 3927 3729 3729 3899 3670 3337 3350 3923 3923 4894 5503 5669 4784 4784 3384 2877 1884 2011 1822 1822 1714 2132 2132 2486 2296 2803 2998 3264 3283 3283 3289 3390 2875 2135 2724 2724 2883 2578 2665 2665 2583 2627 2350 3511 3428 3428 2614 2717 2717 3239 3408 3408 3628 3427 3203 3834 3904 3970 3729 3667 3667 4118 5147 5147 4039 2261 2405 2263 3523 3523 4004 4602
3410 3336 3244 3385 3046 3046 3227 3160 3072 3306 3306 4103 3848 3357 3729 3556 5118 4764 4314 3362 2882 3537 3531 3839 4226 3729 3729 2877 2666 2553 2762 2762 3041 3327 3327 3183 2296 3162 2998 2465 3231 3416 3289 3390 2596 2617 2128 2128 2596 2326 2513 2901 2285 2363 2045 2701 3148 3356 3356 3407 2813 3014 3556 3556 3628 3427 3427 3330 3580 3910 3347 3667 3667 3191 2897 2577 2577 2782 2782 2263 2416 2416 3539 3588
3212 3212 2991 2913 2959 3196 3487 3170 2926 3216 3048 3048 2764 3035 3299 3798 3798 4125 3815 3362 2882 2776 3220 3937 4536 4309 3105 3105 3319 3333 2923 2923 2992 3238 3183 3183 2879 3950 2608 2317 3231 3629 3629 3883 3480 3480 2195 2195 2270 2162 2162 2452 2410 2410 2254 2701 3148 3658 3658 4039 3583 3583 3556 3556 3855 3610 3666 3666 3620 3546 3347 3547 4000 4000 3337 2733 2577 4468 2782 2322 2294 2294 3003 2768
3413 3413 3028 2833 2829 3196 3669 3572 3666 3416 3281 3060 3269 3269 3648 3830 4140 4140 3815 3454 2985 2899 2911 3213 3513 4309 3989 3029 3029 3076 3030 3270 2992 3238 3341 3341 3295 3540 2133 1979 2895 3594 3640 3640 3330 3326 2843 2195 3001 2563 2563 2150 2043 2299 2254 2470 2470 2795 2757 2757 2820 3603 3229 3653 3653 4136 3929 3929 3491 3392 3381 3770 3671 3671 3595 2733 2476 2476 4094 4688 3728 2850 2850 2768
4531 3655 3655 3153 3018 2853 3965 4452 4452 4242 3281 3376 3095 3228 3458 3692 3523 3351 3933 3845 3551 2921 5183 5183 3590 3496 2871 2871 2936 2657 2797 3270 3270 2977 2732 2572 2572 2408 2215 2421 2756 3661 3597 3597 3330 3148 3092 2726 2253 2249 2453 2453 2334 2299 2260 2598 2598 2988 2860 2860 2820 3603 3958 4399 4015 4015 3825 3835 3835 3652 3660 4056 3928 3671 3595 3679 2828 2828 3074 4094 3243 2801 2850 2386
4531 4145 3791 3791 3556 3707 3121 4532 4532 4340 4031 4031 3517 3336 3182 3692 3772 3351 2873 2873 2346 2209 2678 4130 4358 2774 2903 2903 2932 2475 2701 3220 3137 3137 3067 3125 2572 2494 2557 2723 2788 2788 3597 3597 3176 3086 3123 3306 2726 2523 2766 2453 2334 2244 2377 3020 3020 3219 2860 3112 3112 3509 3781 3694 4015 4015 3733 3798 3798 3752 4100 4056 3928 3449 3449 3578 3204 3204 3074 3142 3243 2801 3052 3052
3729 3730 3918 3918 3556 3707 3707 3904 3904 4011 4752 4752 4194 3783 3440 3608 3877 3679 3301 3328 3328 2822 2088 2503 2179 2179 2782 3337 3337 2615 2317 3066 2966 2966 3067 3125 2874 2874 3501 3051 3207 3396 3756 3280 3280 3177 3122 3202 3238 2523 2766 2775 2775 2665 2477 2861 2697 2697 2664 2664 2664 3374 4423 3694 4055 4504 4504 4420 4448 4448 4321 4100 4046 3451 3451 3228 3300 2868 3016 3219 3219 3113 2820 2820
3268 3727 3918 3918 3907 4164 4164 4067 4067 3755 4752 4576 4735 3727 3440 3681 3885 4095 3505 2971 2971 2694 2088 1946 2274 2127 2171 3369 3035 3035 2487 2576 2966 2506 2506 2671 2408 2408 3051 3051 3207 3260 3837 3917 3917 3546 3272 3202 3938 3938 2870 3075 2986 3122 2858 2815 2488 2438 2438 2434 3107 3374 4423 3894 3329 3214 3214 3432 3504 4448 4321 4494 4058 3763 3475 3475 3300 2868 2868 2646 2646 3451 3631 3744
3116 3727 3959 4853 4853 4211 4299 4299 3755 3755 4669 4674 4544 3727 3284 3553 3553 3700 3744 3873 2731 2322 2322 2638 2274 2427 2427 2736 3015 3015 2508 2576 2951 2793 2793 3008 2642 2642 2855 4240 3093 2781 3555 4426 4426 3546 3272 2823 3271 4436 4436 3120 3218 3122 2979 3080 2678 2786 2786 2780 3107 3107 3696 3337 3375 3454 3382 3432 3504 3810 3810 4645 4645 4156 3634 3475 3630 3746 4142 3569 3451 3451 3572 3744
3116 3116 3387 4709 4709 4744 3745 4299 3231 3231 4576 4860 4544 4038 3666 3160 3302 3412 4385 3408 3112 2791 3004 3004 3149 2503 2503 2276 2914 2914 2508 2963 3237 2917 2608 2608 2629 2855 2855 3864 3397 2339 3025 4426 3983 4080 4111 4002 3349 4436 4436 3844 3218 3218 3239 2940 2669 2937 2786 2780 2692 3271 3271 3163 3163 3454 3382 3382 3467 3492 3492 3980 4521 4156 4574 3772 3772 3659 4217 3569 3340 2974 2974 2947
3235 3235 3439 4159 4159 4744 3745 3745 3104 3104 4234 4860 4691 3490 3490 3544 2707 3412 2841 2841 2791 2946 3939 3503 3617 3082 2454 2454 2914 2932 2932 2866 3107 3147 2719 2608 2629 2590 2590 3023 3132 2897 3245 4264 4690 4690 4458 4500 3349 3794 4414 4414 4065 3383 3383 3015 2669 2937 2817 2817 2624 2505 2505 3337 3163 3431 3617 3604 3604 3528 3728 3728 4276 4276 4850 4195 4195 3804 4217 3728 2849 2865 2865 2902
3280 3126 3127 3836 4256 4256 3466 3355 3997 4159 4170 4233 4682 3305 2878 2878 2707 3123 3584 3236 3236 3324 3770 3384 2857 2866 2454 2454 2425 3421 3421 2770 3281 3147 2719 2719 2591 2621 3329 3329 3180 3180 3585 4252 4252 4450 4450 4500 3825 3265 4014 4014 4470 3277 3277 3096 2548 2761 2895 2895 2524 2635 2879 3337 3468 3468 3047 3076 3390 3705 3848 3988 4553 5352 5352 4891 3804 3804 3810 3447 3198 2835 2835 2902
3524 3146 3127 3816 3940 2591 2548 2857 3236 4055 4117 4112 4261 3528 3182 3250 2989 3099 3131 3451 3115 3115 3202 2972 2784 2866 3575 3575 3156 3578 3578 3360 3209 3454 3190 2837 2837 2473 3329 3329 3753 3753 3903 4402 4402 4450 4450 4218 4407 3519 4153 4381 4470 4278 3277 3096 2700 2700 2863 2825 2825 2635 2879 3227 3603 3622 3622 3076 3390 3390 3843 4121 4885 5441 5352 4891 3876 3876 3595 3551 3891 3918 2662 2662
3577 2837 3210 3255 3034 2548 2624 2861 3236 3327 3235 3287 3614 3927 3733 3250 3250 3319 3423 3719 3017 3115 2701 2972 2784 2571 3312 4010 4010 3418 3854 3854 3029 3096 3136 2566 2679 2473 2624 2624 2624 3791 3791 4515 4402 4215 4519 4631 4522 4104 3547 4381 4381 3854 3373 3786 3506 3035 2864 2716 3461 3461 3845 3602 3602 3622 3622 3612 3495 3495 3666 3971 4858 5441 5588 5588 4573 3920 3920 3810 3891 3918 2843 2843
3661 3129 3189 3230 3548 2548 2624 2922 2937 3259 3276 4270 3913 4045 3733 3671 3782 3396 3252 3141 3017 2903 2903 3027 2477 2468 3854 3963 3963 3816 3664 3479 3479 3108 3108 2566 2679 2679 2773 2562 2562 3941 3791 4515 4234 4257 4860 4860 4513 4104 3547 4285 4285 3943 3139 2690 2885 2657 2657 2985 3405 3405 3863 3812 3812 3497 3497 3570 3871 3562 3562 3780 4858 5191 5621 5621 5641 4587 4587 3810 3728 3452 3277 2880
3521 3029 3313 3230 3548 3284 3693 4000 3994 3476 2761 4270 4281 4112 4179 3982 3793 3367 3185 3141 2917 2945 3016 2843 2848 3761 3854 4354 4503 4460 4057 3983 4010 3108 3108 2896 2582 2582 2797 2467 2467 3941 3941 4419 4337 4453 4691 4691 4513 4170 3480 3744 4001 4001 3105 2690 2690 3145 3145 3869 4061 4061 4721 3812 4245 4934 4679 4679 4267 4154 3562 3780 4528 5010 5392 5392 6266 5669 4587 3997 3900 3885 3836 3248
3216 2992 3374 3488 3569 4162 4331 4226 4040 3456 2822 3029 3426 3498 4038 3918 3841 3531 3185 3160 3110 2914 2719 2843 2805 2848 3371 4063 4421 4410 4088 4059 3436 3436 2899 2866 2830 2691 2659 2593 2335 2335 3708 3708 3669 3816 3818 3945 3881 3959 3959 4165 4001 4001 3237 2637 3337 3424 3424 3992 5084 4721 4721 4578 4546 4894 5129 5129 4862 4154 4154 4039 4068 4418 4974 5182 6266 5794 5336 5336 4150 3760 3836 3912
2387 2992 3398 3815 3815 4369 4301 4458 4056 3456 3077 2770 3484 3702 3919 4068 3612 3665 3287 3550 3550 3201 3417 2883 3151 3189 3559 3579 3353 3617 3579 3982 3779 3808 3136 3119 3132 2691 2645 2645 2362 2400 3166 3166 3622 4104 4341 4500 4577 3731 3959 4165 4138 3545 3545 2968 3191 3191 4261 3992 5084 5513 5513 5398 5243 5243 4967 4862 4862 4752 4458 4458 3942 4780 4780 4828 5047 5047 5467 5221 5221 3969 3969 4186
2387 2676 3589 4214 4636 4636 4301 4458 4458 4029 3640 3130 4073 4336 4336 3755 3616 3616 3118 3036 3034 3034 3350 3758 3485 3443 3305 3321 3388 3617 3579 3621 3812 3812 3159 3159 3116 2843 2884 2979 2966 3066 2612 3235 3352 4111 4343 4436 3751 3751 4124 4204 4413 3720 3720 3189 3537 3191 4261 4261 4877 5449 5449 5721 5751 5429 4967 4985 4985 4897 4811 4364 4237 4265 4908 5224 4823 4823 4820 5221 5221 4194 4204 4021
2400 2712 3928 4652 4649 4636 3993 4274 3967 3967 3700 3420 3932 3797 3797 3888 3686 3331 3396 3157 3157 3031 2955 2955 3010 2974 3067 3071 3071 3100 3107 3148 3207 3277 3122 3180 3165 2476 2405 2405 2508 3044 2789 3109 3226 4203 4475 4475 4313 3862 3598 3771 3867 3644 3204 3204 3447 3688 4128 4662 4662 5228 5558 5558 5751 5429 5120 4543 4833 4833 4811 4364 4364 3891 4446 4957 4567 4283 4820 4920 4713 4713 4086 4086
2791 3402 4589 4652 4649 4043 4043 4185 3950 3967 3700 4016 4016 3929 3898 3898 3838 3331 3331 3181 3181 3221 3021 3021 3010 2974 2974 3155 2872 2748 2777 2860 2667 2579 2766 2862 2862 2708 2538 2477 2477 2625 2634 3094 3887 3887 4444 3911 3911 3916 3946 3941 3941 3545 3750 3771 3462 3470 3470 4441 4441 4588 5050 5283 5282 4910 5276 4697 4833 4833 4899 4487 3873 3873 4181 4181 4567 4283 4283 4491 4881 4881 4163 4086
3794 3794 4681 4961 3949 3854 3854 4252 3950 3990 3990 4912 4912 4340 3695 3898 3838 3584 3584 3126 2948 2948 3021 2687 2687 2488 2656 3030 2983 2987 2625 2568 2568 2275 2504 2842 3133 2688 2542 2395 2342 2345 2502 2834 3765 4360 4360 4068 3990 3958 3958 3927 3449 3449 3631 3767 3656 3187 3187 3951 4631 4634 4432 4725 4725 4887 5113 4957 4062 3890 4059 3805 3673 3673 3612 4181 4374 3993 3993 4184 4682 4682 4163 4163
4134 4434 4434 4028 3711 3855 4252 4252 3878 4127 4127 5153 5153 4340 3695 3756 3756 3479 3228 3105 2948 2948 2863 2722 2722 2516 2452 2950 2480 2550 2571 2306 2306 2309 2277 2842 3133 3309 3309 2707 2450 2450 2409 2766 3191 4287 4481 4518 4429 3894 3942 3928 3585 3604 3440 3648 3330 3330 3256 3985 4843 4762 4829 4404 4791 4791 4904 5054 3825 4140 4140 4105 3648 3647 3647 3713 3957 4056 4005 4005 4323 5133 5133 4215
4333 4648 4648 3801 3711 3855 4040 4040 3846 4086 4086 5030 4313 4313 3734 3726 3726 3625 3367 3367 3256 3256 3083 3272 3032 2538 2452 2685 2514 2252 2252 2566 2566 2566 2277 3041 3200 2858 2858 2632 2692 2450 2409 2541 2897 3860 3860 4713 3931 3931 4051 4220 4185 3673 3673 3683 3886 3818 3655 3939 4597 4861 5000 4516 4118 4118 3864 3871 3403 3487 4095 4095 4074 3680 3561 3485 3485 3866 3931 4175 4054 4085 4419 4549
4192 3458 3458 3801 3809 3975 3978 3978 4094 3911 4899 5030 4092 4092 3810 3657 3657 3639 3367 3253 3218 3406 3406 3272 3032 3032 2488 3123 3367 2745 2745 2323 2566 2566 2653 2813 3458 3415 2905 2905 2692 2628 2628 2595 2866 3690 4712 4713 4701 4135 4135 4334 4185 3795 3795 3611 3849 3849 4010 3846 4402 4520 4665 5128 5336 5085 3901 3430 3830 3365 3662 4253 4245 3973 3973 3482 3621 3370 3566 3942 3942 4028 4190 4757
3263 3052 3181 3181 3819 3819 4285 3839 3839 3911 4899 4899 4011 4011 4144 3849 3790 3790 3395 3506 3463 3018 3406 3303 2945 2411 2411 2680 3470 2745 2894 2894 2666 2720 2720 2918 3151 3505 2905 2905 2528 2749 2749 2979 3647 3647 4727 4918 4918 4508 4508 4264 4793 4092 3511 3511 3445 3660 4010 3765 3874 4148 3998 4800 4531 4531 4602 4133 4062 4062 3970 4056 4247 4036 3496 3225 3452 3517 3685 3888 3980 4018 3982 4623
3278 2906 2957 2957 4128 4128 4278 3839 3839 4023 4908 4908 4585 4063 4063 3960 3705 3705 3550 3887 3463 3018 2786 2786 2525 2305 2305 2663 3470 3449 3194 3194 3113 3151 3151 2947 3151 3505 2946 2946 2611 2585 2680 2833 3321 3321 4134 4631 4631 4700 4264 4264 4175 3988 3388 3388 3445 3660 3660 3802 3678 3718 4203 4482 4482 4734 4331 4331 4359 4313 4015 4187 4103 4103 3513 3304 3480 3819 3819 3804 3936 3945 3945 4450
3907 2730 2766 2766 3699 4128 4278 3406 4331 4331 4805 4447 4885 4098 4098 3891 3483 3493 3493 3887 3559 3055 2566 2566 2484 2293 2293 2663 3955 4272 3789 3789 3941 4041 3758 2947 3099 3644 3441 3035 3035 2585 2680 2680 2943 3064 3287 4208 4631 4700 4276 4276 4240 4189 3388 3388 3267 3332 3778 3778 3893 3718 4203 4953 4953 4941 4674 4674 4123 4427 4427 4197 3925 3925 3859 3923 3429 3637 3746 3746 3704 3858 3996 4197
3326 3326 2600 3599 3599 3028 3028 3237 4382 4382 4805 4447 4179 4221 3876 3876 3585 3711 3493 3830 3569 3427 2872 2591 2591 2293 2567 2567 3482 4197 3763 3860 3941 3564 3282 3655 3482 3692 3580 3035 3035 2915 2844 2942 2942 3019 3287 4208 4659 4659 4652 3977 3977 4189 3704 3604 3604 3513 3733 3733 4281 3893 3983 3831 4304 4304 4762 4399 4611 3875 3875 3880 3634 3826 3826 3923 3874 3980 4025 4025 3803 3821 3858 3787
3195 2838 2838 3597 3945 3182 3182 4075 4045 3778 3778 4109 4536 4312 4302 4302 3585 3711 3812 3812 3395 3474 3447 2591 2591 2181 2378 2378 3197 4545 4146 3741 3786 3786 3398 3383 3285 3724 3580 3209 2985 2985 3008 3199 3199 3019 3019 3530 4223 4223 4750 4308 4308 4089 4106 4000 4000 3834 3870 3932 3932 3982 3982 3644 3753 4304 4394 4399 4399 3607 3547 3547 3689 3826 3826 3880 3990 3987 4078 4207 4207 3821 3493 3493
3273 3337 3337 4605 4710 3945 3256 4075 4045 3897 3897 4497 4379 4379 4302 3695 3695 3576 3830 3830 3317 2925 3447 3054 3054 2323 2366 2575 2726 4523 4950 4058 3570 3570 3188 3383 3383 3724 3724 3483 3133 3133 3063 3196 3199 3085 2909 2909 3018 3708 3708 4308 4308 4018 4172 4123 4124 4124 3955 3854 3854 3848 3848 3644 3753 3988 3988 4073 3865 3849 3202 3202 3689 3703 3703 3791 3983 4017 4039 4207 4207 4112 3454 3894
3882 4060 4060 4492 4710 4710 3256 3256 3576 4124 4124 4682 4507 3714 4062 3744 3744 4097 4440 4440 3787 2925 2580 2914 3093 3093 2366 2575 2575 3561 5800 5465 4217 3570 3188 3255 3199 3460 3844 3721 3348 3432 3063 3196 3516 3516 3044 3044 3039 3314 3708 4232 4203 4203 4587 4123 3870 3870 4133 3875 3674 3674 3657 3657 3556 3544 3544 3497 3935 3825 3202 3202 3958 3947 3951 3951 4055 4017 4039 4045 3914 3914 3728 3831
4158 4202 4349 4492 4167 3165 2913 3492 3492 3714 4416 4416 4507 4187 4079 4370 4370 4416 4439 4145 4145 3400 2870 3258 3093 3093 2499 2396 2396 3289 6462 6462 4217 3868 3868 3568 3373 3373 3904 3904 3750 3432 3432 3204 3102 3102 3131 3131 3236 3162 3577 3577 4680 4704 4777 4781 4470 4739 4739 4397 4176 3674 3977 3977 3789 3577 3551 3551 3461 3935 3364 3873 3873 4111 3831 3831 3905 4107 4060 4179 3918 3918 3728 3831
4859 4202 4349 4349 3844 3260 2786 3418 3418 4103 4416 4416 4422 4366 4665 4948 4632 4632 4563 4598 4598 3632 3281 3258 3835 2733 2733 2397 3073 3073 6462 6462 4869 4231 4231 3913 3624 3624 3660 3904 3750 3559 3559 3531 3277 3343 3286 3255 3255 3142 3227 3227 4086 4704 4474 4716 4443 3715 3715 4397 4176 4176 4268 3972 3972 3803 3551 3551 3393 3440 3299 3255 3255 3891 3722 3437 3437 3656 4010 3964 3918 3609 3609 3844
4859 4359 4468 4468 4592 4177 4177 3246 3418 4103 4539 4346 4219 4605 5013 5441 4737 4737 4445 4372 3868 3868 3277 3281 3691 3499 3499 2774 3080 3073 3761 4760 4956 4421 4421 4397 3924 3621 3621 3660 3741 3640 3695 3695 3277 3343 3343 3688 3227 3227 3198 4086 4086 4789 4637 4573 4848 3715 3715 4521 4375 4061 4146 4075 3972 3803 3779 3779 3631 3838 3385 2985 3466 3466 3801 3669 3669 3615 3385 3964 3460 3538 3538 3737
4640 4700 4686 4686 4481 4051 3293 3551 3893 4184 4207 4734 4734 5436 5436 5755 5755 5446 4529 5005 3868 3868 3584 3668 3858 3270 3270 3113 3080 3730 3730 4892 4892 4490 4065 4397 3924 3386 3386 3794 3809 4104 3695 3695 3513 3492 3356 3706 3973 3227 3198 3454 3454 4017 4746 4563 4848 4746 4281 4281 4161 3902 3902 4075 4075 4086 4055 4034 4034 3838 3623 2985 3075 3075 3341 3554 3452 3452 3385 3385 3352 3662 3662 3745
4806 4727 4921 4598 4598 3803 3584 3978 3941 3893 4375 4734 4734 6012 6012 5755 5755 5755 4532 5005 4134 4134 3469 4023 4023 3430 3113 3113 3054 3462 3462 4752 4752 4526 4046 3516 3516 3320 3653 3794 3681 4104 3703 3813 3813 3735 3982 3830 3973 3973 3527 3353 3353 3439 4032 4563 4361 4723 4121 4121 4102 4101 4193 4489 4654 4654 4714 4598 3931 3931 3625 3203 3022 3282 3282 3312 3201 3452 3161 3506 3506 3739 3727 3727
