includes/gis/MODIS_ASCII/mod13q1_ndvi_2012_289.txt
ncols         829
nrows         925
xllcorner     164106.58989296
yllcorner     9637524.0094144
cellsize      264.9945474373
NODATA_value  -9999
[rows 333 to 369 of 925, columns 504 to 587 of 829]
2869 3009 2920 2920 2931 2922 2550 2587 2713 3048 3323 3868 4078 4398 4763 4771 4771 4885 4970 4550 4247 4247 4215 3671 3959 3746 3737 3738 3956 4210 4939 5105 4634 4567 3822 3918 3873 3664 3664 3345 2956 3281 3592 3513 3513 3510 3555 3574 3746 3746 3890 3367 3201 3444 3969 3819 3810 3684 3931 4024 4194 3860 4077 3748 3417 3417 3472 3655 3833 3602 3602 3300 3311 3225 3633 3363 3260 3089 3594 3429 3180 2927 3204 2960
2851 3023 2995 2809 2809 2922 2861 2621 2700 2839 3073 3377 4078 4953 5491 5595 5595 4955 5276 4550 4167 4167 4036 3822 3712 3881 3810 3810 3926 4011 3847 4286 4658 4567 4425 4354 4633 3809 3443 3328 2947 3523 4010 3762 3198 3198 3555 3443 3422 3321 3321 3430 3465 3565 3406 4092 4092 4263 4005 3622 4408 4197 4293 3923 3996 4098 4098 3655 3427 3339 3624 3624 3473 3225 3056 3048 3130 3130 3396 3748 3560 2994 3474 3253
3081 2866 2675 2524 2811 2811 2898 2971 3205 3769 3769 3377 3851 4221 3429 2915 3994 5224 5276 4966 4308 3626 3626 3308 3895 3881 3888 4197 3744 3744 3616 3809 4965 4965 4211 3879 4176 3780 3276 3136 3276 3383 3425 3345 3029 3438 3749 3464 4035 3672 3291 3291 3580 3565 3950 4571 4571 4809 4152 4096 4408 4732 3697 3729 3966 4275 4098 3911 3561 3015 3078 3078 3473 3416 3223 3399 3677 4236 3707 3992 4070 3457 3509 3429
2984 2885 2610 2524 2520 2717 2717 2771 3224 3654 4242 4242 3186 2773 2591 3920 3995 4414 5539 4782 4018 3537 3205 2916 3715 3518 3607 3464 3331 3331 3616 3265 3879 3462 3462 3304 3441 3420 3276 3314 3314 3327 3414 3415 3454 3438 3335 3619 4125 3879 3386 3590 3580 3660 4520 4827 4847 4847 3845 4096 4412 4334 3465 3731 3966 4275 3902 3944 3944 3559 2909 3027 3421 3421 3389 3189 3452 4236 3384 3384 3463 3870 3631 3369
2789 2789 2610 2553 2603 2765 2704 2704 2907 3667 4236 3398 3398 3180 3760 4938 4004 3742 3742 3609 3430 3316 3269 2916 3915 3804 3235 3113 3207 3543 2818 2241 4513 3994 3753 3753 3428 3420 3368 3340 3464 3464 3890 3674 3454 3235 3170 3644 3701 3740 3807 3590 3978 3978 4563 4659 4660 4077 3845 3948 4037 4412 5469 4640 4853 4757 4061 4307 4283 3559 3371 3037 2924 3224 3224 3326 3452 3945 3670 3258 3258 3305 4111 3825
2867 2835 2522 2817 3105 3176 2816 2816 3724 4528 3965 4514 4745 3822 3822 4938 4249 3139 3040 3040 3383 4087 3269 3191 3474 4625 3693 2899 3515 3543 3784 3784 4404 4379 3870 3381 3428 3750 3609 3824 3540 3721 3721 3674 3329 3475 3631 3717 3717 3461 3807 3893 4431 4007 3606 3759 4013 4169 4458 4103 4103 4230 5469 5367 5165 5165 4606 4548 4475 3875 3628 3342 3172 3229 3199 3199 3112 3214 3298 3300 3386 3386 4081 4218
2735 2587 2674 2916 2856 2970 3342 4545 3955 3955 3706 4087 3899 3829 3822 3250 3774 4342 3691 4200 4200 4087 4595 3774 3369 3114 3966 3950 3515 3712 3806 4217 4327 4352 3850 3381 3804 3804 3714 3553 3289 3459 3929 3929 4029 4044 3749 3356 3714 3461 3760 3880 3845 3958 4150 3980 4320 4132 4398 3967 4193 4193 5420 5695 5232 3989 3964 4201 4475 3540 3540 3179 3077 2931 2860 3199 3400 3271 3415 3874 4224 4219 4081 4439
2877 2726 2941 2877 2732 2911 3342 3742 3887 3976 3818 3462 3531 3829 3848 3848 4216 4048 4088 3898 3849 3849 3756 3769 3833 4006 3966 3950 3673 3708 3529 3766 4410 4352 4034 3374 3416 3294 3294 3667 3474 3459 3623 3661 3661 3467 3489 3696 4025 3584 3429 3429 3615 3868 3943 4150 4582 4366 3830 3459 3899 3791 4634 4852 4336 4071 3722 4201 3823 3649 3649 3749 3473 2800 2860 3264 3363 3270 3204 3506 3927 4219 4009 4009
2673 2714 3234 2573 2573 2911 3162 3062 3287 3650 3587 3287 3531 3776 3428 3547 3547 3485 3561 3898 3597 3465 3465 3424 4075 4153 4261 4261 4121 3723 3468 3591 4000 4240 3902 3170 3275 3579 3396 3396 3331 3380 3728 3543 3340 3340 3699 3821 3739 3793 4208 4208 4154 4041 3943 3928 3928 3841 3581 3932 4395 3791 3938 4070 3920 3836 3722 3470 3105 3104 3359 3359 3295 2800 2909 3189 3229 3348 3580 3568 3927 3870 3903 3903
2757 2783 2990 3131 2801 2641 3005 3157 3088 3439 3547 3287 3253 3468 3199 3115 3287 3287 3561 3304 3321 3279 3495 3495 3685 4153 4416 4798 4798 4426 3623 4008 3878 3804 3804 3590 3265 3202 3290 3161 3354 3522 3600 3489 3643 3504 3699 3840 4234 3844 3894 3745 3745 4041 4014 3868 3573 3573 3293 3603 4395 3629 3549 3599 3766 3880 3590 3629 3620 3453 3428 3121 3295 3077 2848 3330 3677 3846 4101 4250 4037 3664 3523 3545
2793 2822 2804 3177 2801 3010 3010 3394 3225 3142 3294 3363 3363 3238 3070 3036 2958 2953 3143 3176 2941 2768 3138 3465 3465 3497 3669 3195 3502 4154 3623 3623 3781 3383 3260 3260 3244 3760 3290 3213 3319 3533 3375 3579 3460 3504 3392 3392 4156 3899 4164 4065 4103 4103 3743 3822 3753 3396 3396 3603 4078 3620 3204 3204 3444 3880 3589 3566 3526 3352 3708 3836 3080 3080 2995 3126 3419 3846 3635 3635 3780 3918 3607 3427
3079 3079 3122 3177 2704 2939 3308 3308 3288 3242 3294 3051 3061 3061 2901 2942 3124 2953 3130 3130 3108 2673 2751 3069 2958 2958 3192 3127 3536 3749 3749 3727 3678 2955 2906 3526 3244 3408 3253 3452 3092 3092 3348 3435 3460 3382 3324 3290 3551 3648 3961 4065 4168 3780 3780 3564 3523 3417 3396 3443 3527 3628 3505 3158 3444 3253 3421 3203 3057 3051 3224 3144 3099 3107 3107 3097 3399 3250 3484 3633 3633 3482 3325 3394
2703 3065 3065 3162 2704 2834 3216 2996 2996 3242 3089 2907 3208 3320 3320 3177 3137 3119 3060 2993 2993 3116 2751 2962 2945 3032 3566 3891 3887 3896 4215 4215 3678 3905 3498 3526 3207 3207 3397 3031 3346 3260 3260 3435 3116 3255 3118 3300 3139 3608 3961 3817 3901 3631 3631 3309 3633 3417 3283 3562 3562 3384 3216 3556 3414 3414 3351 3080 3323 3141 3356 3080 2807 2969 3091 3091 3399 3252 3314 3505 3505 3263 3299 3394
2599 2587 3333 3333 2723 2685 3190 2937 3162 3591 3591 3031 3108 3437 3497 3497 2842 2878 3157 2801 2826 3116 3123 3160 2850 2836 3130 3377 3887 3814 4144 4338 4338 4633 3498 3459 2970 3110 3110 3378 3109 3063 3234 3234 3461 3261 3288 3245 3283 3608 3756 3488 3114 2902 3082 3268 3086 3071 3361 3479 3198 3198 3216 3381 3467 3667 3667 3205 2989 3141 2850 2965 3152 3141 3001 3058 3058 3019 3477 3537 3349 3349 3299 3410
2454 2674 2812 2930 2928 2780 2869 3235 3229 3387 3256 3371 3645 3437 3112 2885 2885 3047 3164 2320 2826 2826 3185 3462 3029 2780 2910 3377 3656 3953 4212 3829 3300 3300 3630 3464 3273 3198 3552 3552 3235 3063 3088 3355 3355 3166 3233 3407 3564 3449 3449 3356 3352 2973 2958 3268 3301 3101 3187 3292 3312 3270 3215 3176 2992 2950 2950 3273 2989 3117 2788 2844 3167 3469 3001 2787 2787 2955 3131 3217 3149 3427 3427 3228
2431 2659 2861 2716 3043 3043 2869 2994 3240 3252 3174 3174 3645 3265 2847 2894 2781 2781 3051 2320 2890 3275 3275 3454 2925 2834 2828 3498 3498 4485 4402 4438 3747 4190 4337 3503 3852 3532 2916 3304 3304 2943 3115 3368 3327 3327 3146 3407 3461 3322 3247 3247 3386 2951 2958 3318 3321 2905 2990 2964 3312 3270 3270 3178 2927 2902 2814 3273 3565 3634 3452 3433 3381 3469 3542 3145 2875 2875 2894 3057 3149 3267 3039 3039
2415 2747 2965 2853 3156 3043 3055 2908 3087 3148 3740 3122 2983 3089 3013 3020 2977 3194 3194 3473 3553 3307 3085 3085 3071 3340 2828 3790 4423 4423 4147 3927 3747 3580 3396 3396 3223 3935 3320 3418 3480 3084 2778 3054 2861 2894 3146 3302 3450 3405 3002 2982 2982 2951 2829 3000 3003 3003 2910 2964 3365 3303 3411 3440 3304 3056 2814 2859 2859 3222 3394 3477 3381 3323 3458 3029 3025 3078 3114 3123 2951 2873 3004 2905
2617 2617 2911 2903 3156 2978 2785 2785 2846 3379 3705 3122 2721 2633 3112 3787 3408 3007 3194 3307 3298 2863 2749 3134 3324 3340 3780 4539 4573 4734 4472 4681 4400 3746 4656 3346 3346 3935 3626 3175 3642 3420 2920 3054 3070 2894 3044 3044 3231 3150 2980 3037 2982 3122 3048 2804 2925 3019 2910 3186 3443 3615 3445 3179 3285 3056 2809 2618 2918 2918 3128 3064 3184 3445 3445 3126 3200 3199 3004 3004 2836 2729 2881 2974
2718 2967 2967 3051 3191 2822 2714 2780 2780 3021 3705 3345 2904 2904 3228 4247 3887 3007 3087 3226 3139 3211 3151 3445 3744 3830 3804 4160 4672 4920 4472 4036 4036 3824 4302 4861 3071 3071 3074 2806 2874 3163 3032 2926 3070 3181 3103 3130 3130 2877 2826 3037 2887 2887 3047 3015 2917 3038 3019 3047 3040 3452 3608 3558 3285 3081 2924 3007 3065 3085 3085 3043 3120 3242 2900 2987 3166 3199 2559 2559 2753 3414 2747 2737
2553 2718 2720 3051 2948 2459 2376 2601 2977 3021 3288 3248 3333 3359 3348 3227 3412 3191 3183 2741 2972 3226 3151 3314 3417 3990 3994 4188 4669 4920 4779 4353 4353 4455 3650 4861 3770 2834 2834 3051 2984 2949 3198 3198 3017 3016 3009 3051 2737 2618 2826 3059 3035 2905 2905 3144 2917 3038 3233 3233 3287 2996 3087 3144 3369 3369 3363 3244 3165 3132 2962 2746 2943 3002 2827 3200 3166 3100 3125 3001 3001 3045 3039 2737
2448 2719 2720 2720 2813 2558 2382 2457 2894 3517 3517 3075 2807 2951 3348 3348 3026 3095 3186 2958 3040 3226 2936 2820 3430 4283 4312 4171 4669 4560 3764 4045 4161 4161 4151 4010 4776 3508 3508 3517 3256 3224 3182 3087 3087 3151 3216 3130 2870 2618 2843 3016 3068 3017 3165 3168 3187 3594 3572 3190 3125 3125 3087 3083 3365 3349 3349 3406 3261 3132 3032 2945 3045 3110 3074 3200 3200 3194 3254 2932 2675 3045 3039 3021
2559 2447 2438 2714 2714 2433 2185 2245 2758 3115 2539 2539 2293 2951 2891 2738 2738 2667 3193 2900 3040 3024 3024 3032 3439 3211 3808 4171 4478 4038 3903 3586 4220 4688 4151 4309 5027 5342 4628 4628 4143 3224 3589 3371 2871 3078 3207 3008 2822 3075 3075 3064 2924 2912 2926 3168 2983 3191 3282 3523 3400 3072 3072 3027 3263 3223 3194 3194 3261 3106 3229 2724 2724 2758 2711 2834 2921 2921 2618 3099 2927 2759 2759 3011
2658 2321 2438 2502 2479 2537 2185 2362 2921 3092 2624 2392 2392 2901 2778 2847 3003 3003 2988 3063 3129 3253 2909 2909 2810 2837 3086 3885 3734 4140 4204 3848 4258 4688 4797 4761 4357 4197 3881 3834 4143 3649 2872 2743 3009 2968 3051 2757 2845 2877 2931 2931 2868 2869 2926 2949 2925 3169 3205 2983 3400 3333 3333 3549 3479 3267 2978 3194 3254 3198 2984 3397 2678 2678 2711 2543 2696 2512 2512 3053 2927 3124 3437 3437
2709 2321 2453 2658 2635 2303 2303 2465 2810 2935 2757 2834 2954 2847 3187 3052 2944 3212 3212 3063 2901 2950 2936 3020 3020 3022 3086 3382 3201 3994 3987 3045 4258 4469 4066 3548 3548 3758 3026 1774 3772 3439 3053 2808 2880 2968 2938 2900 3290 3080 2915 3208 3208 2869 2665 2773 2784 2995 3002 2983 2920 2962 2929 2929 3132 3210 2978 3066 3066 3235 2910 2931 2873 2347 2347 2545 2608 2775 2831 3053 3156 3074 2955 3084
2866 2866 2797 2828 2945 2674 2622 2622 2643 2920 2770 2995 2954 3342 3396 3445 3150 3075 3181 3181 2923 3018 3051 2915 3042 3022 3116 3236 3621 3412 3347 4016 4016 4332 4048 3063 3063 3758 2292 1294 3584 3584 2795 2681 2880 2664 2890 3000 2957 2943 3273 3339 3031 3031 3223 2917 2936 2848 3002 2857 2961 2758 2759 2689 2689 3210 3440 3658 3189 3189 3416 2976 2873 2554 2554 2897 2930 2775 2754 3019 3019 2880 3031 3082
2981 2853 2853 2657 2945 2755 2846 2868 2868 2940 2917 2995 3133 3363 3169 3316 3064 3075 3160 3133 3133 3091 2914 2804 3026 3216 3179 3179 2876 2809 3347 3789 4079 4079 4120 3088 3317 3317 2947 2561 3673 3673 2973 2427 2427 2523 2727 2727 2963 2906 3461 3339 3131 3119 3119 3213 3250 2848 2988 2988 3123 3115 3159 3238 3619 3289 3102 3208 3179 3135 3284 2867 2923 2849 2555 2853 2853 2775 2789 3071 3071 3247 3098 3082
3060 3057 3020 2805 2731 3026 3045 2891 3009 3009 2917 3016 3096 3925 3925 3429 2826 2880 2956 3047 2833 2797 2939 3093 3061 3031 2878 2878 2596 2809 3126 3380 3590 3590 4015 3088 2989 3150 3150 2416 3673 3172 3172 2218 2218 2297 2574 2574 2985 3088 3461 3545 3432 3212 3315 3315 3202 3013 3354 3290 3290 3225 3311 3272 3370 3323 3323 3229 2748 2927 3284 3342 3378 2891 2651 2779 2706 2733 2646 2214 3325 3325 3098 3311
2812 3044 3062 2805 2826 2981 3548 3226 3200 3014 3009 3215 3190 3478 3648 3446 2969 3037 3033 3093 2895 2903 2903 3051 2983 2951 2900 2702 2596 2494 2481 2734 3094 3666 3666 3650 2987 2958 2988 2988 3739 3526 3526 2354 2476 2476 2613 2574 2985 3299 3134 3403 3271 3352 3211 3083 3175 3175 3666 3601 3704 3799 3628 3870 3508 3171 3064 3064 3053 2927 3176 3069 2752 2968 3166 3034 2706 2519 2519 2481 2744 2881 2881 2946
2690 3038 3044 3030 3013 2924 2940 2929 3329 3329 3256 3510 3595 3343 3701 3079 3073 3039 2961 3194 3136 2786 2786 2771 2811 2940 2763 2725 2419 2408 2415 2397 2616 3154 3660 3660 2882 2752 2810 3203 3584 3845 3564 2778 2586 2476 2613 2613 2783 3000 2737 3148 3052 3102 3315 3176 3447 3208 3089 3266 3377 3799 3544 3544 3423 3491 3273 3081 3053 3004 3075 3106 2899 2879 3169 3034 3013 2753 2753 2575 2744 2730 2586 2586
2945 2997 3107 3039 3039 2826 2975 2929 3130 3307 3307 3576 3327 3153 3400 3400 3164 2824 2977 3316 2944 2957 2786 2682 2874 2807 2783 2725 2684 2814 2636 2391 2542 3154 3170 3129 2901 2790 2700 2828 3835 3835 3783 3117 3129 3123 2905 2905 2745 2790 3013 2856 2856 3102 3335 3451 3683 3913 3588 3588 3377 3362 3469 3557 3557 3296 2901 3081 3081 3063 3088 3035 2624 2879 3169 3402 3122 2533 2583 2583 2790 2501 2564 2564
2982 2661 2679 2935 3374 3374 2975 3115 3122 3531 3313 3313 3182 2931 3323 2989 2989 2756 2852 3002 3189 2933 2933 3038 3233 3282 2944 2724 2423 2492 2427 2379 2471 2745 2417 2610 2977 2931 2793 2883 3110 3854 3854 3735 3119 3123 3037 2635 2635 2794 3032 3088 3211 3106 3287 3392 3680 3830 3793 3384 3384 3355 3486 3281 3055 3055 2901 2911 2994 2994 2962 3004 3060 2799 2799 3344 3394 2984 2731 2705 2618 2502 2496 2475
2672 2716 2879 2625 2384 3130 3103 3169 3214 3239 3204 2885 2885 2931 2959 2969 2802 2802 2936 3013 3189 3051 3180 3180 3029 2647 2865 2675 2459 2367 2551 2409 2569 2495 2682 2551 2663 2838 2872 2891 2912 3697 4024 3731 3138 3044 3135 3042 2689 2689 3062 3041 3211 3259 3259 3396 3662 3994 3793 3779 3804 3804 3660 3442 3506 3573 2734 2753 3002 2870 2870 2779 2799 2665 2936 2936 3083 3060 2665 2913 2958 2958 2664 2643
3117 3117 3026 2612 2384 3130 2868 2721 3277 3173 2838 2818 2750 2750 2876 2899 3088 3140 3140 3013 2975 2913 2783 2783 2700 2951 2798 2623 2585 2360 2360 2409 2378 2564 2644 2440 2294 2524 2728 2120 2846 3739 3739 3458 2955 2832 2878 3221 3263 3056 2954 3183 2915 3219 3454 3454 3593 3591 4367 3847 3324 3324 3686 3754 3535 3573 3530 3321 3020 2933 2966 2786 2786 2739 2807 2894 2980 3060 2793 3001 3391 2771 2771 2782
2635 2878 2878 2612 2529 2505 2591 2661 2884 2728 2760 2818 2834 3022 2982 3110 3198 3246 3208 3075 3075 2783 2620 2697 2630 2630 2726 2861 2809 2629 2473 2406 2482 2527 2214 2125 2162 2524 2549 2971 3219 3393 3393 2472 2446 2937 3152 3270 3270 3125 2586 3286 3152 3266 3492 3590 3437 3591 3867 3296 3551 4092 4092 3964 3535 3646 3693 3342 3342 2887 2938 2809 2849 2768 2781 2851 2980 2980 2885 3052 3374 2746 2746 2782
2761 2976 2658 2658 2446 2452 2547 2766 2766 2681 2760 2783 2909 2824 2847 2649 2981 3255 3023 2489 2402 2402 2604 2697 2700 2739 2739 2821 2976 2669 2473 2417 2417 2288 2216 2273 2487 2330 2553 2509 2445 2733 2419 2304 2001 2882 3072 3338 3355 3355 2871 2884 3218 3369 3516 3634 3533 3650 3312 3509 3848 4302 4302 4066 4154 3891 3290 3333 3333 2887 2922 2949 2780 2780 2720 2851 3004 2990 2990 3055 3592 3206 2733 2733
2763 2976 2759 2516 2516 2534 2825 2723 2713 2837 2837 3021 2951 2660 2752 2806 2806 3058 2818 2457 2349 2519 2604 2774 2903 2946 2602 2602 2847 3500 2436 2580 2580 2466 2358 2206 2487 2452 2452 2461 2242 2590 2591 2304 2556 2413 2996 3019 2903 2796 2871 2611 2779 3132 3521 3896 4044 3753 3521 3322 3762 4329 4086 3959 3959 3615 3392 3234 3316 3043 3052 3011 2892 2646 2720 3048 2978 2814 2902 2902 3302 3206 3647 3160
2619 2705 2555 2407 2644 2672 2672 2649 2810 3030 3205 3205 2966 2832 2710 3241 3219 3219 2873 2809 2515 2538 2471 2599 2716 2759 2857 2732 2847 3500 2775 2677 2471 2471 2318 2206 2406 2379 2422 2422 2344 2774 2591 2335 2317 2839 3098 3235 2801 3035 3369 3369 2764 3011 3186 3896 3507 3507 3331 2938 3720 4709 3754 3811 3640 3590 3593 3409 3193 2928 2928 2733 2324 2399 2860 3039 2604 2790 3068 3345 3345 3442 3153 2926
