includes/gis/MODIS_ASCII/mod13q1_ndvi_2011_353.txt
ncols         829
nrows         925
xllcorner     164106.58989296
yllcorner     9637524.0094144
cellsize      264.9945474373
NODATA_value  -9999
[rows 190 to 227 of 925, columns 336 to 419 of 829]
5907 6134 6044 5477 4674 4555 6376 6947 6371 5944 5832 5744 5753 5601 5003 4634 4922 5083 5099 5099 4688 4794 6202 5482 4895 5229 5302 5551 5522 5576 5952 5671 5580 5716 4973 5619 5101 4716 4914 4995 5656 5628 5340 5305 5280 5356 5486 5369 5440 5440 5235 5178 5334 5511 5221 5221 5081 5141 5065 4928 5086 4465 4564 3812 3555 4435 4488 5624 5248 4865 4897 4190 4180 4125 3903 3948 3901 3394 3506 3206 4090 4932 5387 5124
5747 6007 6001 5451 5245 5578 5270 6947 5755 5755 5630 5919 5502 5502 5393 4446 4709 4943 4676 4633 4992 5005 6256 6312 5570 5583 5769 5769 5730 5742 5669 5752 5752 5716 5485 5565 5510 5115 5342 5342 5672 5544 5619 5595 5496 5496 5207 5353 5170 5005 4916 5105 4528 5122 4982 4930 5015 5320 5480 5255 5001 4519 4317 4240 3796 3886 3886 5267 5427 5069 5101 3838 3838 3556 3634 3634 3579 3394 3394 3283 4158 4804 4316 4389
5868 6188 6188 6542 7016 6561 5270 6044 6179 5790 5856 5197 4290 5302 6093 5257 5020 4784 4747 4762 4992 6535 6535 6172 5816 5869 5835 5835 5932 6209 5951 6098 6133 5964 5803 5649 5683 5614 5434 5589 5511 5511 5372 5303 4922 5131 5955 6084 4796 4395 4395 4459 4357 4528 4351 4381 4580 4973 4739 4747 4747 4391 4160 4243 4097 3748 3906 5510 5461 5271 5303 3683 3683 3777 3469 3634 3579 3489 3441 3441 4264 5021 3903 4156
6040 6178 6421 6344 6344 5989 5177 5387 5787 5166 5392 5879 6119 6199 6093 6477 5659 5293 5151 4762 5030 5967 5916 5982 5982 5969 6087 6259 6259 6209 6224 6224 6214 5767 5626 5574 5583 5720 5607 5582 5492 5234 5234 5303 5232 5101 4723 4723 4477 4313 4344 4344 4048 4050 3911 3992 3842 3842 4709 4456 5669 6273 5468 5107 4356 3755 3765 3694 4518 4850 5303 4091 3759 3769 3520 3343 3478 3547 3360 3360 4956 5363 4073 4156
6094 5611 5502 5847 5739 5989 5818 5445 5593 5729 4890 5017 5658 5753 6118 5959 5806 5778 5532 5096 5438 5635 5961 5911 5848 5969 6294 6484 6524 6477 6102 5808 5808 5768 5587 5549 5673 5720 5350 5113 5537 5234 5234 5019 5281 5157 4848 4703 4477 4277 4409 4324 4838 4767 4767 4084 3926 4063 4063 4178 5223 6137 5936 5115 4226 4226 4211 4260 3725 3463 3567 3771 3759 3500 3520 3440 3462 3437 4168 4172 4172 4331 4272 4162
5950 4813 4748 5383 5596 5687 5899 5770 5708 5921 6024 6167 5442 5328 5248 5729 5729 5895 5532 6115 5854 5331 5653 5842 5766 5843 6090 6279 6301 6118 5860 5731 5534 5340 5244 5424 5485 5113 4668 4668 5537 5079 5079 4845 5018 4981 4848 4703 4703 4524 4529 4835 5424 5931 5498 5498 5444 4761 4657 5351 4894 4894 5936 5862 4473 4394 4278 4570 3863 3726 3624 3740 3426 3304 3398 3425 3425 3436 3842 3726 4180 4480 4522 4298
5096 5252 4930 5100 5596 5520 5688 5896 5598 5648 5948 5620 5275 5348 5317 5991 6392 5812 6098 6098 5663 5380 6287 5842 5742 5913 6127 6084 5988 5756 6121 5501 5192 5021 5093 5442 5398 5444 4668 4668 5001 5165 4837 4837 4795 4981 4528 4726 4634 4634 4430 4797 5424 5931 6532 6532 5990 5506 5166 5246 5793 5297 5297 5325 4743 4743 4762 4188 3872 3956 3881 3776 3488 3424 3413 3438 3400 3031 3714 3765 4170 4252 4354 3983
4715 5149 5641 5100 4980 4961 5315 6085 5907 6058 5781 5403 5038 5508 6408 7258 6392 6371 6622 6147 6027 6027 6287 6373 6543 6594 6567 5943 5533 5793 5437 5437 5265 5280 4996 5146 5398 5444 5181 5104 5104 5389 4956 4956 4789 5605 4584 4710 4637 4637 4698 4733 5377 5732 6237 5948 5948 5580 5618 5166 5192 4713 4857 4364 4194 5030 5030 4534 3869 3869 3847 3708 3442 3475 3413 3454 3459 3362 4147 3989 4841 4252 3885 4145
6018 5869 5780 5370 4791 5543 5388 6358 5907 5897 5775 5555 5465 5284 6782 7258 6879 6600 6226 6258 6189 5856 5814 5752 6282 6721 6307 6307 6190 5793 5785 5790 5716 5356 5356 5146 5197 5789 4653 4296 4296 4778 5289 5082 4789 4641 4541 4746 4848 4824 4698 4733 4978 5275 5350 5268 5309 5347 5298 4812 5084 4846 3913 4364 4194 4563 4506 4506 4194 4194 4406 3708 3442 3442 3320 3389 3581 3503 4329 4304 4841 4213 3706 4221
6262 5869 5092 4605 4605 4710 5155 5730 6244 5981 5543 5379 5256 6277 6277 6158 5712 5687 5903 5833 5803 6017 5851 5851 5906 6109 6389 6571 6053 6594 6213 5990 6091 5659 5178 5222 5175 5349 4524 4195 4195 4531 5289 5082 5082 4985 4707 4407 4972 5129 5553 5700 4988 5181 5350 5268 5087 5087 5463 5846 5820 5441 3913 3913 3506 4013 4824 4824 4047 4406 4406 3835 3377 3377 3186 4177 4616 4994 5323 5323 4364 4033 3955 4212
6161 6019 5314 5738 5407 5545 5545 5730 5953 5514 5055 4875 4753 5087 4739 5024 5388 5356 5615 5670 5590 5929 5692 5704 5704 5770 5897 6084 6338 6643 6592 5950 6496 6689 5178 5142 5368 5394 4798 5652 5066 5272 6370 7242 6395 6060 6180 6385 6385 5845 5883 6046 5323 5181 5345 5520 5669 5669 6033 6476 6527 6273 4771 5749 5723 4344 5600 5610 4047 3625 3625 3510 3321 3268 3268 4437 5011 5405 5386 4797 4797 4271 4234 4460
6161 6145 5936 5857 5877 5379 4883 4635 4669 4586 4893 5374 5327 5173 5039 5106 5106 5133 5139 5199 5326 5624 5488 5679 5664 5678 5875 6084 6257 6404 5976 5527 5709 5606 5543 5548 5955 5811 6409 6114 6114 6239 6630 6566 5684 6060 6180 5787 5715 5946 5960 5960 5323 5507 5507 5643 5665 6385 6385 6505 6257 6206 5883 5718 5913 4344 4834 4744 3688 3635 3386 3386 3117 3217 3217 4126 4572 6004 5386 4934 5299 5322 5322 4879
6086 6296 6163 6179 5474 5651 5440 4660 4660 4795 5082 5423 5425 5173 5429 5018 5122 5249 5249 5287 5326 5205 5205 5679 5807 5807 5849 5243 5231 4954 5336 5806 5709 5753 5378 5185 5440 5613 5483 6906 6551 5935 5935 5692 5712 5593 5763 5424 4236 4012 4466 5767 5767 5705 5705 5703 5317 5248 6385 6276 6244 6700 6192 6192 5913 6371 5332 4984 4734 3535 3461 3461 3314 4171 4171 4025 4254 5408 4884 4463 4793 5614 4615 5023
6030 6102 6129 5998 5815 5536 5440 4830 5184 5361 5361 5936 5425 5016 5049 5207 5132 5385 5333 5333 5398 5301 5310 5434 5457 5471 5471 5325 5228 5389 5943 5761 5648 5589 5192 5353 6074 6614 5483 5495 5564 5604 5576 5405 5405 5593 5249 4296 4393 4012 4466 5704 5704 5493 4897 4897 4785 5248 5286 6098 6471 6127 5937 5458 5789 5019 4654 4699 4775 3428 3405 3202 3314 4400 4460 4432 4385 4746 4485 4457 5737 5641 4678 5039
6064 6002 5932 5578 5266 5536 5691 6071 5473 5707 5594 5592 5423 5423 5114 4975 5032 5436 5331 5331 5398 5459 5533 5478 5282 5375 5375 5325 5353 5289 5741 5479 5398 5398 4919 5269 5269 6007 4445 4445 5503 5464 5220 4780 4626 5113 4856 4129 4328 4328 4399 4415 4415 5517 5193 4897 4785 4942 5006 5006 5000 4172 5549 5458 4978 4576 4447 4553 4225 3247 3197 3068 3068 4240 4346 4494 4490 4961 4845 4845 5811 5784 4952 5039
5989 6280 5703 4753 4863 5190 5396 6466 6112 5731 5594 5198 5218 5218 4895 5003 4853 5148 5123 4883 5436 5555 5621 5668 6167 5951 5375 5364 5440 5598 5819 5567 5453 5398 5600 5803 5396 5396 4928 4934 5274 5475 5513 5427 4626 4658 4623 4129 3966 3966 4063 4413 4429 4429 5193 5469 5469 4926 3933 4208 4208 4762 5895 5648 4848 4508 4654 4602 4098 4148 4124 3989 4025 4201 4445 4494 4543 4536 5033 6037 5468 5468 4952 4823
6320 5991 5486 4753 4970 5259 5259 5735 5930 6109 5701 5319 5502 5394 4652 5062 4853 5639 5314 4795 4613 5350 5966 5678 6167 5951 5978 5978 5761 5663 5602 5567 5453 5453 5669 5914 5738 5738 5586 4934 4934 5087 5204 5083 5083 5052 4549 4549 4266 4338 4338 4110 4020 4329 4530 3961 4119 4119 4005 4208 4208 5833 6224 5996 5426 5288 5009 4624 4098 3727 3875 3875 4015 4090 4211 4529 4598 4736 5049 5662 5542 4590 4590 4894
6287 5720 5285 4974 4805 4910 4287 4513 6654 6786 6786 6253 6091 6000 5331 5198 5518 5252 5252 4779 4633 4595 4799 5623 5623 5810 5909 5909 5829 5449 5602 5315 5337 5620 5620 5812 5641 5722 5731 5614 5455 5455 5248 5219 5246 5246 4354 4099 4099 3758 3801 4110 4052 3762 4186 3876 4074 5641 5758 5561 4794 5150 4526 4123 5444 5083 5242 4905 4465 3722 3899 4000 3912 3912 4211 4432 4498 4707 5029 5586 5542 4556 4949 5255
6060 5694 5285 4909 4714 5079 4287 4513 5788 6405 6272 6272 6338 6000 5072 4807 4646 4700 4790 4789 4789 4538 4799 6047 6047 6172 5437 5255 5264 5460 5460 5724 5597 5809 6204 5716 5579 5765 5816 5876 5889 5672 5672 5482 5046 5046 4110 3961 3961 3789 4098 4098 4029 3283 3159 3354 4074 4977 5304 4724 4219 4131 3523 3441 4449 4724 4693 4905 4401 4097 4243 4104 4180 4141 4141 4752 4815 4708 4847 5279 6219 4903 4921 5047
5461 5694 5365 4817 4721 5079 4467 4135 5181 5829 5768 5768 6338 6130 5556 5556 4846 5055 5313 5178 4628 5010 4819 5400 5994 5889 5429 5383 5396 5601 5538 6067 6183 6183 6158 5815 5879 6136 6235 6158 5896 5672 5845 5521 5521 5466 4938 3712 3961 3789 3382 3382 3971 3410 3453 3354 3541 4580 4667 4139 4219 4374 3523 3441 3441 3630 4693 4387 4046 4308 4613 4503 4383 4178 4296 4654 4654 4583 5014 5279 5981 4553 4531 4847
5080 5385 5031 4822 5010 5221 5291 4963 5442 5896 5992 5747 5747 5813 5682 5811 5476 5589 5957 5877 5243 5768 5859 5859 5359 5430 5136 5804 5938 5892 6079 6439 6307 6319 6240 6022 6022 6178 6391 6162 5896 5605 5709 5725 5521 5053 5053 3712 3599 3599 3234 3212 3212 3576 3371 3371 3585 4488 4260 4139 4029 3275 4032 3499 3609 3609 4109 4066 3986 4226 4583 4719 4383 4897 4434 4386 4442 5455 4993 4993 4821 4615 4843 5094
5485 5642 5384 5743 6062 5998 5998 5374 5129 5896 5992 5859 5859 5876 5826 6377 5761 5136 5065 5713 5713 5805 5786 5859 5353 5153 5153 5516 5425 5759 5759 6442 6442 6171 6131 5939 5939 5670 5777 6162 5778 6183 6353 5713 5289 4931 3912 3475 3281 3281 2969 3190 3190 3576 3173 3173 3350 3897 4380 4380 2198 3275 3935 3756 4583 4213 4305 4230 4230 3938 4808 4843 4726 4721 5252 5292 4998 5001 4385 4304 4596 4596 5383 5721
5614 5642 5642 5798 5711 5384 4867 4780 4778 5916 5943 5709 5709 5709 5826 6377 5996 5577 4875 5012 5012 5084 5786 5468 5341 5184 5482 5482 5589 5826 5759 6003 6117 6117 6285 6074 6112 6112 5777 6245 6468 6008 6241 6090 5638 4712 3804 3305 3169 3083 3083 3190 3314 3314 3063 3063 3482 3784 3049 4380 3911 3338 3488 4319 4591 4568 4167 4199 4886 4724 4902 4902 4896 4742 5011 5094 5549 4616 4464 4306 4376 4875 5890 5890
5830 5837 5331 5331 5375 5257 4867 4867 4968 5638 5638 5233 5362 5772 5772 6198 5704 5704 5190 5238 5084 5084 5087 5186 5227 5414 6055 5482 5589 5379 5820 5820 5740 5740 6286 6280 6112 6112 6643 6422 6422 5348 4837 4487 5132 4133 3677 3504 3394 3261 3261 3435 3356 3356 3253 3352 3352 3524 3733 3800 3800 3892 3844 4319 4461 4399 4254 4287 4423 4620 4765 4729 4827 4827 5001 5124 5306 4388 4255 4102 4254 4617 4848 5706
5833 5095 5007 5324 5098 5070 4934 5246 5479 6035 6035 5693 5362 5343 5343 5227 5501 5927 5268 5238 5091 5091 4752 4652 4706 5203 6055 6081 6081 5801 5787 5411 5342 5398 5398 6280 6168 6243 6243 6226 5597 4730 4837 4487 4487 4074 3822 3613 3540 3308 3264 3264 3281 2988 2988 3325 3672 3672 4029 3678 3678 3707 3980 3980 3994 4171 4450 4034 4435 4217 4575 4515 4699 4826 5298 5298 5306 4645 4724 4603 4545 4422 4423 5092
5695 5095 5007 5241 5530 6045 6121 5874 5874 5998 5693 5693 5346 5748 5411 5411 5887 5927 5268 5337 5318 5318 5175 5094 4706 5203 5742 6066 6066 6593 6528 5936 5292 5398 5398 5180 5306 5553 5553 6088 4907 4907 4158 3845 3715 3715 3615 3493 3493 3302 3143 3014 3007 2792 2988 3606 4094 4094 3506 3371 3101 3602 4228 4264 4393 4393 4448 4242 3988 4217 4274 4495 4387 4544 4838 5451 5091 4579 4670 4380 4617 4569 4423 4682
5421 5565 5449 5776 6091 6068 5864 5358 5547 5425 5415 4344 4457 4870 5114 5038 5342 5677 5677 5595 5353 5233 5233 5232 5149 5356 5740 5932 5932 6230 6267 5936 5292 5339 5317 5317 4947 5236 5629 6373 4553 4118 4118 3780 3739 3487 3615 3463 3463 3292 3167 3018 3018 2792 3082 3306 3129 3099 3099 3371 3101 3101 3364 3518 3518 3405 3405 3254 3988 3976 4151 4007 4139 4662 4934 5451 5143 4719 4684 4210 4286 4569 4560 4738
5730 5194 5872 5979 5897 5837 5840 5358 5274 5465 5531 5531 5464 5679 5114 5038 5342 5891 5891 5693 5490 5483 5483 5232 5036 5656 6155 5964 6006 5979 5786 5587 5611 5057 4842 4714 4714 5236 5629 5629 3974 3484 3484 3434 3739 3487 3487 3407 3257 3257 3504 3262 3018 3052 3297 3030 3090 3131 3099 3361 3924 3688 3688 3488 3337 3405 3405 3340 4093 3742 3997 3896 4020 4297 4934 5124 5330 4533 3997 3914 4286 5076 4759 4642
5730 5952 6033 5965 5885 6018 6134 5748 5486 5588 5719 5329 5115 5679 5840 5592 5588 5489 5819 4741 5323 5559 5507 5259 5286 5750 6155 6146 6096 6147 5965 5921 5404 5404 4557 4458 4714 4265 4016 3657 3466 3512 3600 3434 3389 3386 3386 3693 3122 3122 3504 3262 3232 4088 3768 3087 3090 3131 3131 3258 3573 3509 3509 3388 3337 3337 3363 3474 4236 3997 3983 3284 3320 3418 3994 5579 5698 5771 4339 3851 4122 4317 4501 4501
5757 6042 5871 5871 6043 5892 6134 5831 5518 5061 5949 5952 5574 5550 5575 5786 5886 5796 5819 5587 5622 5654 5326 5244 5045 6007 6007 6221 6154 6336 6364 6603 6258 5404 4899 4456 3995 4444 4037 3519 3826 3512 3600 3600 3492 3616 3381 3381 3438 3146 3146 3075 3512 3512 3942 3087 3328 3171 3190 3190 3743 3413 3360 3388 3381 3381 3543 3318 3331 3333 4015 3323 3323 4247 4499 5340 4551 5444 4597 4128 3976 4263 4485 4562
4800 5799 5893 5869 6135 5680 5680 5411 5395 5466 5096 5952 5389 5670 5670 5806 5774 5796 6076 5888 5712 5711 5698 5451 5310 5698 6115 6131 6147 6147 6018 6603 6258 5260 5260 4644 4172 4172 3957 3763 3826 4461 4282 4282 3704 3387 3447 3447 3438 3488 3488 3278 3262 3234 3942 3819 3998 3261 3166 3166 3890 3791 3636 4097 3738 3549 3549 3318 3331 3337 3864 3573 3963 3963 4000 4882 4727 5580 4597 4613 4389 4412 4652 5075
5904 5460 5791 6118 6135 6067 5995 5856 5759 5759 5096 5428 5470 5695 5803 5871 5767 5393 5781 6237 6016 6016 5894 5987 5739 5797 6263 5926 5567 5231 6018 6437 6215 5159 5159 4465 4056 3947 4028 3763 3782 3847 3804 3548 3548 3528 3578 3419 3860 3907 3907 3627 3502 3938 4164 4122 3740 3740 3401 3306 3306 3589 3825 4126 4139 3852 3812 3812 4113 3862 3862 3641 3995 3963 4000 4651 5226 5226 5116 4528 4558 4393 4718 4821
5583 5495 6110 6118 6405 6433 6077 5998 6198 6203 5450 5713 5774 5935 5898 5700 5428 5393 5526 5710 6024 6024 5894 5987 5990 6137 6245 5837 5671 5166 5328 5639 5189 5066 5066 4614 4097 3947 3947 3962 3696 3621 3620 3414 3414 3527 3742 4011 4285 3414 3244 3582 3852 3918 4318 4254 4650 3740 3401 3498 3409 3409 3656 4194 4139 3852 4092 4092 4343 3964 3771 4218 3995 4045 4045 4603 4833 5016 5978 4288 4339 4247 4165 4545
5343 5343 6114 6216 6086 6483 6388 6085 5962 6152 5924 5924 6005 6204 6300 6427 5428 5499 5197 5502 5525 6024 5995 6008 6076 6155 6355 5988 5924 5166 5022 5311 5832 6024 5579 4759 4583 4632 4379 3790 3899 3392 3553 3487 3367 3367 3720 3838 4285 3414 3244 3509 3509 3997 4345 4716 4650 4650 4298 4191 4011 4011 3848 3994 4526 4805 4245 3982 3982 4147 4055 4218 4572 4109 4109 4884 5027 5016 4619 4641 4641 4318 4353 4545
6096 6101 5961 5880 5834 6561 6558 6655 6643 6152 6043 6582 6767 6767 7050 6805 6093 5738 5595 5432 5422 5886 5929 6167 6109 6005 6138 5959 5924 5600 5870 6142 5590 5305 5054 4820 4820 5019 4686 4020 4495 4524 3392 3325 3364 3330 3877 3881 3731 3361 3517 3296 3296 3359 4022 4677 4863 4609 4609 4513 4399 4207 3848 3994 4629 4608 4586 4498 4498 4163 4055 4433 4589 4658 4658 5367 5027 5170 5013 5501 4914 4679 4679 4691
6704 6492 5961 5896 5863 5885 6048 6336 6249 6257 5732 6593 6607 6539 6573 6805 6625 5993 5457 5601 5844 5895 6153 4647 5679 6150 5823 5955 6149 5894 5746 5808 5560 5352 5094 4882 4845 4719 4442 4442 4439 4998 4682 3807 3852 3923 4078 4040 3840 3534 3762 3931 3829 3829 4173 4677 4957 4817 4817 4418 4327 4207 4207 4064 4782 4558 4943 4470 4231 4231 4674 4965 5346 5415 5256 5367 5233 4778 4612 5100 4603 4763 4490 4760
6406 6080 6271 6491 6752 6752 6722 5400 6249 6071 6043 6236 6351 6292 6573 6573 6286 6090 6120 6044 5921 5990 4810 4378 5467 5865 5823 5780 5707 5707 5595 5651 5457 5073 4891 4415 4519 4728 4552 4311 4439 5182 4781 4314 4148 4344 4485 4040 3981 3944 3959 3937 3919 3829 4173 4841 4516 4440 4145 4418 4327 4185 4008 4008 4332 4025 5062 4811 4177 4238 4715 4715 5259 5440 5686 5488 4436 4407 4386 5100 5125 4501 4675 4955
5882 6080 5983 6129 6199 6071 6071 5427 5563 6038 6344 5860 6572 6276 6300 6237 6208 6457 6230 6044 6151 5771 4081 3238 4215 5434 5752 5843 5740 5420 5253 5253 5265 5073 4468 4414 4616 4834 4546 4506 4559 4820 4656 4555 4709 4445 4609 4618 4510 4267 4267 4546 3919 3969 3969 4462 5330 4056 4145 4145 4116 3950 3684 3684 3915 4000 3961 4017 4256 4654 4992 5891 5405 5893 5893 5709 4537 4186 4386 4968 4679 4478 4688 4952
