includes/gis/MODIS_ASCII/mod13q1_ndvi_2014_033.txt
ncols         829
nrows         925
xllcorner     164106.58989296
yllcorner     9637524.0094144
cellsize      264.9945474373
NODATA_value  -9999
[rows 370 to 406 of 925, columns 252 to 335 of 829]
3409 3409 3090 3312 3312 3385 3513 3066 3509 3806 4477 4034 3519 3486 3486 3373 3984 4796 5301 5597 5605 5113 5573 5573 5535 5011 4973 4251 3710 3721 3893 3893 4214 4041 4283 4899 4753 4455 4575 5033 5576 5340 4897 4359 3960 4182 3560 2913 3289 4521 5152 5019 5095 5431 5668 5610 5357 4607 3405 4714 4901 4768 4525 5010 5028 5332 4379 4454 4150 4000 3998 3774 3913 3819 4069 4017 4017 4005 4034 4034 4102 3715 3715 3906
3024 3091 3091 3295 3295 3388 3388 3762 3692 3743 4425 4650 3683 3568 3279 3283 3956 5035 4967 5011 5227 5113 4961 5883 5726 5656 5825 5911 3801 3843 3925 4238 4216 4184 4542 4838 4596 4754 5160 5145 4767 4767 4277 4317 4671 4182 3927 4099 4099 4763 5279 5019 5176 5215 5079 5653 5653 5364 4900 5606 5314 5338 5178 4897 5557 5557 4970 4329 4074 4062 4166 3774 3710 3854 3959 3813 3813 3873 3794 4034 4102 4178 4178 4262
2993 3131 3131 3295 3295 3558 3558 3835 3835 4149 4149 4609 3651 3568 3558 3558 4025 4025 4419 4408 5227 5429 5479 5624 5799 5799 5951 5911 4628 4219 4120 4244 4182 4241 4540 4733 4650 4903 5515 5548 5256 4295 4037 4465 4581 4617 4218 4612 5096 5096 5279 4597 4649 4776 5030 5333 5611 5718 6004 6004 5905 5595 5299 4897 5288 4836 4836 4198 4081 4418 4233 3748 3748 3725 3451 3840 3840 3873 3794 4011 4011 4294 4294 4533
3105 3376 3376 3675 3675 3569 3558 4027 4027 4521 4521 4595 3651 3507 3468 3495 3629 3689 3689 4305 4264 4699 5194 5482 5764 5668 5951 5800 5291 5080 4516 4701 4182 4123 4123 4161 4473 4744 5383 5548 4356 4356 4192 4271 4194 4091 4090 4347 5296 5180 5180 4566 4519 4987 4953 5502 5770 5894 6298 6295 6295 5951 5777 5150 4619 4852 4477 4477 4254 4508 4233 3541 3595 3595 2996 3840 3840 3901 3908 3905 3905 4375 4375 4533
3242 3469 3469 3675 3569 3569 3505 4024 4253 4543 4720 4595 3425 3215 3581 3535 3183 3355 3827 3827 4204 4481 4635 5235 5304 5668 5413 5413 5082 4546 4991 5240 3853 3806 3976 3976 4354 4555 4817 5177 4981 4787 4378 4139 4106 3883 3965 4449 5335 5678 5101 4566 4132 4660 4678 4864 5790 5629 6165 6165 6046 5755 5896 5205 5153 5357 4702 4224 4230 4508 3841 4120 4108 2979 2473 3879 3768 3768 3801 4530 3905 4375 4375 4542
3184 3469 3728 3728 3890 3890 3751 4180 4218 4543 4720 4720 3856 3804 3825 3484 3280 3355 3611 3983 4584 4699 5015 5367 5736 5207 5273 5471 5650 5354 5311 5240 4328 4577 4283 4319 4566 4712 4712 4986 5506 4706 4346 3990 3947 3947 3904 4616 4827 5154 5101 4948 4948 5019 4851 4760 5631 5629 5609 5921 6013 6013 5607 5541 5315 5141 4319 4124 4124 3971 4321 4029 4234 4015 4173 4173 4264 4264 3801 4383 4383 4146 4112 4112
3804 3923 4082 4082 3992 3992 3685 2639 2754 4278 4566 4553 3793 3663 3663 3560 3879 3792 3962 4300 4440 4782 4982 5435 5695 6000 5486 5191 4831 5384 5503 5554 5190 4966 4392 4375 4566 4517 4800 4800 5951 5754 4502 3990 4032 3826 3826 4812 4429 4366 5262 4936 5009 5342 5342 5138 5631 5479 5363 5858 6161 6123 5853 5853 5355 5053 4342 3518 3722 3722 3973 3953 4214 4753 4998 4318 4849 4849 4787 4196 4031 4146 4112 4112
3804 3804 4000 4000 3992 3992 3685 2639 2639 4058 4273 4461 3640 3595 3602 3602 4027 4227 4113 4154 4404 4620 4821 5403 5848 5671 5386 5023 5050 5452 5867 5867 5617 4943 4534 4375 4617 4729 4734 4890 4890 5959 4502 3938 3931 4251 4955 4955 4894 4366 4850 5256 5227 5315 4972 4972 5330 5056 5243 5789 6141 6348 5937 5672 5678 5296 4737 4856 4898 4110 4563 5284 5516 5794 5683 5152 4601 4601 4465 4196 4031 4031 4107 4107
4027 3944 4000 4000 3871 3871 3452 3382 2722 2722 3771 3932 3495 3280 3468 3808 3751 3857 4007 3951 4316 4524 4993 5193 5434 5510 5151 4876 4576 5452 5896 6406 6482 5810 4941 4480 4486 4605 4543 4556 4765 5959 5034 4219 4023 3976 5138 5153 4097 3817 4375 5011 5250 5193 5028 5147 5685 5485 5344 5702 5877 6310 6097 5328 5265 5265 5368 5225 4898 5087 5206 4951 4178 5432 5194 4893 4545 4601 4465 4244 4061 4061 4530 4530
3760 3858 3729 3729 3787 3787 3553 3382 3382 2722 3694 3715 3079 3214 3502 3622 3524 3537 3462 3564 3691 4524 4933 5085 4768 5422 5013 4440 4576 4930 5677 6411 6387 4710 4941 4501 4477 4503 4370 4235 4505 5498 5177 4311 3892 4067 4913 5370 4097 3489 4195 4526 4663 4869 5042 5147 5362 5390 5605 5605 6001 6104 5861 5416 4711 4726 4726 5225 5464 5501 4913 4737 4533 4533 4565 4893 4545 4584 4584 4543 5067 5067 4530 4530
3725 3827 4073 3504 3444 3893 3866 3912 3912 3532 3381 3545 3084 3214 3341 3307 3106 3203 3167 3151 3691 3645 4016 4933 4962 4905 4650 4440 3997 4619 5742 6482 5992 4710 4415 4415 4340 4399 4660 4426 4239 5569 4477 4477 3869 3716 4570 5370 4687 4489 5006 5006 5049 5014 5046 5047 4816 5258 5566 5974 5744 5670 5742 5389 5285 5319 4720 4720 5526 5566 5190 5146 5210 4904 4904 4645 4849 4826 4826 5051 5067 5067 5286 4871
3951 3775 3331 3448 3795 4089 4089 4127 4137 3502 3222 2828 2761 3094 2939 3025 3145 3060 2995 3151 3312 3312 3613 4411 4583 4330 5000 4542 4542 5415 5950 6793 6078 4552 4306 4148 4148 4123 4543 4474 4239 5369 4585 3979 3202 3202 3787 3977 4617 5605 5382 5175 5370 5370 5463 4745 4500 5193 5478 5974 5712 5526 5526 5233 5604 5758 5206 5340 5308 5308 5223 5343 5210 5107 5274 5212 5212 5142 4826 5051 5146 5146 4996 4885
3545 3378 3573 3573 3745 3326 4110 4127 4127 3513 3158 2766 2761 2628 2628 2624 2678 2637 2995 2830 2919 3105 3105 3686 4224 4237 4518 4845 5140 5948 5948 6165 6078 4862 4300 4285 4251 4611 5860 5860 6183 5682 5281 4586 3675 3340 3340 3861 4274 5293 5833 5395 5453 5582 5582 4825 4415 5317 5478 5613 5164 5369 5495 5495 5617 5758 5684 5663 5553 5442 5442 5650 5586 5477 5286 5602 5602 4269 3141 5687 5471 4706 4706 4800
3393 3393 3058 2168 2493 3326 4050 4106 3903 3615 3219 2766 2426 2311 2485 2485 2526 2422 2559 2629 2930 3520 3669 3645 3645 4237 4539 4998 5582 6102 6164 5135 4430 4297 4160 4105 4597 5484 5897 5562 5562 5653 5449 5050 3675 3812 3920 3920 4430 5188 5433 5395 5189 4845 4562 4562 4283 5317 5259 5303 5204 5160 5291 5373 5373 5815 5725 5758 5361 5730 5832 5839 5859 5817 5943 6217 6108 5864 5371 5472 4699 4563 4563 4504
3451 3451 3058 2168 2539 3159 3801 3854 3768 3617 3491 2901 2800 2595 2548 2708 2624 2624 2574 2798 3433 3850 3843 4167 4534 4049 4612 4950 5904 6563 5860 4866 4602 4281 4133 4251 5001 5846 5510 5350 5883 5883 5359 5050 4135 3767 3737 4432 4304 4304 5433 5131 4332 4139 4362 4204 4454 5345 5566 5578 5550 5596 5638 5909 5374 5608 5700 5641 6079 6594 6300 6071 6070 5859 5853 5935 5749 5522 5037 4796 4737 4377 4377 5201
3896 3446 3446 3498 3863 3796 3571 3263 3607 3588 3588 3053 2881 2599 2651 2821 2899 2626 2626 3186 2970 3049 3513 4578 4652 4342 5313 5313 5932 6563 5935 5185 4703 4400 4296 4646 5001 5406 5812 5444 5014 5411 5359 4524 4259 4392 4009 4581 4373 4240 5026 5363 5355 5085 4726 5313 5276 4843 5541 5742 5693 5693 5471 5909 5902 6112 5930 6134 6134 6759 6584 6128 5774 4668 4668 6229 5749 5553 5208 5213 4463 3013 4377 5201
4146 3872 3467 4402 5160 4384 3060 3263 3109 3322 3322 2910 3138 2972 3098 2740 2723 2780 3154 3108 3108 3229 3513 3920 4389 4454 4634 6333 5705 5905 5278 5106 5040 4427 5189 4646 5335 5780 5992 6286 5287 5232 5270 4683 4254 4438 4241 4575 4519 4240 4366 4675 5097 5491 5133 5218 5276 4910 5270 5756 5653 5412 5357 5708 5942 6041 5974 5868 6046 6046 6508 6066 5595 6162 6610 6229 5986 5300 5787 5046 3960 3529 4181 5190
3456 3192 3467 3539 3879 3792 3453 3474 3022 3043 3278 4379 4616 4616 4793 3016 3207 3002 2907 3080 3326 3229 3311 3435 3931 4571 4891 6097 5705 5115 5116 5116 5550 5482 4988 5391 5391 5602 5658 5981 5672 5069 4813 4758 4758 4750 4512 4884 4519 4010 4899 4899 5101 4686 4401 5153 5298 5322 5245 5342 5371 5412 5401 5866 6061 5941 5736 5868 6182 6213 6213 6413 6563 6611 6610 4646 4821 4821 5870 5698 4798 6301 5491 5739
3283 3192 3792 3340 3286 3350 3350 3019 2964 3426 3855 4034 4271 3849 4793 4018 3733 3856 3676 3786 3326 3194 3194 2976 3455 5142 5527 6097 6717 5991 5423 5906 5906 5616 5155 5414 5561 5600 5600 5382 5262 5069 4988 4978 4606 4606 4430 4814 4500 4839 5209 5395 5268 4517 4517 5151 5329 5381 5245 4895 5371 5343 5343 5635 5419 5226 5208 5511 5776 5388 5169 5169 5780 6611 5666 4961 5264 6204 6204 6033 5906 4988 6678 6194
3573 3796 3631 3377 3735 3909 4013 3473 3636 3935 3778 3470 3760 3849 3500 3451 3451 3495 3604 3963 4085 3971 3177 3523 3523 4976 5119 6253 6926 6307 5475 5829 5859 5628 5529 5780 5626 5423 4538 4538 5262 4845 4970 5032 5034 4417 4788 4788 4799 4807 4874 5694 6192 5585 5784 5784 5612 5586 5086 4895 4849 5004 5442 5578 5578 5119 5208 5745 6002 5683 5559 5969 5969 6391 6038 6435 6426 6212 5739 5739 5906 6462 6446 6322
3458 3759 3511 3366 3948 3809 4013 3741 3480 3480 3203 3635 3760 3793 3897 4010 4283 4283 4616 3963 3578 3934 4821 5216 5550 5550 5119 6109 6603 6009 5493 5681 5546 5628 5567 5350 5597 5008 4824 4164 4889 4889 5760 4808 4845 4417 4649 5214 4939 4939 4411 6057 6192 5929 5868 5448 5448 5141 5086 4889 5220 5650 5058 4742 4457 4457 5391 5289 5175 5243 5355 5106 5457 6000 5757 5626 6505 7033 6414 5840 5840 6240 6121 6094
3823 3365 3365 3207 3560 3809 3823 3496 2900 3084 3084 3715 4070 3776 3877 3926 4079 4226 4226 4247 3884 4377 4791 5013 5076 5362 5325 5769 6597 6365 5455 5435 5694 5854 5963 5492 5563 5508 4824 4180 4943 5551 5551 4227 4845 4708 3859 4353 4868 4748 4748 6057 5542 5047 4912 5490 5145 5213 5372 5414 5484 4891 3698 3680 4607 4501 4615 4913 5665 5975 5799 5551 5457 5645 5904 5939 6538 6082 6578 6355 6542 6150 6164 6789
3541 3125 3003 3003 3560 3222 3258 3094 3077 3109 3203 3274 4387 3923 3115 3180 3550 3829 4027 4027 4115 4303 4475 4757 4814 5001 5630 6086 6448 6448 5840 5924 6393 6126 5206 5079 5563 5590 5621 5232 5166 4962 4563 4238 4242 5125 5213 5315 5149 5676 6545 6144 5384 5046 4688 5202 5001 5052 5743 4895 4698 4466 3766 3637 4607 5069 4791 4698 5008 4896 5164 5460 5657 5939 5712 5712 6115 6082 6483 6517 6441 6160 6630 6789
3441 3282 3163 3314 3378 3354 3676 3646 3775 3393 3240 3274 3465 4064 3852 3343 3340 3829 4164 4487 4763 4718 4718 4766 4731 5061 5808 6427 6634 6461 5840 5865 5656 5072 4313 4156 5024 5024 4860 5165 5030 4709 4554 4238 4784 5490 5247 5161 5352 5645 6545 5690 5284 5093 4574 4845 4913 5052 5815 5674 4791 4484 4781 3637 4748 4594 4744 4575 4575 4516 5067 5296 5328 5545 5805 6182 6115 6179 6234 6857 7080 7197 6630 5946
4298 3833 3407 3338 3541 3668 3574 3866 3751 3507 3240 3036 3061 3208 3317 3317 3778 4027 3980 4079 4967 4794 4455 4794 4664 5108 5980 5933 6233 6461 6408 6136 6136 5499 4630 4610 4425 4750 4750 5459 5236 5211 4932 4601 5787 5787 5180 5205 5590 5645 5819 5213 4933 4933 4571 4748 4913 5071 5756 4895 4680 4700 4881 4520 5386 5354 4967 4528 4695 4630 5092 5154 5545 5296 6204 6182 7134 6890 6890 6391 6215 6674 5570 4958
4114 4016 3722 3338 3519 3759 3759 3686 3470 3384 3568 3394 3415 3355 3581 3445 3445 4132 4000 4121 4657 4597 4455 4615 4615 5384 5529 5143 6233 5869 5859 5548 5453 5453 5158 4742 4671 4570 4645 4645 5262 4960 4932 5195 5759 5200 5200 5326 5811 5949 5969 5288 4938 4645 4855 4812 5102 5202 5425 4720 4361 4700 4512 4512 5226 5062 5250 5138 4695 4937 4874 4874 5627 5724 4963 5741 6122 6600 5819 5819 5876 6933 5614 6157
4026 3656 3683 3391 3157 3488 3944 3875 3600 3600 3255 3732 3781 3473 3581 3795 3644 3644 3978 4046 4241 4597 4372 4530 4857 5313 5313 5778 5045 4883 4746 5092 5751 4838 4838 4742 5299 4273 4497 5593 5963 5585 5085 5516 6087 5920 6028 6105 6105 5705 5125 4955 4771 4618 4855 5753 5753 5534 5005 4713 4361 4346 5150 5178 5178 4423 4945 5138 5064 5153 5334 5927 5927 5761 4963 6158 5925 6636 6508 6194 6194 6933 6905 6006
3493 3657 3657 3566 3141 3453 4201 3875 3571 3743 3743 3539 3765 3473 3661 3793 3516 3542 3816 3816 4029 4482 4344 4172 3922 4327 5082 5778 4948 5267 5463 5033 5154 4923 4735 4735 4730 4287 4248 5670 5963 6059 5788 5788 6063 6762 6403 6546 5842 5349 5349 5294 4868 4618 4705 5526 5482 4958 4958 4211 4799 3951 4742 5159 4977 4977 4917 5400 5584 5133 5504 5970 5643 5643 5158 5649 5922 6293 6749 6418 6605 6605 6496 5614
3331 3391 2682 2682 1835 3384 4201 4191 4077 3505 3467 3466 3466 3297 3292 3734 3418 3518 3867 3919 4029 4328 4341 4121 4063 4186 4814 6036 6036 5589 5269 5564 5363 4923 4782 6095 4743 4434 4243 5842 6199 6482 6634 6532 5930 6762 6696 5809 4943 4791 5109 5109 4868 4958 5265 5316 4807 4044 4153 4153 4092 4431 5023 4985 5202 5367 4917 5672 5291 5180 5236 5626 5885 5429 5429 5736 6534 6321 6380 6418 6216 6548 6173 5414
3203 3315 3753 3753 2491 3384 3831 3954 4036 3659 3607 3450 2843 3823 3673 3576 3584 3483 3625 3919 4143 4233 4415 4441 4435 4364 4814 5401 5834 5121 5121 4909 5161 4770 5188 6181 6028 4434 4308 4799 6232 6976 5993 4906 5637 5637 4990 5278 4865 4730 4968 5119 6276 6753 6199 5282 4810 4017 4149 4260 4118 4942 5375 4837 4876 5367 5734 5054 4897 4773 4868 5171 5885 5954 5817 5341 5341 4530 5820 5874 5798 5749 5338 5496
3890 3778 3743 3743 2864 2904 3342 3558 3841 3592 3884 3896 2843 2878 3625 4191 3903 3532 3662 3906 4414 4471 4471 4408 4470 4368 4339 4450 4623 4740 4774 4909 4782 5257 5565 5438 5596 4850 5470 5822 5890 6141 5747 5635 4935 4891 4891 5234 4775 5290 5506 5119 5863 5863 5134 5094 4744 4233 4149 4257 4457 5515 5676 4946 5067 5301 4894 4732 4753 4753 5084 5620 5569 5501 5479 5381 5786 4530 5200 5383 5411 4982 5321 4899
3440 3415 3433 3149 2693 2904 4101 4101 4197 3877 3948 3896 3366 3419 3500 3500 4166 3833 3826 3995 4290 4356 4277 4311 4425 4265 4313 4536 4758 4817 4774 4917 4917 5246 5552 5297 4886 4752 5630 5630 6086 6339 6097 5635 5343 5428 5605 5605 5506 5439 5187 5248 5586 5178 5178 4558 5473 5318 5189 5305 5351 5349 5071 5383 5061 4866 4491 4289 3991 4586 5265 5666 5515 5278 5085 5389 5786 6079 6079 5146 4626 4526 4626 4899
4454 3367 3359 3192 2693 2623 3424 4002 4002 4175 3948 4091 3839 3885 4007 3991 4040 4040 4256 4329 4360 3962 4240 4311 4218 4342 4342 4626 4770 4817 4979 5251 5937 6191 6191 5544 5979 5831 5813 6013 6013 6212 6084 6219 6152 6187 5570 5641 6383 6232 5187 5105 5159 4792 4114 4114 5228 5310 5309 5355 5072 5483 5521 5521 5310 5235 5235 5230 5056 5135 5303 5303 5124 5212 5058 5203 5475 5494 5552 5552 5613 5549 5336 5361
3583 3976 4197 3192 2975 2854 2965 3433 3506 3446 3446 3417 3333 3291 3442 3991 4012 4116 4359 4359 4639 4004 4240 4595 4522 4396 4199 4199 4324 4854 5512 6185 6338 5025 4267 4267 5834 5926 6022 6146 6284 6102 6101 6298 6298 5875 6140 6120 6383 6382 5989 5938 5570 4641 5350 5306 5253 5250 5250 5411 5369 5409 4758 4758 4888 5133 5398 5566 5325 5325 5565 5018 5034 5034 4969 5203 4793 4743 4591 4733 4733 5134 5336 4875
4193 3972 3235 3204 4939 4483 3196 3177 3506 3751 3835 3818 3818 3731 3597 3512 3686 4000 4343 4439 4439 4188 4290 4666 4815 4840 4379 4738 4738 4946 5857 5209 5121 5323 5267 4864 5938 5751 5368 5997 6103 6103 6119 5904 6227 5571 5948 6089 5851 5712 5564 5254 5357 5010 5400 5400 5185 5131 5179 5559 5442 4931 4545 4868 4868 5249 5332 5332 5405 5533 5234 5257 4964 4728 4728 5011 4457 4428 4463 4224 4486 5134 5121 5794
4450 3425 3235 3130 3111 3327 3141 3147 3116 3507 3690 3925 3811 3811 3597 3661 3436 3848 4351 4365 3965 4188 4020 4348 4419 3735 3942 4780 5462 5462 5207 4793 5042 5164 5267 5271 5854 5854 5368 5094 5485 6003 6003 5798 5591 5615 5832 5695 5771 5489 5283 5342 5473 5010 5046 5046 4933 5350 5350 5486 5385 4878 4830 5389 5171 5389 5140 5140 5129 5512 4938 5141 4842 4832 4514 4514 4649 4380 4307 4127 4486 4901 4901 5485
3516 3425 3426 3584 3584 3499 3111 3203 3365 3687 3687 3770 3919 3784 3827 3978 3735 4203 4331 3951 3738 3969 4214 4430 4581 4435 4248 4780 5426 5199 4152 4088 4634 5059 5074 5408 5892 5835 5844 5566 5470 5802 6003 5887 5770 5770 6148 5955 5951 5906 5996 6098 5473 5502 5520 5093 5093 5294 5479 5479 5255 5189 5373 5625 5625 5173 5088 4957 4957 5356 4600 4998 4825 4832 4787 4532 4532 4627 4685 4931 4566 4506 4726 5465
