includes/gis/MODIS_ASCII/mod13q1_ndvi_2010_033.txt
ncols         829
nrows         925
xllcorner     164106.58989296
yllcorner     9637524.0094144
cellsize      264.9945474373
NODATA_value  -9999
[rows 456 to 493 of 925, columns 588 to 671 of 829]
4525 3735 4094 4284 3797 3545 3545 4403 4110 3929 3929 4287 4496 4350 4350 4311 4274 3741 3686 3084 2408 2084 2578 3009 2574 2742 2896 3004 3662 4178 3701 4068 4535 3520 3087 3298 3530 4092 4092 3381 3835 4128 4628 4270 4176 4402 4508 4336 4143 3811 3700 3668 3470 3523 4034 3812 4223 4530 4558 4530 4530 5530 5304 4623 3899 2943 2700 2684 3144 3019 2851 2570 3308 2948 3502 4377 4065 2979 2807 3335 3775 3660 3102 3519
4525 3803 3803 3652 3797 3784 3784 4386 4391 4221 4616 4911 4801 4467 4073 3985 4274 4053 3185 3241 2355 1961 2352 2671 2696 2865 2903 3336 3815 4135 3544 4023 5269 4184 2929 3298 3820 3370 2673 2990 2990 4042 3841 4104 4620 4404 3732 3480 3333 3472 3492 3474 3258 3254 3648 3812 3790 3808 4064 4448 4636 5530 5490 4656 3680 2861 2699 2726 2929 3019 2544 3251 3623 3068 2763 4377 4306 3260 3705 3705 3918 3660 3795 3981
3896 3699 3577 3577 3554 3527 3784 4386 4391 4391 4432 4696 5756 5756 5549 3985 4244 3853 3259 3244 2423 2150 2321 2644 2714 2975 3620 3382 3510 3800 3773 3773 3514 3251 3225 3393 4129 4379 4145 3865 3947 4045 4045 3826 3857 4123 3863 3183 3182 3513 3181 3056 2792 2942 3648 3563 3485 3464 3833 3861 3811 4838 4897 4650 3951 3364 3055 2726 2987 3383 2655 2607 2628 2571 2976 3258 3283 3094 3089 3020 3017 4053 4053 3935
3911 3743 3559 3637 3637 3443 3697 3871 4523 4523 5003 5039 5579 7008 5257 5257 5097 4463 4155 2907 2648 3008 2860 2801 2900 3190 3620 4518 4664 4664 3837 3377 3230 3215 3225 3554 4389 3934 3794 3672 4709 4904 4939 4516 4516 3677 2872 2872 3182 3493 3024 3130 3124 3340 3340 3429 3191 3300 3687 3940 3811 3850 4047 4184 4184 4140 3055 3037 3244 2935 3385 3549 3873 3235 2867 3343 3258 3291 3541 2628 2827 3680 3797 4066
3882 3906 3559 3792 3792 3840 4162 4370 4478 4478 4769 5152 4341 7008 6803 5880 5880 4416 3477 3113 3049 3034 3034 3149 3616 3190 4083 4843 4509 3561 3448 3906 3599 3599 3606 4681 3715 2735 3794 3672 4646 4694 4007 3530 3458 3152 2913 2947 2947 2787 2854 2743 2869 3468 3418 3057 3052 3213 3380 3940 3638 3553 3789 3992 4301 3554 3259 2918 3089 2581 3051 3198 3176 3226 3025 3310 3942 4160 3541 3352 3491 4463 4687 5202
3882 3906 3892 3926 4190 4190 4296 4695 4370 4083 4083 3914 3871 5969 4739 4106 3965 3828 3198 3409 3367 3428 3454 3355 3723 3723 4485 3852 4401 3634 3596 3906 4026 4136 4136 4147 3149 2940 2851 3047 4044 4044 3262 3268 3458 3152 3348 3520 2956 2460 2282 2771 3002 3479 3094 2857 3480 3480 3380 3592 3139 2614 2942 3746 4020 3837 3320 3083 2972 2972 3214 3469 3591 3694 4079 4489 4589 4207 3481 3352 3702 4609 4769 5485
4552 4552 3958 4608 5902 5902 4296 4924 4941 4030 3768 3231 3440 4827 4307 4259 4338 3828 3493 3761 3405 3440 3930 3775 4603 4811 4251 4251 4927 4826 3596 4386 4262 4182 4391 4240 3530 2940 2608 2543 2752 3736 2792 3268 3277 3277 3292 2832 2632 2435 2282 2462 2802 3114 2904 2612 2612 3717 3717 2820 2798 3071 3235 4139 3484 4199 4031 3306 3532 3251 3532 3904 3289 3323 3726 4136 4161 4427 2808 2804 2802 3718 3953 4575
5020 5020 5447 6393 5464 4967 4244 5122 4813 3973 3106 3357 4372 4240 4105 3604 3484 3572 3840 3840 3971 4651 5047 4781 4682 4206 3725 3606 4560 4826 4162 4516 4395 4332 4560 3825 3303 3303 2833 2473 2781 3667 2726 3356 3263 2623 2212 2212 2417 2449 2302 2512 2685 3085 3178 3138 2466 2858 2858 2887 3357 3647 3285 3742 3425 4006 3694 3757 3757 3251 3532 3850 3666 3382 3344 3764 3788 4427 3085 3085 2875 3100 3643 4333
3163 4134 4134 4977 4549 4967 4765 5419 3302 2788 3357 3909 4372 4566 4120 3604 3390 3574 4160 4365 4748 5488 5047 4730 4238 4038 3450 3418 4944 4944 5427 4814 5246 5283 5358 4323 3441 2775 2691 2691 2723 3303 2726 3073 2689 2541 2450 2641 3157 2700 2978 3164 3008 3409 3349 3138 2575 2798 3377 3786 3191 3613 3519 3519 3149 3507 3348 3482 4133 4133 4369 3239 3008 3273 3352 3051 2754 3656 3274 2837 2907 2907 3472 3635
2932 3552 4068 4068 4371 4088 5378 5222 2959 3107 3206 3588 4076 4595 4811 3914 3905 4264 4784 5090 4441 5488 5379 4008 3564 3444 4048 4246 4650 5266 5520 5233 5478 5244 4929 4323 3874 3474 2976 3276 3276 3510 2896 2768 2650 2984 3102 3160 3157 3381 3830 3830 3358 3563 3420 3527 3213 3279 3757 3740 3972 4364 3882 3051 2435 3315 3079 2235 3499 2684 2739 2739 3660 3015 2940 3051 2754 2703 2496 2943 2981 3120 3399 2889
3372 3552 4472 4044 3149 4088 4139 3715 3530 3364 3378 4014 4149 4998 4811 4453 4087 3675 4141 5080 5390 4718 4550 4550 3843 3528 3816 4209 5409 6089 5558 4467 5001 4562 4780 4785 3843 3947 3539 3021 3215 3479 3013 2430 2366 2902 3327 3160 3635 3500 3333 3099 3335 3335 3420 3221 3546 3695 3898 3746 3356 3732 3803 3803 2848 2296 2347 2235 2405 2373 2629 3363 3983 3015 2940 2536 2420 2365 2448 2657 2930 2865 2865 2828
3708 3501 3301 3071 3149 2802 2728 2814 3118 4282 4408 4014 4126 4621 5156 4768 3960 3621 3699 4308 4875 4263 3979 3835 4215 4215 4723 4209 5724 6134 5161 4043 4126 4667 4484 4484 3592 3674 3494 2866 3215 3148 2620 2917 3367 3367 3580 3381 3562 3748 3403 3703 3584 3235 3235 3028 3168 3448 3527 3478 3689 3489 3364 3339 2771 2394 2347 2927 2851 3320 3365 2107 3112 3633 3205 3184 2744 2399 2988 2657 2649 2691 2972 2968
3774 3774 3588 3448 3424 2838 2497 4581 5629 5629 4408 4137 4221 4643 5013 4630 4630 3567 3580 4110 4875 4289 4208 3959 4077 4703 4400 4866 4866 5126 5100 4036 4126 4482 4701 4116 2856 2993 3720 3130 2952 2869 3043 3515 3562 3717 3580 3730 3961 3898 3911 3647 3584 3200 3094 3231 3231 3304 3273 3478 3489 3360 3512 3339 2785 2394 2946 2946 2586 2391 2146 2015 2539 3184 3577 3425 3179 3103 3339 2536 2636 2722 2774 2581
3934 3765 3765 3177 3178 3519 3859 4235 5844 4517 4517 4140 4327 4459 4294 4670 4637 4235 4235 4110 4361 3970 3884 4471 4778 4703 4752 4303 4713 5095 4745 3456 3425 3376 4337 3827 2896 3611 3611 3130 2807 2796 3001 3759 3515 3717 3825 4119 4119 4143 3846 3531 3486 3315 3259 3265 3168 2828 3273 3469 3238 3145 3008 2825 2721 3031 3323 2993 2554 2554 2029 2103 2134 3054 3233 2517 3024 3024 3209 3199 2844 2851 3083 3147
3953 3626 3485 3619 3597 4207 4187 3955 5476 5466 4423 4656 4656 4798 4018 3561 4824 5199 4400 4771 4330 4330 4267 5376 4778 5288 4316 3336 4051 5042 3675 3456 3683 3356 3647 3359 3494 3596 3455 3455 2733 2634 2258 2976 3761 3708 4030 3878 4067 4360 4360 3531 3540 3545 3784 3369 3118 3199 3039 3523 3523 3654 3030 3176 2721 3061 3145 3343 3031 3029 3547 2103 2626 3255 3077 2474 2486 2767 3649 3649 3225 3057 3070 3022
3928 3547 3452 4149 4016 4207 3953 4061 4898 3441 3458 4634 4634 4767 4111 5643 5495 5199 4730 4811 3889 3979 4131 4453 6257 5488 3699 3361 3859 3869 3675 3300 3300 3723 4085 3727 3876 3596 3199 2462 2408 2408 2495 2775 3761 3709 3706 3715 3895 3889 4079 3600 3600 3811 3716 3555 3260 3199 2962 3016 3614 3710 3537 3537 3182 2764 3125 3414 4050 4106 4315 3437 3437 3329 2926 2642 2493 2767 2664 3195 3570 3493 3687 3400
3193 4096 4096 5865 5888 5082 4220 4238 4249 3625 3458 4135 4371 3927 3927 4617 5384 5081 5051 5036 4253 4073 4709 4694 4694 4129 3865 3961 3435 3869 4267 4559 4428 4660 4660 4591 4060 3783 3517 2877 2763 2571 2528 3306 4197 4451 4834 4559 4566 3885 4079 3703 3772 3451 3451 2897 3260 3231 2909 2823 2846 3000 3256 4210 4210 4294 2740 3111 2564 2506 3207 2933 2606 3189 2863 2595 2493 2152 2704 2788 3100 3100 3220 3400
6365 5421 4856 5865 5082 5082 4383 4142 4047 3625 3639 3678 3842 3383 3930 4862 5384 5256 5030 5033 4602 4275 4709 4485 4024 3905 3905 4099 3485 3400 3918 4250 4300 4447 4415 4636 4620 4272 4620 3951 3449 3346 3590 3306 4610 4610 4729 4575 4586 3885 3921 3420 3072 3222 3257 3309 3046 3211 3127 2672 2609 3079 3256 3902 5461 4514 2520 3155 2787 2787 3207 2442 2180 2350 2255 2595 2341 2122 2432 2595 2899 2748 2594 2128
6367 4416 4856 4915 4450 3695 3896 3896 4414 3504 3868 3871 4284 3826 4256 5203 5203 4976 5272 5203 4714 4342 4264 4164 4689 5254 5271 5296 5296 3400 3802 4211 4808 4506 4218 4522 4446 4563 4499 3923 3768 3513 3590 3702 4649 4683 4954 4954 5042 3985 3806 3796 3099 3290 3335 3309 3444 3444 3465 2936 2901 3079 3255 3324 3645 3640 2942 2784 2678 2900 2823 2509 2266 2184 2016 2158 2169 2253 2253 2543 3227 2748 2413 2187
5454 3085 3258 3978 4649 3768 3630 4158 4414 3762 3928 4215 5041 4542 4453 5452 5192 5393 5192 5192 4906 4424 4518 5589 5792 5703 5367 4191 4779 4737 4568 4272 4283 4304 4218 4208 4290 4530 4073 4073 3852 3513 3712 3839 4391 4430 4536 4392 4327 4327 3917 3407 3271 2928 3335 3227 3351 3419 3378 3176 2961 3024 3177 3191 3384 3557 2899 2430 2654 2976 2976 3151 2781 2184 2107 1809 1983 2163 2095 2364 2643 2825 2388 2259
3046 3085 3698 4600 4152 4631 4073 4210 3574 3467 3467 3910 5520 5466 4135 4700 5818 5326 4675 4563 4782 4958 4958 3528 3606 3255 3936 4191 3992 4294 4336 4156 4156 4304 4400 4608 4575 4418 4085 3755 3755 3926 4143 3958 3655 4606 4537 4392 4110 4059 4059 3365 3493 2854 3225 3187 3064 3160 3288 2948 2961 3171 2927 2970 3179 3039 2763 2536 2455 2400 2399 2399 2407 2700 1848 1598 1696 2089 2111 2027 2643 2572 2349 2308
2969 3442 4019 4348 3302 3951 4187 4956 3556 3309 3799 5472 5472 5655 4135 3870 4558 4223 4068 4370 4782 4255 3895 4582 4997 5186 3936 3559 3211 2909 4094 3949 4382 4547 4700 4804 4760 4495 4052 3559 3753 3537 3537 3522 3962 4507 4537 4146 4057 3760 3862 3779 3589 2854 3424 3498 3382 3273 3383 2983 3260 3394 3311 3311 3040 3069 2805 2468 2185 2191 2209 2333 2342 2577 1681 1624 1705 1790 1924 2027 3094 2348 2281 2383
2969 4034 3949 3949 3400 3881 4337 4956 4800 4629 5548 4967 4964 5480 5046 5046 3579 3273 3173 4370 4743 3721 3403 4220 3502 5186 5365 5131 4867 4385 4307 4321 4382 4630 4725 4725 4892 4766 4649 3559 3219 3123 3301 3643 3643 4674 4616 4037 3597 3920 3877 3734 3630 3599 3599 3566 3478 3553 3127 2851 3032 3092 3104 3128 3116 3069 2823 2423 2398 2318 2239 2105 2342 2095 1794 1669 1784 1643 1924 1710 2359 2344 2344 2592
4551 4416 4039 3636 3600 4024 4416 5707 4617 5631 5709 4624 4964 4324 4587 3596 2995 3106 3173 3432 4202 3860 3369 3693 3002 4206 4206 4064 3488 3764 3979 4321 4862 4899 4581 4547 4628 4628 4617 4182 3914 3071 3085 3415 3740 3765 3765 3118 3569 3877 3534 3683 3739 3760 3718 3629 3629 3562 3127 2782 2736 2668 2743 2751 2862 2849 2849 2427 2319 2329 2322 2105 2220 2035 1889 1889 2070 1784 1680 2042 2004 2304 2568 2336
3665 3456 5214 4057 3689 4024 5378 4157 4157 5465 4849 4624 4431 3955 4047 3814 3289 3631 3207 3764 4667 4005 4280 4379 3002 3309 3645 3321 3321 3454 3142 4397 4525 4518 4211 3966 4355 4215 3915 3111 3248 3787 3993 3305 3045 2961 3179 3515 3515 3676 3571 3683 3805 3828 3767 3643 3613 3430 3404 3161 2742 2510 2510 2871 2862 2766 2730 2479 2340 2201 2322 2093 2067 2046 2135 2135 1925 1728 1650 1830 1837 1912 2236 2107
3816 3409 4477 5303 3689 3930 4820 4270 5215 6183 4903 3968 3904 4107 4079 4388 3896 3631 4430 4430 4338 3814 3991 4148 3376 3500 3898 3686 3433 2962 2962 4181 4096 4075 3970 3775 3552 3849 2888 2785 2899 4034 3540 2343 3045 2820 3125 3851 3811 3691 3571 3703 3816 4075 3772 3437 3451 3430 3085 2821 2875 2803 2773 2871 2881 2771 2551 2174 2157 2157 2253 2110 2196 2167 2396 2131 1861 1690 1646 1733 1733 1864 2239 2368
3016 4103 4295 5307 5318 4118 3887 4386 6131 5348 3801 3801 3434 3188 3091 3362 3799 4053 3766 3425 3588 3588 4113 4392 3634 3894 3962 3695 3480 3348 2720 4088 4088 3959 3876 3705 3552 3505 3407 3836 4211 3939 4330 2343 2555 2730 3655 3907 3948 3503 3996 3996 4041 3910 3771 3643 3451 3397 3146 2956 2984 3091 2773 2972 3094 2996 2633 2223 2192 2014 2004 2212 2212 2315 2574 2464 2035 1690 1807 1882 1876 1868 2239 2293
3368 4279 4679 5125 4986 4096 3722 4826 5481 4693 4091 3591 3063 3063 3060 3606 4489 3890 3585 3356 3364 3403 3403 3648 3665 3722 3869 3484 4150 3348 3435 3886 2987 2606 2606 3705 3683 3789 4032 4704 4039 3969 4330 2544 2816 2902 3225 3655 4046 3503 3846 3976 3729 4023 3506 3643 3863 3878 3613 3587 3250 3377 3054 3766 3766 2800 2516 2285 2211 2338 2056 2229 2229 2424 2863 2430 2035 1928 1924 2046 1970 1848 2084 2262
3689 4479 5008 5236 5150 4255 3928 5537 6315 4693 5327 4090 3236 3079 3797 3797 4489 3981 3644 3292 3582 4180 3739 3390 4041 4309 4309 4929 4150 5156 4991 4215 2883 2844 3612 3206 3802 3853 4105 4420 4554 4458 3285 3748 3748 4004 4119 3845 4046 3828 3475 3181 3088 2761 2761 3461 3997 3646 3877 3450 3031 3085 3584 4130 3520 2735 2561 2352 2346 2338 2422 2286 2259 2259 2380 2474 2279 2139 2243 2266 2237 1848 2111 2225
4949 4473 4387 5236 4511 4511 4523 5420 6355 4374 4464 4263 4027 3876 4108 4278 3627 3933 4112 4281 4230 4180 4235 4325 4889 4425 4800 4929 5425 4641 4098 3908 3228 3609 3612 4174 3914 3402 3402 4004 4554 4190 4351 3857 4145 4053 3929 3845 3640 3848 3787 3426 3090 3176 3017 2721 2914 2914 3320 3564 2999 2710 2885 3554 3382 2803 2875 2479 2346 2639 2681 2486 2187 2173 2185 2474 2742 2474 2340 2098 1863 2003 2095 2176
4628 4581 4323 5169 4165 4013 5166 5878 5263 5263 3572 3799 3988 4076 4534 4509 3965 3788 4072 4072 4230 5257 4903 4835 4665 4118 4728 4223 3025 3025 3223 2959 3215 3609 4144 3341 3383 3390 3151 3418 4022 4000 3793 3961 4051 4076 3820 3595 3595 3816 3561 3853 3444 3176 3007 2974 2768 2656 2959 2959 2999 2539 2647 2886 2760 2655 2637 2859 2641 2826 2765 2550 2263 2238 2257 2456 2930 2753 2508 2303 2270 2003 2194 2192
4628 4018 5302 4936 4109 4266 5155 5521 4040 3926 4694 4351 3949 4076 4730 4431 3784 3728 4267 4046 4253 4745 3636 3899 4429 4346 4728 3360 3111 3449 3381 3381 3215 2911 3242 2936 3190 3724 3682 3430 3430 3301 3301 3558 3273 3188 3610 3662 3352 3256 3256 3355 3209 3106 2962 2531 2495 2471 2259 2903 2903 2347 2585 2783 2563 2575 2538 2975 3405 2789 2789 2560 2257 2373 2257 2396 2995 2995 2697 2676 2633 2815 2358 2181
4164 3585 3994 4353 3886 4492 5155 5303 3708 3456 4446 4011 3949 4290 4412 3930 3573 3634 3685 4046 3503 3247 3247 3758 4299 4346 4577 3125 3085 3419 3319 2931 3442 2817 2862 3758 3365 2617 2593 3105 3583 3854 3504 3501 3709 3604 3396 3125 2897 2852 2651 2779 3209 2900 2900 2546 2593 2476 2206 2460 2340 2330 2338 2441 2407 2575 2856 3742 3726 2987 2656 2560 2276 2373 2290 2301 2512 2838 2977 3071 3071 3097 3000 2177
4148 3826 3938 3872 3820 4492 5031 5843 4013 3578 3881 3605 4173 4173 4183 3931 3755 4045 3685 4203 3213 3034 3673 4447 4447 4050 4027 3525 3299 3718 3610 4179 4020 3790 3662 3662 3112 3311 3015 3309 3548 3682 3440 3198 3382 3604 3364 2922 2748 2848 3081 2779 2790 2790 2275 2607 2530 2169 2206 2289 2498 2592 2309 2309 2407 2591 2820 3391 3445 2735 2881 2604 2220 2493 2374 2310 2655 2772 2977 3015 3247 3247 3393 2315
4455 3949 3830 3581 3787 4203 4472 5546 4756 3883 3776 3605 4503 4165 3415 3415 3861 3985 3471 3858 3767 3553 4102 4241 3217 3992 3992 3672 3685 3381 3085 3907 4107 4046 3792 3507 3437 3311 3727 3559 3206 3573 3021 3198 3198 3382 3230 2662 2664 2632 2575 2829 2762 2546 2708 2787 2541 2169 2009 2120 2097 2324 2279 2254 2486 2687 2687 2889 2750 2735 2686 2734 2472 2639 2639 2408 2522 2709 2947 2977 3188 3315 3119 2324
4459 3654 3564 3085 3787 3627 3627 3685 3580 3577 4548 3575 3792 3740 3410 3841 4167 4167 4405 4855 4160 3477 3396 3786 3614 3983 3781 3861 3861 3801 3085 3202 3051 3248 4205 3601 3437 3615 3615 3458 2884 3134 2996 2688 2696 2632 2838 2591 2446 2434 2575 2627 2702 2723 2600 2444 2541 2043 2112 2248 2314 2236 2240 2249 2289 3033 3140 2889 2889 2561 2613 2617 2562 2335 2400 2431 2502 2709 3080 3102 3100 3073 3047 2783
3403 3267 3128 3085 3796 3932 4122 3743 3743 3304 3623 3902 3577 3093 3571 4171 3498 3584 3766 3766 4047 4097 3926 3758 4309 4310 3790 3650 3722 3860 3860 3850 3002 2725 3427 2664 3421 3518 3354 3083 2627 2598 2996 2979 3302 3067 2625 2804 2833 2434 2239 2410 2588 2716 2740 2274 2229 2439 2251 2251 2366 2294 2267 2328 2368 2353 2472 2537 2250 2518 2500 2399 2230 2378 2503 2509 2738 2838 3284 3333 3535 3216 3004 3096
4195 3267 3128 3102 3568 3702 3572 3661 3237 3231 3540 4009 3624 3560 3735 3888 4312 4146 4227 3474 4087 4087 3926 3857 3879 4472 3890 3455 3488 4015 3889 3889 3653 3445 4227 2664 3164 3420 3170 2665 2473 2598 2680 2694 3020 3475 3184 2740 2858 2651 2713 2713 2632 2688 2760 2309 2090 2365 2318 2091 2203 2203 2226 2180 1957 1898 2313 2419 2250 2254 2254 2019 2106 2284 2442 2714 2738 3520 3995 4113 3832 3577 3432 3096
