includes/gis/MODIS_ASCII/mod13q1_ndvi_2012_289.txt
ncols         829
nrows         925
xllcorner     164106.58989296
yllcorner     9637524.0094144
cellsize      264.9945474373
NODATA_value  -9999
[rows 333 to 369 of 925, columns 336 to 419 of 829]
2612 2698 2698 2669 3171 2790 2681 2681 2458 2754 3059 3325 3108 2809 2701 2653 2682 2736 2647 2695 2695 2721 2721 2500 2545 2545 2736 3070 3070 3024 3024 2617 2890 2788 3234 3063 3063 2997 2821 2383 2424 2428 2391 2391 2370 2399 2494 2768 2804 2540 2418 2488 2409 2590 2764 2987 2987 2554 2517 2424 2377 2583 2778 2778 2736 3106 3249 3532 3435 2907 2719 2719 2540 2830 2515 2387 2367 2367 2578 2753 2979 2847 2732 2627
2431 2472 2472 2661 3329 3170 2937 2758 2758 2747 3193 3342 3135 3096 2877 2874 2874 2946 2876 2695 2695 2703 2547 2547 2578 2578 2613 3070 3070 2929 2661 2661 2940 2937 3179 3096 3041 3041 3214 2383 2385 2596 2451 2412 2412 2483 2528 2522 2632 2432 2432 2516 2654 2590 2974 2987 2718 2511 2643 2690 2585 2583 2646 2555 2728 3106 3333 3123 2863 2682 2550 2548 2540 2384 2442 2376 2370 2433 2433 2549 2941 2897 2696 2678
2514 2700 2762 2997 3060 3171 3007 2908 2799 2642 2686 3342 3362 3120 3006 3424 3102 3102 2761 2799 2838 2838 2674 2674 2715 2578 2613 2717 2717 3146 2946 2946 2940 3133 3253 3233 3384 3422 3214 3086 3018 3142 2650 2478 2482 2483 2538 2532 2614 2521 2842 2842 2654 3071 3233 2928 2755 2886 2768 2652 2567 2641 2813 2720 2666 2921 2945 2721 2680 2509 2545 2511 2524 2628 2604 2586 2461 2632 2606 2549 2677 2967 2954 2868
3010 3850 3705 3204 3244 3299 3198 3262 2911 2705 2757 2872 3306 3270 3455 3315 2767 2605 2761 2631 2877 2877 2674 2674 2715 2715 2827 2890 3101 3101 2946 2946 3214 2929 3271 3367 3367 3321 3669 3669 3473 3173 2728 2717 2482 2565 2550 2550 2656 2656 2535 2832 3153 3153 3043 2661 2503 2886 3250 3420 3420 3345 3285 2925 2891 2618 2618 2540 2616 2668 2679 2511 2483 2472 2634 2837 2829 2620 2474 2565 2702 3252 3279 3192
3202 3850 3208 3208 3287 3243 3127 3262 2911 2762 2912 3032 3559 3706 3649 2976 2675 2675 2625 2631 2877 2877 2811 2811 2529 2529 2660 2890 3101 3101 3276 3276 3116 3116 2976 3107 3053 3321 3587 3163 2820 2837 2778 2792 2754 2755 2734 2795 2840 2840 2535 2735 3231 2856 2856 2544 2680 2610 2989 3066 3235 3235 3199 3019 2891 2703 2685 2685 2932 3191 2679 2594 2696 2789 2789 2935 2960 2620 2610 2431 2662 3035 3220 3116
2980 3894 3130 3292 3301 3315 3118 3262 2935 2717 2851 3147 3353 3706 3241 2789 2703 2744 2744 2805 3178 3170 2777 2615 2628 2736 2713 2942 2903 2903 3092 3092 3124 2855 2684 3000 2834 3275 3058 2895 2786 2779 2855 2879 2930 2880 2826 2933 2954 3174 2637 2671 2839 2708 2781 2781 2680 2740 3207 3256 3347 3238 3238 3019 2924 2802 2959 3052 3124 3124 3204 3237 3128 3167 3264 3264 2960 2953 2610 2601 2811 3097 3107 3055
2980 3493 3276 3389 3311 3311 3118 3042 2869 2921 3117 3017 3353 2957 2725 2528 2579 2934 2976 2976 3066 3281 2783 2580 2415 2443 2621 2898 2963 2861 2800 2806 3082 2617 2617 2685 2932 3157 3006 2871 2587 2574 2855 2980 2935 2868 2993 3151 2954 2833 2833 2873 2696 2742 2981 3704 3151 3529 3337 3156 2934 2862 3077 3077 2789 2946 3299 3625 3153 3124 3169 3014 3056 2936 2928 2615 2569 2569 2568 2522 2729 3256 3025 3025
2928 3617 3303 3302 3386 3381 3041 2996 2966 3004 3223 3510 2897 2678 2549 2444 2453 2747 3251 3133 3250 3013 2801 2605 2520 2513 2589 2616 2762 2797 2925 2806 3033 2865 2705 2851 2950 2857 2950 2710 2425 2477 2770 2822 2822 3176 3246 3151 2883 2735 2761 2761 2689 2857 3478 3704 3805 3525 2899 2655 2720 2862 2703 2884 2884 2998 3132 3229 3153 2759 2883 3044 3044 2713 2544 2535 2558 2912 2912 3452 3047 3127 3123 2927
2928 3732 3444 3387 3271 3381 3033 3033 2861 2970 3311 3453 2472 2472 2468 2432 2479 2672 2875 2956 2872 2807 2807 2537 2520 2551 2618 2567 2616 2616 2925 2840 2783 2832 2667 2733 2733 2857 2868 2759 2554 2507 2710 2747 2778 3084 2986 2958 2778 2812 2703 2770 2770 2892 3478 3813 3264 3346 2681 2644 2720 2743 2697 2792 3056 3247 3153 3116 2741 2619 2629 2916 2700 2713 2666 2711 2999 3032 2740 2740 3047 2869 2907 2749
2718 3464 3464 3514 3516 3261 3032 2885 2885 3320 3591 3226 2879 2520 2547 2568 2479 2644 2878 3011 2923 2954 2656 2537 2481 2537 2597 2632 2589 2685 2770 2880 2839 2660 2646 2841 2498 2498 2531 2568 2599 2699 2889 2903 2903 3052 2974 2763 2614 2575 2694 2692 2619 2805 3249 3322 2795 2673 2469 2604 2604 2720 2878 2974 3109 3156 3092 2928 2767 2611 2565 2665 2743 2795 2720 2615 2645 2646 2543 2532 2820 2974 2747 2565
2645 2824 2766 2766 3129 2921 2921 2933 3387 3478 3591 3248 2902 2552 2506 2568 2805 2805 3069 3041 2856 2571 2656 2584 2584 2632 2680 2621 2643 2685 2608 2608 2824 2901 2742 2676 2662 2559 2559 2555 2625 2758 2840 3232 3220 3220 3029 2786 2747 2999 2978 2892 2864 2864 2719 2747 2668 2589 2569 2450 2572 2692 2701 2901 3245 3125 2859 2754 2754 2786 2641 2772 2743 2769 2752 2626 2500 2753 2705 2532 2828 3050 2822 2591
2711 2711 2722 2722 2785 2970 2970 2836 3186 3478 3351 2817 2817 2607 2581 2755 2842 2953 2953 3025 3038 2571 2503 2556 2671 2671 2605 2679 2643 2711 2833 2976 2976 3199 2762 2648 2786 2862 2981 2981 2981 2817 2840 3109 2980 3012 2930 2930 2706 2881 2809 2803 2920 2737 2737 2632 2668 2581 2641 2652 2723 2971 2804 3145 3345 3000 3031 2732 2876 2876 2722 2772 2910 2871 2779 2779 2764 2995 2705 2658 2736 2706 2682 2617
2652 2652 3035 3035 3112 2958 2958 2836 3186 3197 3161 2939 2517 2403 2474 2388 2541 2541 2607 2630 2630 2426 2422 2584 2705 2754 2754 2738 2840 2924 3032 3123 3289 3289 2880 2648 2903 2989 2482 2331 2298 2576 2588 2556 2595 3081 3061 2876 2876 2976 2920 2813 2644 2570 2784 2784 2803 2734 3090 3550 3645 3645 3136 3268 3232 2914 2792 2792 2784 2776 2679 2695 2880 2952 3122 2815 2815 2995 2967 2902 2874 2732 2612 2617
2870 2870 3208 3035 3112 3076 2836 2864 2990 2775 2766 2907 2449 2403 2474 2474 2565 2720 2720 2672 2672 2426 2422 2692 2720 2739 2783 2738 2831 3055 3113 3164 2925 2925 2616 2771 2798 2617 2537 2396 2298 2339 2475 2475 2653 2790 3061 2964 3110 2992 2992 2905 3211 2570 2589 2700 2700 2667 2885 3320 2843 3296 3296 3150 3045 2673 2879 2778 2778 2771 2698 2751 2920 3121 2961 2961 2689 2681 2918 2922 2844 2559 2512 2439
2870 2870 3208 3561 3561 3404 2838 2838 2445 2445 2610 2562 2449 2400 2447 2640 2640 2584 2584 2672 2672 2549 2368 2439 2596 2855 2801 2607 2607 2814 2964 2964 2890 2616 2616 2724 2939 2763 2711 2396 2368 2431 2392 2435 2593 2657 3089 3211 3123 3076 3285 3285 3211 3266 3065 2859 2807 2807 2746 2884 2843 3024 3213 3213 3178 2915 2918 2651 2715 2649 2649 2572 2665 2674 3111 2973 2590 2590 2587 2646 2844 2578 2736 2736
2661 2882 2882 3410 3410 3425 2838 2838 2501 2445 2686 2742 2251 2251 2466 2649 2640 2584 2584 2649 2649 2696 2621 2918 2875 2855 2836 2642 2642 2875 2964 2890 2890 2733 2733 2554 2588 2588 2429 2541 2344 2396 2436 2359 2474 2657 2843 2899 2834 2839 2974 3088 3577 3402 3074 2897 2807 2780 2788 2884 3211 3335 3216 3341 3341 3375 3071 2947 2662 2653 2997 3442 2945 3137 3374 2768 2678 2772 2772 2646 2672 2510 2797 2936
2901 3116 3116 3488 3410 3425 2912 2912 2690 2593 2441 2441 2372 2354 2586 2782 2782 2581 2581 2542 2875 2696 2696 2688 2875 2815 2855 2792 2642 2960 2960 2719 2719 2419 2419 2324 2324 2588 2498 2590 2410 2488 2493 2425 2672 2672 2818 2784 2695 2643 2706 2812 3196 3014 2711 2806 2771 2887 2788 2788 3217 3267 3228 3286 3804 3536 3536 3047 2728 2700 2878 2964 3235 3235 3274 2809 2719 2684 2570 2570 2670 2750 2987 3124
3522 3116 3116 3488 3488 3459 3007 2870 2870 2583 2583 2590 2460 2401 2688 2748 2748 2581 2542 2542 2857 2857 2761 2688 2678 2678 2702 2792 3028 2934 2934 2689 2689 2359 2419 2324 2324 2383 2383 2570 2485 2456 2535 2524 2609 2843 2843 2702 2544 2597 2558 2812 2821 2821 2893 2845 2849 2870 3053 3240 3311 3311 3129 3665 3804 4067 4141 3333 3060 2883 2612 2964 2829 2959 2959 2644 2545 2684 2579 2695 2695 2745 2839 3011
3522 3864 3864 3702 3379 3566 3120 2773 2773 2600 2600 2716 2716 2797 2864 2641 2569 2569 2765 2765 2914 2914 2782 2593 2683 2890 2890 2734 2782 2624 2624 2689 2689 2359 2359 2287 2319 2470 2470 2525 2525 2540 2582 2524 2562 2640 2510 2510 2556 2511 2572 2511 2744 2855 2893 2893 2893 3039 3046 3329 3026 3060 3069 3665 3606 3275 3669 3916 3970 3262 2612 2719 2827 2773 2676 2658 2739 2563 2582 2747 2895 2895 2784 3011
3401 3765 3364 3702 3379 3379 3323 3012 3012 2791 2791 2716 2922 2922 2864 2641 2639 2639 2657 2657 2845 2914 2569 2630 2772 2919 2873 2876 2799 2624 2624 2626 2626 2447 2412 2412 2469 2470 2470 2779 2840 2840 2822 2808 2658 2652 2684 2628 2581 2581 2552 2505 2725 2688 2711 2781 2781 2746 2868 3273 2851 3060 2762 3225 2884 2941 3140 3169 2884 3262 2672 2573 2717 2883 2933 2846 2739 2678 2694 2860 3031 3014 3014 2936
3765 3765 3364 3364 3381 3381 3457 3347 3012 2791 2772 2772 2868 2868 2857 2673 2703 2703 2841 2657 2845 2895 2763 2832 3009 3241 3037 2876 2799 2799 2501 2561 2536 2536 2561 2561 2532 2884 2884 3339 3368 3034 3008 2737 2737 2805 2695 2628 2591 2520 2508 2508 2470 2568 2711 2601 2587 2638 2638 2989 2917 3190 3037 2877 2623 2793 2817 2980 2884 2857 2857 2972 3022 3089 3003 2670 2670 2752 2785 2832 3117 3482 3354 2628
3467 3467 3334 3334 3363 3363 3650 3347 2892 2892 3082 3082 2942 2942 2749 2772 2772 2703 2841 2781 2781 2826 2980 3069 3240 3232 2979 2942 2782 2857 2719 2719 2666 2666 2998 2998 3069 3335 3100 3694 3368 3302 3054 2830 2980 2933 2695 2655 2615 2675 2585 2668 2668 2568 2555 2676 2657 2830 2860 2860 2917 3106 3036 3018 3060 2978 2956 2861 2924 2825 3147 3147 3648 3768 3514 2979 3204 3574 3574 3811 3100 3280 3070 2539
3485 3485 3322 3322 3363 3363 3650 3775 3506 3506 3250 3250 2942 2942 2721 2772 2772 3116 3116 2879 2879 2919 3165 2895 2895 2978 2953 2667 2660 2857 2795 2795 2827 2827 3218 3218 3454 3335 3615 3694 3566 3364 3524 3477 3322 2933 2718 2632 2620 2552 2516 2533 2579 2601 2595 2788 2829 2753 2859 3089 2999 3257 3300 3429 3864 3842 3407 2861 2859 3135 3241 3140 2978 3238 3156 3028 3341 3209 2976 2976 3100 2752 2719 2684
3319 3319 3228 3228 3342 3626 3626 3787 3545 3545 3250 3250 3059 3059 2874 2877 2996 2936 2937 2811 2811 2743 2817 2846 3222 2978 2990 2667 2667 2773 2944 2944 3079 3262 3218 3454 3454 3145 3530 3530 3282 3290 3369 4103 3828 3143 3143 2975 2829 2643 2557 2604 2579 2523 2423 2675 2803 2713 2999 3089 3219 3108 3348 3402 3400 4108 4278 3337 3173 3020 3139 3257 2978 2880 2880 2960 2942 3063 2704 3002 3002 2641 2531 2739
3364 3234 3150 3160 3160 3400 3707 3708 3545 3407 3108 3245 3183 3183 3028 3102 3117 3117 2982 2868 2868 2873 2703 2777 2777 3264 3264 2889 2889 3160 3117 3079 3079 3262 3262 3203 3203 3073 3065 3075 3075 3157 3304 3571 3982 3255 2988 2988 3171 3154 3037 2604 2630 2731 2731 2744 2863 2974 3138 2882 2930 3227 3227 3411 3400 3302 3635 4015 3227 3260 3609 3257 3272 3033 2952 2952 2895 2904 2704 2708 2573 2573 2521 2710
3212 3074 3074 3109 3193 3114 3114 3130 3277 3476 3577 3577 3279 3122 3122 3073 3210 3177 3263 3113 2978 2873 2703 2783 2783 3466 3600 3276 3276 3089 3117 2957 2957 2857 2857 3153 3153 3142 3044 2971 2899 2899 3010 3322 3982 3892 3433 3287 3287 3112 3057 3214 3404 3483 3046 3102 3051 3051 2911 2927 3069 3222 3331 3411 3779 3428 3778 3280 3166 3749 3773 3512 3727 3307 3113 3204 2969 2904 2705 2541 2597 2747 2747 2849
2966 2966 2828 2888 2888 2996 3067 3401 3396 3396 3538 3564 3564 3151 3151 3145 3191 3191 3257 3258 3155 2978 2971 3197 3197 3459 3335 3349 3349 3270 3129 2971 2834 2749 2756 2960 3210 3189 3040 2813 2740 2789 2943 3322 3670 3362 3521 4238 3955 3432 3402 3402 3333 3412 3320 3195 2928 2714 2714 2891 3240 3523 3331 3155 3155 3720 3535 3053 3363 3739 3773 3822 4114 3924 3331 3103 2969 2876 2852 2587 2676 2891 2777 2777
3077 2832 2832 2833 2896 3110 3110 3701 3621 3664 3664 3660 3446 3087 3087 3071 3195 3370 3370 3326 3003 3092 3035 3307 3307 3415 3212 3177 3016 3270 3035 2951 2799 2642 2651 2684 3101 3101 3296 3284 3073 2973 3086 3295 3503 3503 3719 4270 3955 3560 3721 3761 3761 3629 3424 3195 3161 2931 3033 3033 3554 3523 3770 4043 4229 4229 3382 3520 3359 3240 3746 3977 4072 4098 3691 3206 3095 3095 3103 2938 2860 2882 2734 2396
2843 2792 2784 2926 2926 3401 3730 3730 3867 3717 3560 3424 3424 3187 3187 3100 3203 3515 3363 3229 3025 3025 3151 3302 3394 3561 3482 3188 3016 2963 2856 2885 2669 2723 2736 2746 2797 2894 2919 3023 3076 3167 3182 3403 3520 3466 3504 4270 4236 3953 3738 3776 3750 3750 3424 3500 3524 3325 3103 3385 3385 3677 4463 4376 4225 3747 3747 3754 3359 2925 3070 3717 3717 3604 3507 3673 3329 3474 3474 3089 2977 3247 2743 2502
2812 2688 2688 2783 3069 3069 3422 3422 3755 3509 3509 3448 3490 3490 3297 3297 3237 3509 3509 3415 3197 3318 3318 3487 3500 3633 3510 3179 2847 2847 2733 2812 2820 2917 2917 2864 2860 3037 3205 3172 3076 3288 3339 3445 3589 3399 3504 4028 4574 4371 4067 4101 3888 3530 3655 3542 3451 3247 3208 3363 3526 3655 3922 4118 4126 4179 4456 3754 3489 3413 4000 3887 3429 3369 3936 4156 3698 3603 3251 2994 2977 3220 2966 2526
2711 2783 2716 2716 3036 3147 3204 3414 3497 3437 3547 3547 3530 3530 3367 3291 3088 3286 3270 3445 3255 3809 3445 3568 3489 3323 3288 3288 3002 2823 2795 2841 2841 2885 2840 2840 2792 3075 3275 3262 3262 3304 3427 3599 3431 3373 3353 3686 3831 4234 3763 3419 3063 3530 3566 3498 3585 3722 3693 3657 3526 3606 3532 4200 4050 4521 4456 4562 4396 4324 4636 4298 3741 3451 3356 3356 3498 4023 3847 3287 3223 3223 3271 2874
2693 2752 2558 2716 2972 2972 3121 3121 3286 3286 3450 3528 3190 3429 3180 3189 3719 3458 3458 3809 4322 3451 3382 3504 3767 3302 3144 3172 2925 2925 2941 3028 3000 3000 2917 2874 3028 3028 3192 3067 3318 3318 3270 3290 3155 3129 3423 3568 3568 3758 3848 3654 3063 3337 3502 3502 3573 3695 3729 3657 3545 3461 4518 4518 4482 4167 4916 4687 4388 4248 5013 4298 3876 3673 3351 3546 3546 3773 3512 3287 3006 3075 3075 3481
2613 2607 2607 2506 2754 2753 3068 3173 3173 2797 2871 2871 2915 2915 3356 3290 3539 3608 3611 3481 3284 3308 3241 3330 3190 3190 3057 3057 3041 3050 3050 3047 3092 3041 2926 2926 2987 2987 3192 2763 2724 2869 3191 3191 3351 3129 3412 3593 3628 3574 3574 3654 3115 3154 3259 3639 3631 3578 3578 3459 3462 3928 4592 4032 4482 4090 4281 4723 4604 4446 4787 4787 4126 3756 3465 3596 3558 3517 3512 3242 2850 2772 2959 2959
2481 2541 2586 2580 2751 2751 2895 2895 2846 2804 2959 2959 3095 2970 3305 3305 3482 3482 3425 3425 3137 3308 2963 3134 3305 3274 3274 3013 3013 3370 3381 3234 3210 3081 3119 3119 2282 3049 3069 3068 2896 2821 3012 3482 3351 3422 3397 3683 3502 3151 3239 3558 3558 3704 3593 3377 3631 3560 3664 3664 3799 3740 3998 4032 3865 3865 3877 3648 3752 3893 4927 4299 4299 3815 3418 4019 3682 3517 3096 3046 2930 2964 2759 3041
2445 2479 2599 2599 2800 2800 2905 2773 2773 2785 2916 2916 3029 3029 3122 3153 3153 3341 3414 3165 2916 2774 2774 3323 3331 3331 3461 3428 2982 3051 2944 3183 3130 3266 3251 3312 2282 2808 2808 2950 2901 2682 2903 3058 3161 3441 3441 3242 2976 3151 3406 3608 3581 3581 3482 3377 3280 3437 3739 3962 3962 4164 3998 3810 3968 4479 4479 4419 3923 4262 4407 3777 3734 3734 3361 3876 3860 3449 3040 3157 3105 2926 2802 2856
2445 2606 2623 2623 2794 2755 2905 2773 2773 2776 2909 2909 3006 3126 3122 3219 3219 3397 3588 3588 3359 3251 3222 3300 3637 3637 3623 3460 3266 2967 3353 3284 3023 3023 2903 2988 2988 3029 3029 3217 3044 3044 2999 3183 3064 2965 4061 3768 2976 3219 3020 2983 3417 3499 3499 3547 3452 3400 3671 3738 3840 3840 3847 4086 4459 4748 4911 4404 4404 4262 4348 3978 3604 4136 4136 3876 4027 3669 3795 3795 3478 3209 2970 2882
2784 2879 2895 2864 2794 2755 2755 2863 2863 3152 3380 3287 3006 3126 3126 3208 3208 3438 3462 3506 3506 3251 3222 3237 3864 3230 3314 3768 3602 3404 3388 3594 3135 3135 3147 3312 3130 3130 3133 2520 2030 2186 1965 2848 3414 3181 3261 3379 3554 3781 3947 3612 3193 3276 3566 3292 3533 3304 3482 3744 3639 3838 3838 3674 4090 4537 4755 5044 4404 4583 3303 3664 3968 4222 4564 4647 3875 4428 3923 3273 3110 3051 2869 2886
